0 0.3138020833333333 0.07592592592592592 0.14322916666666666 0.15185185185185185
0 0.4471354166666667 0.08425925925925926 0.26614583333333336 0.1685185185185185
0 0.5747395833333333 0.03564814814814815 0.3609375 0.041666666666666664
0 0.3419270833333333 0.30324074074074076 0.4276041666666667 0.4824074074074074
0 0.7028645833333333 0.12546296296296297 0.22239583333333332 0.049074074074074076
0 0.19192708333333333 0.2324074074074074 0.1859375 0.08703703703703704
0 0.6192708333333333 0.2375 0.3385416666666667 0.04537037037037037
0 0.7020833333333333 0.35509259259259257 0.3802083333333333 0.1287037037037037
0 0.9416666666666667 0.4111111111111111 0.08125 0.040740740740740744
0 0.19010416666666666 0.4981481481481482 0.3802083333333333 0.09074074074074075
0 0.7703125 0.7425925925925926 0.37604166666666666 0.13148148148148148
0 0.953125 0.7699074074074074 0.078125 0.06018518518518518
0 0.5143229166666666 0.9763888888888889 0.0453125 0.04722222222222222
