0 0.31796875 0.016666666666666666 0.1046875 0.03333333333333333
0 0.44166666666666665 0.0763888888888889 0.04583333333333333 0.1527777777777778
0 0.21666666666666667 0.25046296296296294 0.26458333333333334 0.36203703703703705
0 0.5903645833333333 0.2050925925925926 0.33177083333333335 0.04722222222222222
0 0.5830729166666667 0.25555555555555554 0.43802083333333336 0.06111111111111111
0 0.4674479166666667 0.6597222222222222 0.6755208333333333 0.6805555555555556
0 0.10885416666666667 0.3699074074074074 0.209375 0.09907407407407408
0 0.7453125 0.39305555555555555 0.17708333333333334 0.11018518518518519
0 0.6421875 0.5657407407407408 0.428125 0.07407407407407407
0 0.06588541666666667 0.7768518518518519 0.13177083333333334 0.4462962962962963
0 0.8059895833333334 0.7587962962962963 0.2203125 0.21574074074074073
0 0.6145833333333334 0.9671296296296297 0.06875 0.06574074074074074
