0 0.3453125 0.04814814814814815 0.09479166666666666 0.0962962962962963
0 0.4825520833333333 0.05555555555555555 0.19010416666666666 0.1111111111111111
0 0.35078125 0.22962962962962963 0.4078125 0.43148148148148147
0 0.6919270833333333 0.07222222222222222 0.20572916666666666 0.044444444444444446
0 0.209375 0.1685185185185185 0.17708333333333334 0.07777777777777778
0 0.615625 0.17314814814814813 0.32083333333333336 0.040740740740740744
0 0.69140625 0.27824074074074073 0.35572916666666665 0.11388888888888889
0 0.9184895833333333 0.3287037037037037 0.07447916666666667 0.03518518518518519
0 0.19479166666666667 0.4050925925925926 0.38958333333333334 0.08055555555555556
0 0.7541666666666667 0.6180555555555556 0.35 0.11388888888888889
0 0.9236979166666667 0.6412037037037037 0.07135416666666666 0.05277777777777778
0 0.5739583333333333 0.899074074074074 0.15729166666666666 0.20185185185185187
0 0.11979166666666667 0.9513888888888888 0.23958333333333334 0.09722222222222222
0 0.6958333333333333 0.9768518518518519 0.04895833333333333 0.046296296296296294
0 0.4549479166666667 0.9842592592592593 0.0515625 0.03148148148148148
