0 0.3653645833333333 0.008333333333333333 0.2526041666666667 0.016666666666666666
0 0.6020833333333333 0.24166666666666667 0.353125 0.38333333333333336
0 0.2359375 0.14166666666666666 0.21145833333333333 0.08888888888888889
0 0.4119791666666667 0.1527777777777778 0.16041666666666668 0.09074074074074075
0 0.21640625 0.29444444444444445 0.09947916666666666 0.19444444444444445
0 0.32265625 0.611574074074074 0.0859375 0.6324074074074074
0 0.60390625 0.4787037037037037 0.4359375 0.10185185185185185
0 0.061197916666666664 0.4787037037037037 0.12239583333333333 0.06851851851851852
0 0.7596354166666667 0.5643518518518519 0.1609375 0.15833333333333333
0 0.6380208333333334 0.6842592592592592 0.278125 0.14629629629629629
0 0.15598958333333332 0.8592592592592593 0.31197916666666664 0.2814814814814815
0 0.6036458333333333 0.8870370370370371 0.4822916666666667 0.10740740740740741
0 0.1109375 0.9578703703703704 0.057291666666666664 0.08425925925925926
