0 0.3671875 0.17962962962962964 0.3729166666666667 0.3592592592592593
0 0.37578125 0.022222222222222223 0.04739583333333333 0.044444444444444446
0 0.51953125 0.02962962962962963 0.11197916666666667 0.05925925925925926
0 0.6877604166666667 0.024074074074074074 0.20260416666666667 0.040740740740740744
0 0.22526041666666666 0.1111111111111111 0.16927083333333334 0.07037037037037037
0 0.6109375 0.11481481481481481 0.30520833333333336 0.037037037037037035
0 0.6817708333333333 0.20925925925925926 0.334375 0.10185185185185185
0 0.19895833333333332 0.32314814814814813 0.39791666666666664 0.07222222222222222
0 0.7380208333333333 0.5101851851851852 0.32395833333333335 0.1
0 0.8971354166666666 0.5324074074074074 0.0640625 0.04814814814814815
0 0.6020833333333333 0.7699074074074074 0.20729166666666668 0.20833333333333334
0 0.24244791666666668 0.8388888888888889 0.48489583333333336 0.16666666666666666
0 0.2604166666666667 0.950462962962963 0.14166666666666666 0.09907407407407408
0 0.5317708333333333 0.9513888888888888 0.5260416666666666 0.09722222222222222
0 0.8263020833333333 0.9569444444444445 0.17864583333333334 0.08611111111111111
0 0.11666666666666667 0.9712962962962963 0.23333333333333334 0.05740740740740741
