0 0.42578125 0.0824074074074074 0.034895833333333334 0.1648148148148148
0 0.76796875 0.14722222222222223 0.07239583333333334 0.29444444444444445
0 0.14244791666666667 0.20601851851851852 0.16510416666666666 0.08611111111111111
0 0.5544270833333333 0.2111111111111111 0.15052083333333333 0.053703703703703705
0 0.309375 0.6092592592592593 0.3333333333333333 0.7814814814814814
0 0.19322916666666667 0.47824074074074074 0.22395833333333334 0.11388888888888889
0 0.7395833333333334 0.5509259259259259 0.26145833333333335 0.1
0 0.5458333333333333 0.6342592592592593 0.234375 0.1814814814814815
0 0.79296875 0.9296296296296296 0.4140625 0.14074074074074075
0 0.9638020833333333 0.9296296296296296 0.07239583333333334 0.07222222222222222
0 0.27291666666666664 0.9495370370370371 0.019791666666666666 0.10092592592592593
