0 0.4283854166666667 0.14074074074074075 0.2484375 0.2814814814814815
0 0.23984375 0.058333333333333334 0.16197916666666667 0.06481481481481481
0 0.6078125 0.0625 0.290625 0.03425925925925926
0 0.6736979166666667 0.1476851851851852 0.31614583333333335 0.09166666666666666
0 0.2078125 0.24953703703703703 0.3958333333333333 0.06388888888888888
0 0.728125 0.41574074074074074 0.3072916666666667 0.08888888888888889
0 0.86796875 0.4287037037037037 0.04739583333333333 0.03148148148148148
0 0.24453125 0.6569444444444444 0.4890625 0.22870370370370371
0 0.5971354166666667 0.6402777777777777 0.1921875 0.18055555555555555
0 0.19140625 0.8185185185185185 0.3828125 0.12962962962962962
0 0.60625 0.8157407407407408 0.6333333333333333 0.12222222222222222
0 0.6424479166666667 0.9708333333333333 0.044270833333333336 0.058333333333333334
