0 0.4734375 0.017592592592592594 0.4583333333333333 0.03518518518518519
0 0.43333333333333335 0.2513888888888889 0.678125 0.4305555555555556
0 0.6497395833333334 0.12222222222222222 0.23385416666666667 0.09074074074074075
0 0.24947916666666667 0.13055555555555556 0.115625 0.053703703703703705
0 0.0890625 0.38796296296296295 0.178125 0.11296296296296296
0 0.27109375 0.5550925925925926 0.3890625 0.07314814814814814
0 0.6927083333333334 0.837037037037037 0.4875 0.32592592592592595
0 0.26875 0.9120370370370371 0.1375 0.17592592592592593
0 0.03333333333333333 0.9722222222222222 0.06666666666666667 0.05555555555555555
0 0.15859375 0.9768518518518519 0.09739583333333333 0.046296296296296294
