0 0.21640625 0.024537037037037038 0.11302083333333333 0.049074074074074076
0 0.3375 0.13657407407407407 0.4197916666666667 0.27314814814814814
0 0.6494791666666667 0.01574074074074074 0.08229166666666667 0.03148148148148148
0 0.07109375 0.1875 0.11927083333333334 0.3509259259259259
0 0.6104166666666667 0.11018518518518519 0.30625 0.03888888888888889
0 0.6265625 0.17731481481481481 0.39895833333333336 0.09907407407407408
0 0.36822916666666666 0.7092592592592593 0.075 0.5814814814814815
0 0.6502604166666667 0.6171296296296296 0.49114583333333334 0.3287037037037037
0 0.020833333333333332 0.5162037037037037 0.041666666666666664 0.07685185185185185
0 0.14088541666666668 0.6972222222222222 0.28177083333333336 0.2351851851851852
