0 0.44166666666666665 0.16620370370370371 0.621875 0.33240740740740743
0 0.48541666666666666 0.018518518518518517 0.09166666666666666 0.037037037037037035
0 0.64140625 0.04212962962962963 0.21614583333333334 0.0787037037037037
0 0.27057291666666666 0.04861111111111111 0.10677083333333333 0.04722222222222222
0 0.12265625 0.2675925925925926 0.1734375 0.09444444444444444
0 0.29713541666666665 0.40555555555555556 0.35260416666666666 0.05925925925925926
0 0.6755208333333333 0.7518518518518519 0.4322916666666667 0.4962962962962963
0 0.3528645833333333 0.7226851851851852 0.2328125 0.20092592592592592
0 0.12265625 0.7398148148148148 0.2453125 0.11296296296296296
0 0.008333333333333333 0.8958333333333334 0.016666666666666666 0.14907407407407408
0 0.39140625 0.987037037037037 0.058854166666666666 0.025925925925925925
