0 0.31171875 0.06018518518518518 0.1546875 0.12037037037037036
0 0.5934895833333333 0.014351851851851852 0.31197916666666664 0.028703703703703703
0 0.196875 0.0824074074074074 0.16770833333333332 0.06111111111111111
0 0.48385416666666664 0.3907407407407407 0.5052083333333334 0.6777777777777778
0 0.7013020833333333 0.0962962962962963 0.1390625 0.06851851851851852
0 0.15911458333333334 0.27037037037037037 0.16822916666666668 0.37777777777777777
0 0.6171875 0.2013888888888889 0.328125 0.04351851851851852
0 0.7380208333333333 0.31157407407407406 0.16145833333333334 0.11944444444444445
0 0.059895833333333336 0.3902777777777778 0.11979166666666667 0.05092592592592592
0 0.6588541666666666 0.4787037037037037 0.18020833333333333 0.1388888888888889
0 0.35390625 0.8171296296296297 0.049479166666666664 0.36574074074074076
0 0.09192708333333334 0.8314814814814815 0.0703125 0.337037037037037
0 0.6596354166666667 0.8777777777777778 0.21302083333333333 0.24444444444444444
0 0.22291666666666668 0.9092592592592592 0.103125 0.1814814814814815
