0 0.26276041666666666 0.03657407407407407 0.19427083333333334 0.07314814814814814
0 0.5966145833333333 0.13657407407407407 0.3203125 0.27314814814814814
0 0.4234375 0.04490740740740741 0.14583333333333334 0.075
0 0.24947916666666667 0.16018518518518518 0.09166666666666666 0.1574074074074074
0 0.35052083333333334 0.4041666666666667 0.06666666666666667 0.4861111111111111
0 0.10104166666666667 0.2847222222222222 0.13645833333333332 0.09907407407407408
0 0.5963541666666666 0.30694444444444446 0.38645833333333335 0.08055555555555556
0 0.73359375 0.3726851851851852 0.14322916666666666 0.12314814814814815
0 0.6247395833333333 0.46435185185185185 0.2421875 0.11203703703703703
0 0.1828125 0.5944444444444444 0.365625 0.3055555555555556
0 0.59375 0.6166666666666667 0.4125 0.07777777777777778
0 0.23619791666666667 0.7379629629629629 0.1765625 0.20185185185185187
0 0.8234375 0.8680555555555556 0.353125 0.1175925925925926
0 0.96328125 0.8689814814814815 0.0734375 0.06574074074074074
0 0.5848958333333333 0.9222222222222223 0.18333333333333332 0.15185185185185185
0 0.05677083333333333 0.9689814814814814 0.04479166666666667 0.062037037037037036
