0 0.12526041666666668 0.06157407407407407 0.044270833333333336 0.12314814814814815
0 0.4973958333333333 0.031018518518518518 0.09583333333333334 0.062037037037037036
0 0.6986979166666667 0.014814814814814815 0.16302083333333334 0.02962962962962963
0 0.40234375 0.4041666666666667 0.06822916666666666 0.4861111111111111
0 0.19921875 0.2902777777777778 0.2703125 0.2490740740740741
0 0.6268229166666667 0.28935185185185186 0.3932291666666667 0.2101851851851852
0 0.10234375 0.8236111111111111 0.2046875 0.3527777777777778
0 0.6158854166666666 0.7587962962962963 0.48489583333333336 0.09722222222222222
0 0.60859375 0.8671296296296296 0.6515625 0.1287037037037037
0 0.17708333333333334 0.9634259259259259 0.020833333333333332 0.07314814814814814
