0 0.37395833333333334 0.026851851851851852 0.11875 0.053703703703703705
0 0.571875 0.009722222222222222 0.25625 0.019444444444444445
0 0.3528645833333333 0.04953703703703704 0.11302083333333333 0.075
0 0.2453125 0.20555555555555555 0.22604166666666667 0.30925925925925923
0 0.7046875 0.09583333333333334 0.20520833333333333 0.041666666666666664
0 0.565625 0.11481481481481481 0.10729166666666666 0.05185185185185185
0 0.41692708333333334 0.2513888888888889 0.3411458333333333 0.2638888888888889
0 0.5809895833333333 0.2 0.41822916666666665 0.053703703703703705
0 0.3106770833333333 0.5884259259259259 0.4984375 0.7027777777777777
0 0.7322916666666667 0.324537037037037 0.2635416666666667 0.06759259259259259
0 0.1265625 0.4736111111111111 0.21875 0.12314814814814815
0 0.6364583333333333 0.48055555555555557 0.40520833333333334 0.06481481481481481
0 0.7408854166666666 0.6523148148148148 0.46822916666666664 0.18981481481481483
0 0.9328125 0.6768518518518518 0.046875 0.037037037037037035
0 0.17135416666666667 0.8699074074074075 0.34270833333333334 0.14166666666666666
