0 0.60078125 0.20787037037037037 0.34427083333333336 0.3638888888888889
0 0.24296875 0.11342592592592593 0.20677083333333332 0.08425925925925926
0 0.41484375 0.12453703703703704 0.15677083333333333 0.08796296296296297
0 0.225 0.2574074074074074 0.09791666666666667 0.18518518518518517
0 0.33046875 0.5546296296296296 0.08072916666666667 0.5907407407407408
0 0.06744791666666666 0.4050925925925926 0.13489583333333333 0.1175925925925926
0 0.6018229166666667 0.43194444444444446 0.42239583333333336 0.09537037037037037
0 0.7528645833333333 0.5115740740740741 0.15572916666666667 0.14722222222222223
0 0.634375 0.6236111111111111 0.26875 0.1361111111111111
0 0.17161458333333332 0.8097222222222222 0.34322916666666664 0.33425925925925926
0 0.6010416666666667 0.8115740740740741 0.4625 0.09722222222222222
0 0.14192708333333334 0.9189814814814815 0.0828125 0.16203703703703703
