0 0.26119791666666664 0.01990740740740741 0.13802083333333334 0.03981481481481482
0 0.4479166666666667 0.10601851851851851 0.20833333333333334 0.21203703703703702
0 0.6044270833333333 0.014814814814814815 0.27760416666666665 0.02962962962962963
0 0.6666666666666666 0.09166666666666666 0.3 0.08333333333333333
0 0.225 0.18333333333333332 0.375 0.05740740740740741
0 0.7138020833333333 0.33055555555555555 0.2828125 0.07777777777777778
0 0.24609375 0.5425925925925926 0.4921875 0.19814814814814816
0 0.59296875 0.5287037037037037 0.17864583333333334 0.15555555555555556
0 0.19739583333333333 0.6777777777777778 0.39479166666666665 0.12037037037037036
0 0.6005208333333333 0.6791666666666667 0.5854166666666667 0.10462962962962963
0 0.6770833333333334 0.8935185185185185 0.12708333333333333 0.21296296296296297
0 0.3255208333333333 0.8981481481481481 0.023958333333333335 0.2037037037037037
