0 0.32369791666666664 0.04675925925925926 0.13802083333333334 0.09351851851851851
0 0.20390625 0.05740740740740741 0.16510416666666666 0.05925925925925926
0 0.484375 0.3472222222222222 0.4895833333333333 0.6388888888888888
0 0.6979166666666666 0.07083333333333333 0.13645833333333332 0.06574074074074074
0 0.16901041666666666 0.2351851851851852 0.16614583333333333 0.3574074074074074
0 0.61484375 0.17083333333333334 0.3203125 0.041666666666666664
0 0.7325520833333333 0.275 0.15677083333333333 0.11481481481481481
0 0.06640625 0.34675925925925927 0.1328125 0.05277777777777778
0 0.6549479166666666 0.43194444444444446 0.17447916666666666 0.13055555555555556
0 0.28463541666666664 0.7893518518518519 0.19947916666666668 0.4212962962962963
0 0.10026041666666667 0.8027777777777778 0.0828125 0.39444444444444443
0 0.6544270833333333 0.8171296296296297 0.20364583333333333 0.25277777777777777
