0 0.20598958333333334 0.007407407407407408 0.13385416666666666 0.014814814814814815
0 0.34348958333333335 0.009722222222222222 0.13697916666666668 0.019444444444444445
0 0.6825520833333333 0.10138888888888889 0.2328125 0.05462962962962963
0 0.26197916666666665 0.23287037037037037 0.478125 0.15092592592592594
0 0.5817708333333333 0.23472222222222222 0.14479166666666668 0.10277777777777777
0 0.2125 0.3194444444444444 0.425 0.1
0 0.5861979166666667 0.3314814814814815 0.4640625 0.06666666666666667
0 0.6817708333333333 0.4837962962962963 0.16979166666666667 0.16944444444444445
0 0.22578125 0.7023148148148148 0.4515625 0.5953703703703703
0 0.06953125 0.5726851851851852 0.1390625 0.0712962962962963
0 0.6541666666666667 0.7587962962962963 0.4864583333333333 0.09722222222222222
0 0.6653645833333334 0.9004629629629629 0.6078125 0.19907407407407407
