0 0.41484375 0.42268518518518516 0.8296875 0.8453703703703703
0 0.2903645833333333 0.05277777777777778 0.1640625 0.05925925925925926
0 0.6799479166666667 0.09027777777777778 0.18385416666666668 0.05092592592592592
0 0.5424479166666667 0.12962962962962962 0.16302083333333334 0.08703703703703704
0 0.7083333333333334 0.2671296296296296 0.27708333333333335 0.06574074074074074
0 0.83046875 0.2726851851851852 0.06927083333333334 0.04722222222222222
0 0.06875 0.3972222222222222 0.1375 0.11666666666666667
0 0.5434895833333333 0.4101851851851852 0.29322916666666665 0.10185185185185185
0 0.7484375 0.42314814814814816 0.12604166666666666 0.09444444444444444
0 0.35234375 0.9263888888888889 0.08697916666666666 0.14722222222222223
