0 0.3572916666666667 0.04814814814814815 0.2635416666666667 0.03333333333333333
0 0.6049479166666667 0.31574074074074077 0.3723958333333333 0.42777777777777776
0 0.21979166666666666 0.20277777777777778 0.22291666666666668 0.09814814814814815
0 0.40546875 0.21435185185185185 0.16822916666666668 0.10092592592592593
0 0.196875 0.3726851851851852 0.103125 0.2175925925925926
0 0.31145833333333334 0.687037037037037 0.08854166666666667 0.6259259259259259
0 0.6083333333333333 0.5819444444444445 0.46458333333333335 0.11574074074074074
0 0.046875 0.5884259259259259 0.09375 0.06574074074074074
0 0.77578125 0.6800925925925926 0.17135416666666667 0.18055555555555555
0 0.6463541666666667 0.8189814814814815 0.30104166666666665 0.1712962962962963
0 0.032552083333333336 0.9717592592592592 0.06510416666666667 0.05648148148148148
