0 0.25703125 0.11342592592592593 0.23697916666666666 0.22685185185185186
0 0.5838541666666667 0.055092592592592596 0.290625 0.03611111111111111
0 0.5768229166666666 0.09351851851851851 0.38177083333333334 0.046296296296296294
0 0.1671875 0.17916666666666667 0.18229166666666666 0.07314814814814814
0 0.4822916666666667 0.5666666666666667 0.56875 0.8481481481481481
0 0.7161458333333334 0.1962962962962963 0.15208333333333332 0.08148148148148149
0 0.12109375 0.40879629629629627 0.17447916666666666 0.462037037037037
0 0.6255208333333333 0.32175925925925924 0.3614583333333333 0.05277777777777778
0 0.7598958333333333 0.45694444444444443 0.18020833333333333 0.14907407407407408
0 0.03619791666666667 0.5527777777777778 0.07239583333333334 0.05555555555555555
0 0.6739583333333333 0.6652777777777777 0.203125 0.17685185185185184
0 0.3453125 0.9319444444444445 0.020833333333333332 0.1361111111111111
0 0.057291666666666664 0.950462962962963 0.022916666666666665 0.09907407407407408
