0 0.26979166666666665 0.052314814814814814 0.21458333333333332 0.10462962962962963
0 0.434375 0.12083333333333333 0.05 0.24166666666666667
0 0.6091145833333333 0.04583333333333333 0.31197916666666664 0.09166666666666666
0 0.19036458333333334 0.3578703703703704 0.28072916666666664 0.425
0 0.5950520833333334 0.30324074074074076 0.35885416666666664 0.05648148148148148
0 0.5875 0.3611111111111111 0.475 0.07037037037037037
0 0.35625 0.7185185185185186 0.55 0.562962962962963
0 0.09192708333333334 0.5064814814814815 0.18385416666666668 0.09814814814814815
0 0.7643229166666666 0.525 0.19427083333333334 0.13333333333333333
0 0.6541666666666667 0.7333333333333333 0.475 0.09074074074074075
0 0.7744791666666667 0.9189814814814815 0.121875 0.16203703703703703
0 0.6776041666666667 0.9638888888888889 0.09895833333333333 0.07222222222222222
