0 0.35911458333333335 0.030555555555555555 0.10677083333333333 0.06111111111111111
0 0.4041666666666667 0.014814814814814815 0.0625 0.02962962962962963
0 0.25234375 0.1736111111111111 0.22135416666666666 0.2935185185185185
0 0.70078125 0.06944444444444445 0.19947916666666668 0.03888888888888889
0 0.56484375 0.0875 0.1046875 0.049074074074074076
0 0.4200520833333333 0.2175925925925926 0.3328125 0.25
0 0.5796875 0.16898148148148148 0.40729166666666666 0.05092592592592592
0 0.31614583333333335 0.5314814814814814 0.48541666666666666 0.6574074074074074
0 0.7278645833333334 0.2865740740740741 0.25677083333333334 0.06388888888888888
0 0.13880208333333333 0.42777777777777776 0.21302083333333333 0.11666666666666667
0 0.6330729166666667 0.43425925925925923 0.3921875 0.06111111111111111
0 0.73515625 0.5935185185185186 0.4546875 0.17592592592592593
0 0.175 0.7953703703703704 0.35 0.12962962962962962
