0 0.32005208333333335 0.05277777777777778 0.25052083333333336 0.10555555555555556
0 0.6127604166666667 0.025925925925925925 0.21197916666666666 0.05185185185185185
0 0.18880208333333334 0.05925925925925926 0.14739583333333334 0.06666666666666667
0 0.33958333333333335 0.1537037037037037 0.28958333333333336 0.040740740740740744
0 0.61171875 0.49212962962962964 0.4171875 0.5453703703703704
0 0.18411458333333333 0.34444444444444444 0.2453125 0.12407407407407407
0 0.390625 0.3592592592592593 0.18645833333333334 0.1259259259259259
0 0.15026041666666667 0.5615740740740741 0.11197916666666667 0.28055555555555556
0 0.29921875 0.7805555555555556 0.0609375 0.4388888888888889
0 0.6190104166666667 0.8351851851851851 0.5369791666666667 0.15555555555555556
0 0.8153645833333333 0.9226851851851852 0.19739583333333333 0.15462962962962962
