0 0.3151041666666667 0.06574074074074074 0.25625 0.13148148148148148
0 0.590625 0.038425925925925926 0.2635416666666667 0.07685185185185185
0 0.18098958333333334 0.0837962962962963 0.15052083333333333 0.06944444444444445
0 0.334375 0.1837962962962963 0.296875 0.04351851851851852
0 0.6135416666666667 0.5435185185185185 0.43020833333333336 0.5833333333333334
0 0.17369791666666667 0.3851851851851852 0.2515625 0.12962962962962962
0 0.38619791666666664 0.4 0.1921875 0.13333333333333333
0 0.13645833333333332 0.6175925925925926 0.11458333333333333 0.30185185185185187
0 0.29609375 0.8074074074074075 0.0515625 0.3851851851851852
0 0.6223958333333334 0.9101851851851852 0.5583333333333333 0.1685185185185185
0 0.8591145833333333 0.9611111111111111 0.14114583333333333 0.07777777777777778
