0 0.278125 0.024074074074074074 0.171875 0.04814814814814815
0 0.43203125 0.028703703703703703 0.13072916666666667 0.05740740740740741
0 0.5098958333333333 0.023148148148148147 0.03854166666666667 0.046296296296296294
0 0.5924479166666666 0.11805555555555555 0.3067708333333333 0.2361111111111111
0 0.25677083333333334 0.1300925925925926 0.090625 0.14907407407407408
0 0.3567708333333333 0.36018518518518516 0.06354166666666666 0.45740740740740743
0 0.11302083333333333 0.24861111111111112 0.13333333333333333 0.09351851851851851
0 0.5947916666666667 0.26990740740740743 0.37604166666666666 0.075
0 0.7278645833333334 0.33240740740740743 0.1390625 0.11481481481481481
0 0.621875 0.4185185185185185 0.23541666666666666 0.1037037037037037
0 0.1859375 0.5310185185185186 0.371875 0.30092592592592593
0 0.5919270833333333 0.5606481481481481 0.3984375 0.07314814814814814
0 0.24739583333333334 0.6736111111111112 0.17083333333333334 0.18611111111111112
0 0.815625 0.7939814814814815 0.3458333333333333 0.11018518518518519
0 0.9557291666666666 0.8037037037037037 0.08854166666666667 0.08148148148148149
0 0.5830729166666667 0.8435185185185186 0.17552083333333332 0.14074074074074075
0 0.10729166666666666 0.9287037037037037 0.10416666666666667 0.1425925925925926
