0 0.20572916666666666 0.014351851851851852 0.090625 0.028703703703703703
0 0.39453125 0.10277777777777777 0.03802083333333333 0.20555555555555555
0 0.5596354166666667 0.017592592592592594 0.2526041666666667 0.03518518518518519
0 0.6885416666666667 0.05092592592592592 0.11145833333333334 0.07222222222222222
0 0.2526041666666667 0.1638888888888889 0.32083333333333336 0.18888888888888888
0 0.6028645833333334 0.10416666666666667 0.1828125 0.06388888888888888
0 0.5783854166666667 0.1884259259259259 0.3026041666666667 0.04351851851851852
0 0.31796875 0.25277777777777777 0.1328125 0.10555555555555556
0 0.1828125 0.48703703703703705 0.25729166666666664 0.4666666666666667
0 0.7395833333333334 0.3199074074074074 0.24791666666666667 0.06018518518518518
0 0.5713541666666667 0.34629629629629627 0.12916666666666668 0.07592592592592592
0 0.39348958333333334 0.5564814814814815 0.41510416666666666 0.40370370370370373
0 0.5919270833333333 0.4736111111111111 0.5140625 0.08055555555555556
0 0.11848958333333333 0.8009259259259259 0.23697916666666666 0.39814814814814814
0 0.7856770833333333 0.6643518518518519 0.3380208333333333 0.10648148148148148
0 0.9565104166666667 0.674074074074074 0.08697916666666666 0.07407407407407407
0 0.6666666666666666 0.9189814814814815 0.525 0.10833333333333334
0 0.07395833333333333 0.9532407407407407 0.14791666666666667 0.09351851851851851
