0 0.41302083333333334 0.15046296296296297 0.03958333333333333 0.30092592592592593
0 0.171875 0.04398148148148148 0.13645833333333332 0.04722222222222222
0 0.7911458333333333 0.2657407407407407 0.090625 0.39814814814814814
0 0.09583333333333334 0.3523148148148148 0.18333333333333332 0.10648148148148148
0 0.55703125 0.3587962962962963 0.16927083333333334 0.06759259259259259
0 0.2786458333333333 0.6842592592592592 0.37916666666666665 0.6314814814814815
0 0.14244791666666667 0.7041666666666667 0.2546875 0.14907407407407408
0 0.7716145833333333 0.8009259259259259 0.30364583333333334 0.13333333333333333
0 0.50625 0.8958333333333334 0.190625 0.20833333333333334
0 0.6536458333333334 0.9740740740740741 0.0625 0.05185185185185185
