0 0.6408854166666667 0.06574074074074074 0.1203125 0.08888888888888889
0 0.32109375 0.20879629629629629 0.45260416666666664 0.36944444444444446
0 0.18984375 0.09768518518518518 0.1265625 0.06574074074074074
0 0.050520833333333334 0.23935185185185184 0.10104166666666667 0.30648148148148147
0 0.61640625 0.20185185185185187 0.33177083333333335 0.046296296296296294
0 0.6401041666666667 0.2810185185185185 0.44375 0.11944444444444445
0 0.35520833333333335 0.7851851851851852 0.05625 0.42962962962962964
0 0.6645833333333333 0.8060185185185185 0.5510416666666667 0.38796296296296295
0 0.04114583333333333 0.9300925925925926 0.08229166666666667 0.1398148148148148
0 0.18515625 0.9481481481481482 0.1265625 0.1037037037037037
