0 0.7510416666666667 0.05138888888888889 0.03333333333333333 0.10277777777777777
0 0.19609375 0.0375 0.14427083333333332 0.06388888888888888
0 0.55234375 0.041666666666666664 0.12864583333333332 0.040740740740740744
0 0.34296875 0.5236111111111111 0.28489583333333335 0.9527777777777777
0 0.24921875 0.23333333333333334 0.19010416666666666 0.07962962962962963
0 0.7049479166666667 0.28379629629629627 0.21614583333333334 0.06944444444444445
0 0.5434895833333333 0.33935185185185185 0.19322916666666667 0.12314814814814815
0 0.75703125 0.5356481481481481 0.3609375 0.09537037037037037
0 0.30234375 0.7569444444444444 0.06822916666666666 0.4861111111111111
0 0.5463541666666667 0.7523148148148148 0.36354166666666665 0.15648148148148147
0 0.7981770833333334 0.7717592592592593 0.1546875 0.14537037037037037
0 0.020833333333333332 0.7643518518518518 0.041666666666666664 0.05092592592592592
