0 0.3614583333333333 0.024074074074074074 0.25729166666666664 0.03333333333333333
0 0.6033854166666667 0.2773148148148148 0.36302083333333335 0.4046296296296296
0 0.228125 0.17175925925925925 0.21666666666666667 0.09351851851851851
0 0.4088541666666667 0.18287037037037038 0.16354166666666667 0.09537037037037037
0 0.20677083333333332 0.33240740740740743 0.10104166666666667 0.20555555555555555
0 0.3145833333333333 0.6666666666666666 0.09270833333333334 0.6666666666666666
0 0.60546875 0.5282407407407408 0.4505208333333333 0.10833333333333334
0 0.05416666666666667 0.5337962962962963 0.10833333333333334 0.062037037037037036
0 0.7674479166666667 0.6203703703703703 0.16614583333333333 0.1685185185185185
0 0.6419270833333334 0.7490740740740741 0.2890625 0.15925925925925927
0 0.09140625 0.9185185185185185 0.1828125 0.16296296296296298
0 0.21536458333333333 0.9546296296296296 0.05572916666666667 0.09074074074074075
0 0.6046875 0.9555555555555556 0.4979166666666667 0.08888888888888889
