0 0.49921875 0.03425925925925926 0.10260416666666666 0.06851851851851852
0 0.2604166666666667 0.04490740740740741 0.33229166666666665 0.04537037037037037
0 0.6916666666666667 0.1587962962962963 0.24791666666666667 0.06018518518518518
0 0.24947916666666667 0.3037037037037037 0.49895833333333334 0.1685185185185185
0 0.5846354166666666 0.3055555555555556 0.15260416666666668 0.11481481481481481
0 0.20859375 0.4060185185185185 0.4171875 0.10092592592592593
0 0.5895833333333333 0.4148148148148148 0.49375 0.07407407407407407
0 0.6916666666666667 0.5879629629629629 0.18333333333333332 0.19444444444444445
0 0.32005208333333335 0.7490740740740741 0.10260416666666666 0.5018518518518519
0 0.054947916666666666 0.6912037037037037 0.10989583333333333 0.08055555555555556
0 0.13854166666666667 0.8986111111111111 0.27708333333333335 0.20277777777777778
0 0.6645833333333333 0.9069444444444444 0.528125 0.11388888888888889
0 0.39088541666666665 0.9787037037037037 0.0890625 0.04259259259259259
