0 0.2203125 0.022222222222222223 0.15104166666666666 0.044444444444444446
0 0.3731770833333333 0.025 0.050520833333333334 0.05
0 0.4864583333333333 0.2847222222222222 0.4666666666666667 0.5694444444444444
0 0.6916666666666667 0.02962962962962963 0.13020833333333334 0.05925925925925926
0 0.184375 0.17916666666666667 0.1625 0.32685185185185184
0 0.6119791666666666 0.12129629629629629 0.3072916666666667 0.037037037037037035
0 0.7234375 0.21666666666666667 0.14895833333333333 0.1037037037037037
0 0.07552083333333333 0.2625 0.15104166666666666 0.08611111111111111
0 0.6489583333333333 0.3592592592592593 0.165625 0.11666666666666667
0 0.3 0.7453703703703703 0.18645833333333334 0.5092592592592593
0 0.11354166666666667 0.7574074074074074 0.1 0.48518518518518516
0 0.6466145833333333 0.7018518518518518 0.19010416666666666 0.2222222222222222
