0 0.40677083333333336 0.15925925925925927 0.29270833333333335 0.31851851851851853
0 0.54453125 0.017592592592592594 0.0609375 0.03518518518518519
0 0.7151041666666667 0.010648148148148148 0.11875 0.021296296296296296
0 0.23255208333333333 0.08472222222222223 0.16510416666666666 0.06759259259259259
0 0.6096354166666667 0.08796296296296297 0.29739583333333336 0.037037037037037035
0 0.6778645833333333 0.17731481481481481 0.3255208333333333 0.09722222222222222
0 0.8895833333333333 0.2199074074074074 0.06145833333333333 0.032407407407407406
0 0.20104166666666667 0.2851851851851852 0.40208333333333335 0.06666666666666667
0 0.7315104166666667 0.4615740740740741 0.31197916666666664 0.09351851851851851
0 0.8791666666666667 0.475 0.04895833333333333 0.03148148148148148
0 0.017708333333333333 0.6240740740740741 0.035416666666666666 0.05185185185185185
0 0.5994791666666667 0.7032407407407407 0.19895833333333332 0.1935185185185185
0 0.24348958333333334 0.7578703703703704 0.4869791666666667 0.175
0 0.18802083333333333 0.8953703703703704 0.37604166666666666 0.14074074074074075
0 0.6096354166666667 0.8921296296296296 0.6598958333333333 0.13240740740740742
