0 0.4890625 0.03796296296296296 0.5416666666666666 0.07592592592592592
0 0.590625 0.012962962962962963 0.08125 0.025925925925925925
0 0.27447916666666666 0.046296296296296294 0.346875 0.06296296296296296
0 0.64921875 0.14722222222222223 0.1296875 0.10185185185185185
0 0.3033854166666667 0.31805555555555554 0.4901041666666667 0.4361111111111111
0 0.16354166666666667 0.1837962962962963 0.13541666666666666 0.075
0 0.03333333333333333 0.27314814814814814 0.06666666666666667 0.20185185185185187
0 0.6234375 0.30648148148148147 0.36041666666666666 0.053703703703703705
0 0.6502604166666667 0.4 0.48489583333333336 0.14074074074074075
0 0.34609375 0.8768518518518519 0.03802083333333333 0.2462962962962963
0 0.6763020833333333 0.9027777777777778 0.5609375 0.19444444444444445
