0 0.25729166666666664 0.021296296296296296 0.0875 0.04259259259259259
0 0.41770833333333335 0.0875 0.030208333333333334 0.175
0 0.5692708333333333 0.02962962962962963 0.24375 0.037037037037037035
0 0.303125 0.1439814814814815 0.259375 0.14166666666666666
0 0.56484375 0.1625 0.2421875 0.032407407407407406
0 0.2513020833333333 0.3800925925925926 0.20989583333333334 0.33611111111111114
0 0.5747395833333333 0.37175925925925923 0.4046875 0.058333333333333334
0 0.6309895833333333 0.6856481481481481 0.4036458333333333 0.075
0 0.7875 0.8865740740740741 0.21145833333333333 0.225
0 0.37942708333333336 0.9490740740740741 0.06302083333333333 0.10185185185185185
