0 0.44609375 0.12407407407407407 0.0421875 0.24444444444444444
0 0.30364583333333334 0.0699074074074074 0.18854166666666666 0.13055555555555556
0 0.5861979166666667 0.047685185185185185 0.2296875 0.030555555555555555
0 0.2578125 0.34953703703703703 0.20729166666666668 0.3212962962962963
0 0.5736979166666667 0.3425925925925926 0.39427083333333335 0.05740740740740741
0 0.41171875 0.7013888888888888 0.14739583333333334 0.5972222222222222
0 0.14505208333333333 0.45092592592592595 0.1890625 0.09444444444444444
0 0.7200520833333334 0.47314814814814815 0.1609375 0.10555555555555556
0 0.24322916666666666 0.7875 0.16979166666666667 0.425
0 0.628125 0.638425925925926 0.390625 0.07314814814814814
0 0.7783854166666667 0.8273148148148148 0.20364583333333333 0.21203703703703702
0 0.5328125 0.9726851851851852 0.042708333333333334 0.05462962962962963
