0 0.5013020833333334 0.01574074074074074 0.0828125 0.03148148148148148
0 0.31354166666666666 0.03611111111111111 0.2625 0.03333333333333333
0 0.16901041666666666 0.18796296296296297 0.1171875 0.053703703703703705
0 0.2635416666666667 0.287962962962963 0.3541666666666667 0.07592592592592592
0 0.5716145833333334 0.29768518518518516 0.37864583333333335 0.05092592592592592
0 0.37578125 0.6439814814814815 0.059895833333333336 0.5787037037037037
0 0.018489583333333334 0.5041666666666667 0.03697916666666667 0.11574074074074074
0 0.2578125 0.6337962962962963 0.159375 0.16018518518518518
0 0.62578125 0.6231481481481481 0.39010416666666664 0.07407407407407407
0 0.7546875 0.7476851851851852 0.19270833333333334 0.10833333333333334
0 0.4666666666666667 0.8287037037037037 0.15833333333333333 0.24259259259259258
