0 0.19375 0.07916666666666666 0.05416666666666667 0.15833333333333333
0 0.37109375 0.019444444444444445 0.0703125 0.03888888888888889
0 0.44453125 0.05185185185185185 0.018229166666666668 0.1037037037037037
0 0.5841145833333333 0.011574074074074073 0.2203125 0.023148148148148147
0 0.6552083333333333 0.049074074074074076 0.10625 0.03333333333333333
0 0.49557291666666664 0.07222222222222222 0.0859375 0.07037037037037037
0 0.41901041666666666 0.38796296296296295 0.05677083333333333 0.39814814814814814
0 0.24791666666666667 0.29583333333333334 0.228125 0.20462962962962963
0 0.6 0.25833333333333336 0.2875 0.046296296296296294
0 0.15442708333333333 0.7453703703703703 0.23072916666666668 0.5092592592592593
0 0.5908854166666667 0.7638888888888888 0.5421875 0.10555555555555556
0 0.33880208333333334 0.9407407407407408 0.0140625 0.11851851851851852
0 0.721875 0.9578703703703704 0.07604166666666666 0.08425925925925926
0 0.08984375 0.9796296296296296 0.0546875 0.040740740740740744
