0 0.321875 0.08981481481481482 0.16458333333333333 0.17962962962962964
0 0.56328125 0.08333333333333333 0.30364583333333334 0.03518518518518519
0 0.23828125 0.14583333333333334 0.1453125 0.05462962962962963
0 0.47291666666666665 0.28564814814814815 0.15 0.33240740740740743
0 0.6736979166666667 0.15833333333333333 0.1203125 0.05925925925925926
0 0.07864583333333333 0.36898148148148147 0.13229166666666667 0.38425925925925924
0 0.32526041666666666 0.4273148148148148 0.11510416666666666 0.42314814814814816
0 0.6010416666666667 0.24953703703703703 0.2833333333333333 0.03796296296296296
0 0.70546875 0.3449074074074074 0.1390625 0.10462962962962963
0 0.3736979166666667 0.812962962962963 0.0421875 0.37407407407407406
