0 0.3328125 0.07777777777777778 0.14895833333333333 0.15555555555555556
0 0.5622395833333333 0.06296296296296296 0.29739583333333336 0.03333333333333333
0 0.24505208333333334 0.12361111111111112 0.1421875 0.05092592592592592
0 0.4744791666666667 0.25555555555555554 0.14479166666666668 0.3148148148148148
0 0.6705729166666666 0.13518518518518519 0.1171875 0.05555555555555555
0 0.09192708333333334 0.33425925925925926 0.12447916666666667 0.362962962962963
0 0.33098958333333334 0.38981481481481484 0.11197916666666667 0.39814814814814814
0 0.5989583333333334 0.2222222222222222 0.2760416666666667 0.03518518518518519
0 0.7005208333333334 0.3125 0.13541666666666666 0.09907407407407408
0 0.3776041666666667 0.788425925925926 0.04479166666666667 0.42314814814814816
