0 0.35885416666666664 0.05138888888888889 0.11145833333333334 0.10277777777777777
0 0.5609375 0.020370370370370372 0.28229166666666666 0.02962962962962963
0 0.2604166666666667 0.07453703703703704 0.134375 0.04537037037037037
0 0.4783854166666667 0.19074074074074074 0.13489583333333333 0.2777777777777778
0 0.6630208333333333 0.08472222222222223 0.11041666666666666 0.05092592592592592
0 0.12135416666666667 0.25833333333333336 0.10729166666666666 0.31666666666666665
0 0.34348958333333335 0.3060185185185185 0.10364583333333334 0.3453703703703704
0 0.5947916666666667 0.16203703703703703 0.259375 0.03148148148148148
0 0.6895833333333333 0.2412037037037037 0.12604166666666666 0.08611111111111111
0 0.3828125 0.7347222222222223 0.057291666666666664 0.5305555555555556
0 0.03697916666666667 0.6861111111111111 0.07395833333333333 0.05185185185185185
