0 0.20911458333333333 0.07916666666666666 0.10364583333333334 0.04351851851851852
0 0.2950520833333333 0.15787037037037038 0.31302083333333336 0.06018518518518518
0 0.56640625 0.16527777777777777 0.3328125 0.03981481481481482
0 0.40078125 0.41712962962962963 0.043229166666666666 0.41574074074074074
0 0.052083333333333336 0.4361111111111111 0.10416666666666667 0.31666666666666665
0 0.30026041666666664 0.4148148148148148 0.13177083333333334 0.11481481481481481
0 0.6109375 0.4083333333333333 0.3302083333333333 0.05185185185185185
0 0.7190104166666667 0.4962962962962963 0.1609375 0.07592592592592592
0 0.47682291666666665 0.5518518518518518 0.13177083333333334 0.16666666666666666
0 0.35625 0.9273148148148148 0.027083333333333334 0.14537037037037037
