0 0.32473958333333336 0.009259259259259259 0.22447916666666667 0.018518518518518517
0 0.1859375 0.14166666666666666 0.11145833333333334 0.04814814814814815
0 0.2765625 0.23194444444444445 0.33645833333333336 0.06944444444444445
0 0.56953125 0.24027777777777778 0.35885416666666664 0.04722222222222222
0 0.38697916666666665 0.5435185185185185 0.052083333333333336 0.5037037037037037
0 0.03307291666666667 0.4722222222222222 0.06614583333333333 0.2
0 0.27708333333333335 0.5365740740740741 0.14583333333333334 0.1398148148148148
0 0.61953125 0.5287037037037037 0.3640625 0.06296296296296296
0 0.7388020833333333 0.6356481481481482 0.17864583333333334 0.09351851851851851
0 0.47109375 0.7046296296296296 0.1453125 0.2074074074074074
