0 0.22786458333333334 0.025925925925925925 0.09947916666666666 0.037037037037037035
0 0.3106770833333333 0.09444444444444444 0.29322916666666665 0.05185185185185185
0 0.5640625 0.10092592592592593 0.3104166666666667 0.03518518518518519
0 0.4122395833333333 0.3138888888888889 0.03697916666666667 0.35
0 0.06796875 0.39675925925925926 0.1359375 0.39537037037037037
0 0.32005208333333335 0.3143518518518518 0.11822916666666666 0.09722222222222222
0 0.6041666666666666 0.3087962962962963 0.303125 0.04537037037037037
0 0.7026041666666667 0.38287037037037036 0.146875 0.06388888888888888
0 0.48151041666666666 0.42777777777777776 0.1203125 0.13703703703703704
0 0.36822916666666666 0.837037037037037 0.040625 0.32592592592592595
0 0.6364583333333333 0.8337962962962963 0.44583333333333336 0.11018518518518519
0 0.03307291666666667 0.9611111111111111 0.06614583333333333 0.07777777777777778
