0 0.4427083333333333 0.15601851851851853 0.04375 0.2601851851851852
0 0.296875 0.09768518518518518 0.19375 0.13796296296296295
0 0.5880208333333333 0.07314814814814814 0.23645833333333333 0.03333333333333333
0 0.24765625 0.4 0.21302083333333333 0.34814814814814815
0 0.5755208333333334 0.3912037037037037 0.4114583333333333 0.062037037037037036
0 0.12760416666666666 0.5097222222222222 0.196875 0.10462962962962963
0 0.3729166666666667 0.7287037037037037 0.07083333333333333 0.5425925925925926
0 0.72890625 0.5337962962962963 0.16822916666666668 0.11574074074074074
0 0.22630208333333332 0.8226851851851852 0.18072916666666666 0.35462962962962963
0 0.6333333333333333 0.7166666666666667 0.4125 0.07962962962962963
0 0.7591145833333334 0.9041666666666667 0.1484375 0.19166666666666668
0 0.8809895833333333 0.9824074074074074 0.043229166666666666 0.03518518518518519
