0 0.21458333333333332 0.034722222222222224 0.028125 0.06944444444444445
0 0.5067708333333333 0.013888888888888888 0.0625 0.027777777777777776
0 0.43333333333333335 0.2513888888888889 0.04895833333333333 0.3138888888888889
0 0.27630208333333334 0.17962962962962964 0.2078125 0.1648148148148148
0 0.5927083333333333 0.15092592592592594 0.25729166666666664 0.03888888888888889
0 0.21302083333333333 0.5550925925925926 0.228125 0.44166666666666665
0 0.5815104166666667 0.5398148148148149 0.4630208333333333 0.07777777777777778
0 0.35494791666666664 0.8125 0.04010416666666667 0.375
0 0.09166666666666666 0.7032407407407407 0.18333333333333332 0.11203703703703703
0 0.7565104166666666 0.7226851851851852 0.19427083333333334 0.14907407407407408
0 0.2565104166666667 0.9361111111111111 0.050520833333333334 0.12777777777777777
0 0.646875 0.9569444444444445 0.47291666666666665 0.08611111111111111
