0 0.36640625 0.04490740740740741 0.09947916666666666 0.08981481481481482
0 0.5625 0.0125 0.275 0.025
0 0.2640625 0.0625 0.13229166666666667 0.04537037037037037
0 0.47942708333333334 0.175 0.1328125 0.26851851851851855
0 0.6611979166666667 0.07361111111111111 0.10989583333333333 0.049074074074074076
0 0.12786458333333334 0.24166666666666667 0.10364583333333334 0.3055555555555556
0 0.3463541666666667 0.2865740740740741 0.10208333333333333 0.33425925925925926
0 0.5940104166666667 0.14814814814814814 0.2557291666666667 0.02962962962962963
0 0.6872395833333333 0.225 0.1234375 0.08333333333333333
0 0.38359375 0.7226851851851852 0.058854166666666666 0.5546296296296296
0 0.04192708333333333 0.6458333333333334 0.08385416666666666 0.06574074074074074
