0 0.2598958333333333 0.018518518518518517 0.08541666666666667 0.037037037037037035
0 0.41432291666666665 0.08564814814814815 0.5411458333333333 0.1712962962962963
0 0.5346354166666667 0.019444444444444445 0.16822916666666668 0.03888888888888889
0 0.6533854166666667 0.025 0.0734375 0.03888888888888889
0 0.4002604166666667 0.40185185185185185 0.04739583333333333 0.43333333333333335
0 0.6127604166666667 0.4699074074074074 0.2557291666666667 0.10277777777777777
0 0.1015625 0.5356481481481481 0.17708333333333334 0.11944444444444445
0 0.2752604166666667 0.7138888888888889 0.37552083333333336 0.07962962962962963
0 0.8908854166666667 0.925 0.04010416666666667 0.15
0 0.6052083333333333 0.9824074074074074 0.10104166666666667 0.03518518518518519
