0 0.37734375 0.037037037037037035 0.08177083333333333 0.07407407407407407
0 0.62578125 0.005092592592592593 0.1421875 0.010185185185185186
0 0.26875 0.047685185185185185 0.13020833333333334 0.04351851851851852
0 0.48046875 0.1550925925925926 0.1296875 0.25833333333333336
0 0.6591145833333333 0.05740740740740741 0.10677083333333333 0.04814814814814815
0 0.13697916666666668 0.21851851851851853 0.09895833333333333 0.29259259259259257
0 0.35 0.2625 0.1 0.3175925925925926
0 0.5927083333333333 0.12916666666666668 0.25104166666666666 0.028703703703703703
0 0.6838541666666667 0.20277777777777778 0.12083333333333333 0.07962962962962963
0 0.3854166666666667 0.7074074074074074 0.06145833333333333 0.5851851851851851
0 0.0484375 0.5949074074074074 0.096875 0.0787037037037037
