0 0.21588541666666666 0.059722222222222225 0.1015625 0.041666666666666664
0 0.30052083333333335 0.13518518518518519 0.30625 0.05740740740740741
0 0.565625 0.14351851851851852 0.325 0.03888888888888889
0 0.4046875 0.38055555555555554 0.040625 0.3907407407407407
0 0.05755208333333333 0.4212962962962963 0.11510416666666666 0.34074074074074073
0 0.30755208333333334 0.37916666666666665 0.1265625 0.10833333333333334
0 0.6083333333333333 0.3731481481481482 0.32083333333333336 0.05
0 0.71328125 0.4564814814814815 0.15572916666666667 0.07222222222222222
0 0.4783854166666667 0.5078703703703704 0.12760416666666666 0.15648148148148147
0 0.359375 0.8949074074074074 0.034375 0.2101851851851852
0 0.7903645833333334 0.9560185185185185 0.1953125 0.08796296296296297
