0 0.5861979166666667 0.031018518518518518 0.2234375 0.025
0 0.6666666666666666 0.08888888888888889 0.10625 0.06296296296296296
0 0.4895833333333333 0.12175925925925926 0.10833333333333334 0.058333333333333334
0 0.2828125 0.15787037037037038 0.30104166666666665 0.04351851851851852
0 0.10546875 0.3625 0.1390625 0.07314814814814814
0 0.2109375 0.5032407407407408 0.4197916666666667 0.11018518518518519
0 0.5807291666666666 0.5175925925925926 0.4552083333333333 0.07407407407407407
0 0.35703125 0.8 0.0421875 0.4
0 0.24713541666666666 0.9518518518518518 0.0796875 0.0962962962962963
0 0.7778645833333333 0.9787037037037037 0.06927083333333334 0.04259259259259259
