0 0.6583333333333333 0.032407407407407406 0.1 0.05555555555555555
0 0.49244791666666665 0.06157407407407407 0.1015625 0.05092592592592592
0 0.2986979166666667 0.09259259259259259 0.28072916666666664 0.037037037037037035
0 0.13984375 0.26805555555555555 0.12760416666666666 0.062037037037037036
0 0.23958333333333334 0.38564814814814813 0.384375 0.09166666666666666
0 0.5760416666666667 0.3976851851851852 0.41354166666666664 0.062037037037037036
0 0.3653645833333333 0.7324074074074074 0.05572916666666667 0.5351851851851852
0 0.22421875 0.8083333333333333 0.1828125 0.20185185185185187
0 0.6375 0.7958333333333333 0.43854166666666666 0.09166666666666666
0 0.7846354166666667 0.9421296296296297 0.21927083333333333 0.11574074074074074
0 0.39348958333333334 0.950925925925926 0.0484375 0.09814814814814815
