0 0.2015625 0.09907407407407408 0.10625 0.044444444444444446
0 0.28932291666666665 0.18101851851851852 0.3203125 0.062037037037037036
0 0.5671875 0.18888888888888888 0.340625 0.04259259259259259
0 0.3966145833333333 0.4564814814814815 0.0453125 0.4425925925925926
0 0.04609375 0.4425925925925926 0.0921875 0.27037037037037037
0 0.29322916666666665 0.4532407407407407 0.13541666666666666 0.12129629629629629
0 0.61328125 0.44583333333333336 0.34010416666666665 0.05648148148148148
0 0.7247395833333333 0.5398148148148149 0.16614583333333333 0.08148148148148149
0 0.4747395833333333 0.5990740740740741 0.1359375 0.17962962962962964
0 0.3502604166666667 0.9629629629629629 0.022395833333333334 0.07407407407407407
