0 0.31354166666666666 0.052314814814814814 0.17708333333333334 0.10462962962962963
0 0.44921875 0.10462962962962963 0.04010416666666667 0.20925925925925926
0 0.584375 0.023148148148148147 0.22291666666666668 0.02962962962962963
0 0.2682291666666667 0.3037037037037037 0.20104166666666667 0.2962962962962963
0 0.5716145833333334 0.2986111111111111 0.37864583333333335 0.05277777777777778
0 0.16197916666666667 0.39814814814814814 0.18229166666666666 0.08703703703703704
0 0.44947916666666665 0.6462962962962963 0.20729166666666668 0.5814814814814815
0 0.7122395833333334 0.41805555555555557 0.15364583333333334 0.09537037037037037
0 0.018489583333333334 0.5046296296296297 0.03697916666666667 0.11481481481481481
0 0.2578125 0.7560185185185185 0.159375 0.487962962962963
0 0.6229166666666667 0.5694444444444444 0.37083333333333335 0.06481481481481481
0 0.76484375 0.7388888888888889 0.1921875 0.18888888888888888
