0 0.5997395833333333 0.1814814814814815 0.3380208333333333 0.34814814814814815
0 0.2484375 0.09212962962962963 0.203125 0.08055555555555556
0 0.41744791666666664 0.10138888888888889 0.15364583333333334 0.08425925925925926
0 0.23229166666666667 0.2300925925925926 0.09583333333333334 0.17685185185185184
0 0.33645833333333336 0.5111111111111111 0.07708333333333334 0.5592592592592592
0 0.07239583333333334 0.37083333333333335 0.14479166666666668 0.11203703703703703
0 0.6002604166666666 0.3962962962962963 0.4119791666666667 0.09074074074074075
0 0.7471354166666667 0.4726851851851852 0.15260416666666668 0.1398148148148148
0 0.6315104166666666 0.5777777777777777 0.2609375 0.12962962962962962
0 0.17473958333333334 0.7472222222222222 0.3494791666666667 0.32407407407407407
0 0.5989583333333334 0.7550925925925925 0.4479166666666667 0.09166666666666666
0 0.20911458333333333 0.8902777777777777 0.19114583333333332 0.21944444444444444
