0 0.29791666666666666 0.06388888888888888 0.4166666666666667 0.11296296296296296
0 0.5755208333333334 0.06574074074074074 0.125 0.07592592592592592
0 0.2546875 0.1287037037037037 0.3729166666666667 0.07222222222222222
0 0.5786458333333333 0.13842592592592592 0.396875 0.049074074074074076
0 0.65859375 0.24722222222222223 0.14114583333333333 0.12037037037037036
0 0.28125 0.4550925925925926 0.5375 0.5287037037037037
0 0.13072916666666667 0.29074074074074074 0.146875 0.08888888888888889
0 0.0125 0.3175925925925926 0.025 0.08148148148148149
0 0.6322916666666667 0.4375 0.396875 0.06574074074074074
0 0.6614583333333334 0.5504629629629629 0.534375 0.16944444444444445
