0 0.275 0.5 0.55 1.0
0 0.27630208333333334 0.11435185185185186 0.17239583333333333 0.06574074074074074
0 0.6885416666666667 0.15555555555555556 0.19583333333333333 0.05740740740740741
0 0.5424479166666667 0.20046296296296295 0.1734375 0.09907407407407408
0 0.7213541666666666 0.35555555555555557 0.2989583333333333 0.07407407407407407
0 0.8513020833333333 0.362962962962963 0.0765625 0.053703703703703705
0 0.54453125 0.5212962962962963 0.31614583333333335 0.11851851851851852
0 0.7640625 0.5361111111111111 0.13645833333333332 0.10925925925925926
0 0.053125 0.5421296296296296 0.10625 0.062037037037037036
0 0.7723958333333333 0.9611111111111111 0.13854166666666667 0.07777777777777778
