0 0.20260416666666667 0.14027777777777778 0.15208333333333332 0.28055555555555556
0 0.48854166666666665 0.24212962962962964 0.446875 0.4842592592592593
0 0.70703125 0.010185185185185186 0.07239583333333334 0.020370370370370372
0 0.60859375 0.07731481481481481 0.2942708333333333 0.03425925925925926
0 0.7158854166666667 0.16574074074074074 0.1421875 0.09444444444444444
0 0.08776041666666666 0.2013888888888889 0.15989583333333332 0.08981481481481482
0 0.6434895833333333 0.2953703703703704 0.1578125 0.10555555555555556
0 0.31328125 0.7074074074074074 0.17552083333333332 0.5851851851851851
0 0.125 0.7185185185185186 0.11666666666666667 0.562962962962963
0 0.6403645833333333 0.6013888888888889 0.17864583333333334 0.19537037037037036
