0 0.40078125 0.075 0.0359375 0.15
0 0.26458333333333334 0.11203703703703703 0.30833333333333335 0.17222222222222222
0 0.6002604166666666 0.05787037037037037 0.17447916666666666 0.06018518518518518
0 0.5763020833333333 0.13564814814814816 0.2890625 0.03981481481481482
0 0.328125 0.19305555555555556 0.12708333333333333 0.09537037037037037
0 0.20104166666666667 0.40324074074074073 0.24895833333333334 0.41574074074074074
0 0.73125 0.2537037037037037 0.23958333333333334 0.053703703703703705
0 0.56953125 0.27824074074074073 0.12239583333333333 0.06759259259259259
0 0.4005208333333333 0.46435185185185185 0.3927083333333333 0.35833333333333334
0 0.5885416666666666 0.3921296296296296 0.48541666666666666 0.07314814814814814
0 0.14921875 0.7208333333333333 0.2984375 0.5583333333333333
0 0.7700520833333333 0.5611111111111111 0.3151041666666667 0.09259259259259259
0 0.9255208333333333 0.5643518518518519 0.07083333333333333 0.05462962962962963
0 0.6572916666666667 0.7833333333333333 0.48854166666666665 0.09259259259259259
0 0.0875 0.8171296296296297 0.175 0.08981481481481482
0 0.75859375 0.9481481481481482 0.0796875 0.1037037037037037
0 0.5786458333333333 0.9685185185185186 0.15729166666666666 0.06296296296296296
