0 0.28125 0.046296296296296294 0.084375 0.09259259259259259
0 0.5841145833333333 0.05925925925925926 0.2734375 0.11851851851851852
0 0.37604166666666666 0.2152777777777778 0.052083333333333336 0.3675925925925926
0 0.15286458333333333 0.12824074074074074 0.12239583333333333 0.07685185185185185
0 0.5895833333333333 0.14537037037037037 0.33958333333333335 0.06111111111111111
0 0.7088541666666667 0.19537037037037036 0.12604166666666666 0.09444444444444444
0 0.2109375 0.3453703703703704 0.3625 0.2518518518518518
0 0.6125 0.2652777777777778 0.209375 0.08425925925925926
0 0.58515625 0.3768518518518518 0.35052083333333334 0.05740740740740741
0 0.28229166666666666 0.46435185185185185 0.15208333333333332 0.14351851851851852
0 0.7776041666666667 0.5560185185185185 0.296875 0.0824074074074074
0 0.1015625 0.7615740740740741 0.203125 0.47685185185185186
0 0.5768229166666666 0.5930555555555556 0.15260416666666668 0.10462962962962963
0 0.29140625 0.8023148148148148 0.3411458333333333 0.39537037037037037
0 0.6046875 0.774074074074074 0.61875 0.11666666666666667
0 0.20755208333333333 0.9138888888888889 0.043229166666666666 0.17222222222222222
0 0.4895833333333333 0.9550925925925926 0.053125 0.08981481481481482
