0 0.446875 0.04212962962962963 0.04375 0.08425925925925926
0 0.23697916666666666 0.16944444444444445 0.25104166666666666 0.31851851851851853
0 0.5869791666666667 0.1310185185185185 0.31145833333333334 0.041666666666666664
0 0.5799479166666667 0.17453703703703705 0.40989583333333335 0.05277777777777778
0 0.13802083333333334 0.2740740740740741 0.19583333333333333 0.08703703703703704
0 0.47213541666666664 0.6157407407407407 0.6161458333333333 0.7685185185185185
0 0.7307291666666667 0.2935185185185185 0.16458333333333333 0.09444444444444444
0 0.08541666666666667 0.5513888888888889 0.17083333333333334 0.5564814814814815
0 0.6333333333333333 0.4425925925925926 0.39479166666666665 0.06296296296296296
0 0.7822916666666667 0.6046296296296296 0.2 0.17962962962962964
0 0.6901041666666666 0.8601851851851852 0.228125 0.22037037037037038
