0 0.40598958333333335 0.03287037037037037 0.6015625 0.06574074074074074
0 0.42942708333333335 0.2962962962962963 0.7026041666666667 0.45925925925925926
0 0.653125 0.15833333333333333 0.240625 0.0962962962962963
0 0.24088541666666666 0.16620370370370371 0.11822916666666666 0.05648148148148148
0 0.08203125 0.4513888888888889 0.1640625 0.10277777777777777
0 0.2596354166666667 0.6226851851851852 0.40572916666666664 0.0787037037037037
0 0.8200520833333333 0.8768518518518519 0.04739583333333333 0.2462962962962963
0 0.6546875 0.9356481481481481 0.3572916666666667 0.1287037037037037
0 0.22213541666666667 0.9587962962962963 0.0796875 0.0824074074074074
0 0.9260416666666667 0.975462962962963 0.06354166666666666 0.049074074074074076
