0 0.4283854166666667 0.06944444444444445 0.034895833333333334 0.1388888888888889
0 0.765625 0.1310185185185185 0.065625 0.262037037037037
0 0.15104166666666666 0.17824074074074073 0.1625 0.0824074074074074
0 0.5541666666666667 0.18333333333333332 0.146875 0.05185185185185185
0 0.31536458333333334 0.5949074074074074 0.3255208333333333 0.8101851851851852
0 0.20286458333333332 0.43703703703703706 0.21822916666666667 0.10740740740740741
0 0.73359375 0.5055555555555555 0.25364583333333335 0.09444444444444444
0 0.5450520833333333 0.5833333333333334 0.22760416666666666 0.17037037037037037
0 0.7919270833333333 0.8629629629629629 0.4161458333333333 0.1388888888888889
0 0.95703125 0.8625 0.0859375 0.07314814814814814
0 0.27838541666666666 0.9157407407407407 0.027604166666666666 0.1685185185185185
