0 0.3190104166666667 0.055092592592592596 0.2515625 0.11018518518518519
0 0.6088541666666667 0.02824074074074074 0.22083333333333333 0.05648148148148148
0 0.1875 0.06388888888888888 0.14791666666666667 0.06666666666666667
0 0.3377604166666667 0.1597222222222222 0.2921875 0.041666666666666664
0 0.6119791666666666 0.5018518518518519 0.4197916666666667 0.5518518518518518
0 0.18229166666666666 0.3527777777777778 0.246875 0.12407407407407407
0 0.38958333333333334 0.36712962962962964 0.1875 0.12685185185185185
0 0.14791666666666667 0.5722222222222222 0.1125 0.2851851851851852
0 0.29739583333333336 0.7856481481481481 0.06145833333333333 0.4287037037037037
0 0.6197916666666666 0.8495370370370371 0.540625 0.15833333333333333
0 0.8192708333333333 0.9300925925925926 0.19479166666666667 0.1398148148148148
