0 0.44375 0.15092592592592594 0.6083333333333333 0.30185185185185187
0 0.6526041666666667 0.030555555555555555 0.18645833333333334 0.06111111111111111
0 0.2752604166666667 0.02962962962962963 0.10364583333333334 0.044444444444444446
0 0.13177083333333334 0.2388888888888889 0.16979166666666667 0.09074074074074075
0 0.3026041666666667 0.37037037037037035 0.34375 0.05740740740740741
0 0.6716145833333333 0.7310185185185185 0.4203125 0.537962962962963
0 0.35859375 0.6699074074074074 0.22552083333333334 0.18796296296296297
0 0.12708333333333333 0.6606481481481481 0.25416666666666665 0.15648148148148147
0 0.016927083333333332 0.8324074074074074 0.033854166666666664 0.1388888888888889
0 0.48828125 0.9527777777777777 0.24010416666666667 0.09444444444444444
0 0.7526041666666666 0.9708333333333333 0.07291666666666667 0.058333333333333334
