0 0.303125 0.020833333333333332 0.06041666666666667 0.041666666666666664
0 0.3846354166666667 0.15833333333333333 0.04739583333333333 0.31666666666666665
0 0.67578125 0.032407407407407406 0.07447916666666667 0.06481481481481481
0 0.17109375 0.07361111111111111 0.1171875 0.06944444444444445
0 0.5872395833333334 0.08888888888888889 0.32447916666666665 0.05555555555555555
0 0.7005208333333334 0.13472222222222222 0.11979166666666667 0.08425925925925926
0 0.22864583333333333 0.26805555555555555 0.34479166666666666 0.225
0 0.6083333333333333 0.19722222222222222 0.19895833333333332 0.07407407407407407
0 0.5822916666666667 0.2967592592592593 0.3302083333333333 0.05092592592592592
0 0.29765625 0.37407407407407406 0.14427083333333332 0.1259259259259259
0 0.14401041666666667 0.6657407407407407 0.2734375 0.5796296296296296
0 0.7604166666666666 0.4546296296296296 0.2760416666666667 0.07222222222222222
0 0.5744791666666667 0.4875 0.14270833333333333 0.09166666666666666
0 0.37942708333333336 0.7481481481481481 0.4609375 0.5037037037037037
0 0.5989583333333334 0.6435185185185185 0.5729166666666666 0.1
0 0.81328125 0.8842592592592593 0.3734375 0.13703703703703704
0 0.09895833333333333 0.9226851851851852 0.19791666666666666 0.15462962962962962
0 0.98046875 0.8731481481481481 0.0390625 0.046296296296296294
