0 0.7513020833333334 0.053703703703703705 0.034895833333333334 0.10740740740740741
0 0.19479166666666667 0.04212962962962963 0.14583333333333334 0.06388888888888888
0 0.55234375 0.04583333333333333 0.1296875 0.041666666666666664
0 0.34296875 0.5259259259259259 0.28489583333333335 0.9481481481481482
0 0.24765625 0.24027777777777778 0.19010416666666666 0.08055555555555556
0 0.7057291666666666 0.29074074074074074 0.21770833333333334 0.07037037037037037
0 0.54375 0.3476851851851852 0.19375 0.12314814814814815
0 0.7583333333333333 0.5462962962962963 0.36354166666666665 0.0962962962962963
0 0.30078125 0.762962962962963 0.0671875 0.4740740740740741
0 0.5463541666666667 0.7657407407407407 0.36666666666666664 0.15925925925925927
0 0.8002604166666667 0.7856481481481481 0.15572916666666667 0.14722222222222223
0 0.019010416666666665 0.774537037037037 0.03802083333333333 0.04537037037037037
