0 0.39765625 0.09027777777777778 0.03697916666666667 0.18055555555555555
0 0.6861979166666666 0.03333333333333333 0.10989583333333333 0.06666666666666667
0 0.25807291666666665 0.1398148148148148 0.3151041666666667 0.18333333333333332
0 0.6015625 0.08287037037037037 0.17916666666666667 0.062037037037037036
0 0.57734375 0.1638888888888889 0.29635416666666664 0.040740740740740744
0 0.3223958333333333 0.22592592592592592 0.13020833333333334 0.10185185185185185
0 0.19088541666666667 0.4486111111111111 0.25364583333333335 0.44166666666666665
0 0.7348958333333333 0.2898148148148148 0.24270833333333333 0.05740740740740741
0 0.5703125 0.3148148148148148 0.12604166666666666 0.07222222222222222
0 0.3966145833333333 0.5143518518518518 0.4046875 0.3824074074074074
0 0.5903645833333333 0.4356481481481482 0.5005208333333333 0.07685185185185185
0 0.12630208333333334 0.7560185185185185 0.2526041666666667 0.487962962962963
0 0.778125 0.6171296296296296 0.32708333333333334 0.09907407407407408
0 0.9403645833333333 0.6199074074074075 0.07552083333333333 0.05648148148148148
0 0.6625 0.8560185185185185 0.5083333333333333 0.10092592592592593
0 0.08020833333333334 0.8930555555555556 0.16041666666666668 0.09722222222222222
