0 0.3528645833333333 0.037037037037037035 0.08489583333333334 0.07407407407407407
0 0.20989583333333334 0.03935185185185185 0.16145833333333334 0.05648148148148148
0 0.48541666666666666 0.3175925925925926 0.4791666666666667 0.6129629629629629
0 0.6953125 0.052314814814814814 0.13333333333333333 0.062037037037037036
0 0.17552083333333332 0.2101851851851852 0.16458333333333333 0.34444444444444444
0 0.6138020833333333 0.14907407407407408 0.3140625 0.03888888888888889
0 0.7286458333333333 0.24953703703703703 0.153125 0.10833333333333334
0 0.07005208333333333 0.31527777777777777 0.14010416666666667 0.05648148148148148
0 0.65234375 0.4 0.1703125 0.12407407407407407
0 0.2916666666666667 0.7703703703703704 0.19375 0.45925925925925926
0 0.10677083333333333 0.7824074074074074 0.08854166666666667 0.4351851851851852
0 0.65078125 0.7657407407407407 0.1984375 0.2388888888888889
