0 0.20859375 0.02361111111111111 0.13177083333333334 0.04722222222222222
0 0.37552083333333336 0.029166666666666667 0.146875 0.058333333333333334
0 0.3484375 0.1037037037037037 0.278125 0.037037037037037035
0 0.6083333333333333 0.4074074074074074 0.3958333333333333 0.48703703703703705
0 0.2015625 0.27685185185185185 0.234375 0.1111111111111111
0 0.39765625 0.2902777777777778 0.17760416666666667 0.11388888888888889
0 0.17265625 0.4708333333333333 0.1078125 0.25092592592592594
0 0.30520833333333336 0.7356481481481482 0.07291666666666667 0.5287037037037037
0 0.6138020833333333 0.712037037037037 0.5015625 0.13518518518518519
0 0.029166666666666667 0.7148148148148148 0.058333333333333334 0.06666666666666667
0 0.7958333333333333 0.8282407407407407 0.18541666666666667 0.21388888888888888
0 0.5557291666666667 0.9453703703703704 0.12708333333333333 0.10925925925925926
