0 0.27317708333333335 0.010185185185185186 0.1015625 0.020370370370370372
0 0.4552083333333333 0.09305555555555556 0.19270833333333334 0.18611111111111112
0 0.6682291666666667 0.005555555555555556 0.14166666666666666 0.011111111111111112
0 0.6630208333333333 0.07037037037037037 0.2916666666666667 0.08148148148148149
0 0.23098958333333333 0.1587962962962963 0.36822916666666666 0.05462962962962963
0 0.7122395833333334 0.300462962962963 0.28177083333333336 0.075
0 0.246875 0.5009259259259259 0.49375 0.18703703703703703
0 0.5916666666666667 0.4875 0.175 0.14722222222222223
0 0.19947916666666668 0.6277777777777778 0.39895833333333336 0.11481481481481481
0 0.5981770833333333 0.6305555555555555 0.5692708333333333 0.09814814814814815
0 0.7192708333333333 0.8648148148148148 0.21666666666666667 0.26666666666666666
0 0.3296875 0.8703703703703703 0.028125 0.25925925925925924
0 0.016145833333333335 0.975 0.03229166666666667 0.04814814814814815
