0 0.2125 0.026851851851851852 0.11875 0.053703703703703705
0 0.33619791666666665 0.14027777777777778 0.42135416666666664 0.28055555555555556
0 0.6494791666666667 0.018055555555555554 0.08229166666666667 0.03611111111111111
0 0.06848958333333334 0.1935185185185185 0.1203125 0.3537037037037037
0 0.6104166666666667 0.11666666666666667 0.30833333333333335 0.040740740740740744
0 0.6270833333333333 0.18333333333333332 0.4010416666666667 0.1
0 0.36692708333333335 0.7138888888888889 0.07447916666666667 0.5722222222222222
0 0.6510416666666666 0.6291666666666667 0.4947916666666667 0.33425925925925926
0 0.019270833333333334 0.5259259259259259 0.03854166666666667 0.06851851851851852
0 0.13984375 0.711574074074074 0.2796875 0.2361111111111111
