0 0.30885416666666665 0.01712962962962963 0.140625 0.03425925925925926
0 0.4041666666666667 0.35555555555555557 0.8083333333333333 0.7111111111111111
0 0.6736979166666667 0.0412037037037037 0.17552083333333332 0.04722222222222222
0 0.5419270833333333 0.07685185185185185 0.15572916666666667 0.07962962962962963
0 0.69921875 0.20046296296296295 0.26197916666666665 0.058333333333333334
0 0.8153645833333333 0.20555555555555555 0.06614583333333333 0.040740740740740744
0 0.09036458333333333 0.31805555555555554 0.14010416666666667 0.10462962962962963
0 0.5424479166666667 0.3296296296296296 0.2765625 0.09074074074074075
0 0.7361979166666667 0.34120370370370373 0.11927083333333334 0.08425925925925926
0 0.3875 0.8587962962962963 0.27708333333333335 0.2824074074074074
0 0.6640625 0.9157407407407407 0.26875 0.1685185185185185
0 0.06927083333333334 0.9393518518518519 0.13854166666666667 0.062037037037037036
0 0.8434895833333333 0.9731481481481481 0.049479166666666664 0.053703703703703705
