0 0.37864583333333335 0.1925925925925926 0.7572916666666667 0.3851851851851852
0 0.67578125 0.03009259259259259 0.22447916666666667 0.04351851851851852
0 0.15729166666666666 0.11527777777777778 0.12083333333333333 0.075
0 0.5416666666666666 0.12407407407407407 0.23333333333333334 0.06481481481481481
0 0.7059895833333333 0.13240740740740742 0.1015625 0.06111111111111111
0 0.5671875 0.6949074074074074 0.6364583333333333 0.6101851851851852
0 0.6942708333333333 0.549537037037037 0.3260416666666667 0.1712962962962963
0 0.14140625 0.5634259259259259 0.15989583333333332 0.10092592592592593
0 0.25234375 0.9796296296296296 0.043229166666666666 0.040740740740740744
0 0.027083333333333334 0.9814814814814815 0.05416666666666667 0.037037037037037035
