0 0.3111979166666667 0.06296296296296296 0.15572916666666667 0.1259259259259259
0 0.5736979166666667 0.01712962962962963 0.3536458333333333 0.03425925925925926
0 0.19505208333333332 0.0875 0.16822916666666668 0.062037037037037036
0 0.48385416666666664 0.4 0.5083333333333333 0.687037037037037
0 0.70234375 0.10138888888888889 0.14010416666666667 0.06944444444444445
0 0.15703125 0.2777777777777778 0.16822916666666668 0.3814814814814815
0 0.6174479166666667 0.20787037037037037 0.3307291666666667 0.04351851851851852
0 0.7393229166666667 0.3199074074074074 0.16197916666666667 0.12129629629629629
0 0.05859375 0.40046296296296297 0.1171875 0.049074074074074076
0 0.6591145833333333 0.4888888888888889 0.18177083333333333 0.14074074074074075
0 0.35833333333333334 0.8231481481481482 0.03854166666666667 0.3537037037037037
0 0.090625 0.837037037037037 0.06770833333333333 0.32592592592592595
0 0.6213541666666667 0.8847222222222222 0.13645833333333332 0.23055555555555557
0 0.21953125 0.9162037037037037 0.10260416666666666 0.1675925925925926
