0 0.3255208333333333 0.041666666666666664 0.24270833333333333 0.08333333333333333
0 0.62265625 0.016666666666666666 0.18697916666666667 0.03333333333333333
0 0.1953125 0.03981481481481482 0.14479166666666668 0.06481481481481481
0 0.34322916666666664 0.13148148148148148 0.284375 0.03888888888888889
0 0.61015625 0.4527777777777778 0.4078125 0.5185185185185185
0 0.19192708333333333 0.3138888888888889 0.24010416666666667 0.11666666666666667
0 0.39348958333333334 0.3277777777777778 0.1828125 0.12037037037037036
0 0.16041666666666668 0.5199074074074074 0.11041666666666666 0.2675925925925926
0 0.3015625 0.7597222222222222 0.06770833333333333 0.48055555555555557
0 0.6169270833333333 0.7777777777777778 0.5213541666666667 0.14629629629629629
0 0.020052083333333335 0.7689814814814815 0.04010416666666667 0.04722222222222222
0 0.8065104166666667 0.8939814814814815 0.1921875 0.21203703703703702
