0 0.43125 0.053703703703703705 0.034375 0.10740740740740741
0 0.7625 0.11157407407407408 0.057291666666666664 0.22314814814814815
0 0.1625 0.14351851851851852 0.15833333333333333 0.07777777777777778
0 0.55390625 0.1486111111111111 0.1421875 0.049074074074074076
0 0.3221354166666667 0.5777777777777777 0.3151041666666667 0.8444444444444444
0 0.21432291666666667 0.38657407407407407 0.2109375 0.10092592592592593
0 0.7265625 0.45046296296296295 0.24375 0.08796296296296297
0 0.5447916666666667 0.5226851851851851 0.21875 0.15833333333333333
0 0.7911458333333333 0.7800925925925926 0.41770833333333335 0.1287037037037037
0 0.28489583333333335 0.875462962962963 0.036458333333333336 0.2490740740740741
0 0.36276041666666664 0.9833333333333333 0.0578125 0.03333333333333333
