0 0.27578125 0.02638888888888889 0.1734375 0.05277777777777778
0 0.4283854166666667 0.031018518518518518 0.13697916666666668 0.062037037037037036
0 0.5138020833333333 0.025925925925925925 0.04635416666666667 0.05185185185185185
0 0.5958333333333333 0.12175925925925926 0.3145833333333333 0.24351851851851852
0 0.2552083333333333 0.1361111111111111 0.090625 0.15
0 0.35520833333333335 0.36898148148148147 0.06354166666666666 0.462037037037037
0 0.11067708333333333 0.25555555555555554 0.13385416666666666 0.09444444444444444
0 0.5950520833333334 0.27685185185185185 0.3776041666666667 0.07592592592592592
0 0.72890625 0.3402777777777778 0.14010416666666667 0.11574074074074074
0 0.6223958333333334 0.42824074074074076 0.23645833333333333 0.10648148148148148
0 0.18515625 0.5439814814814815 0.3703125 0.30092592592592593
0 0.5921875 0.5712962962962963 0.4010416666666667 0.07407407407407407
0 0.2453125 0.6861111111111111 0.171875 0.18888888888888888
0 0.8213541666666667 0.8078703703703703 0.3572916666666667 0.11018518518518519
0 0.5830729166666667 0.8583333333333333 0.17760416666666667 0.1425925925925926
0 0.0984375 0.9365740740740741 0.09479166666666666 0.12685185185185185
