0 0.3111979166666667 0.07916666666666666 0.14635416666666667 0.15833333333333333
0 0.44453125 0.0875 0.2703125 0.175
0 0.5747395833333333 0.03981481481481482 0.36302083333333335 0.040740740740740744
0 0.34088541666666666 0.3106481481481482 0.4296875 0.487962962962963
0 0.70390625 0.13194444444444445 0.2234375 0.05092592592592592
0 0.19010416666666666 0.23935185185185184 0.18645833333333334 0.08796296296296297
0 0.6200520833333333 0.24444444444444444 0.34010416666666665 0.046296296296296294
0 0.70234375 0.362962962962963 0.3807291666666667 0.12962962962962962
0 0.9453125 0.42083333333333334 0.08020833333333334 0.03981481481481482
0 0.18958333333333333 0.5083333333333333 0.37916666666666665 0.09259259259259259
0 0.7705729166666667 0.7560185185185185 0.37552083333333336 0.13425925925925927
0 0.95703125 0.7842592592592592 0.07864583333333333 0.06111111111111111
