0 0.26953125 0.0962962962962963 0.2203125 0.1925925925925926
0 0.5825520833333333 0.03194444444444444 0.2838541666666667 0.03425925925925926
0 0.57578125 0.06805555555555555 0.3734375 0.04351851851851852
0 0.17630208333333333 0.15 0.17760416666666667 0.07037037037037037
0 0.4830729166666667 0.5120370370370371 0.5494791666666666 0.7944444444444444
0 0.7119791666666667 0.16620370370370371 0.14791666666666667 0.07685185185185185
0 0.13255208333333332 0.36666666666666664 0.17239583333333333 0.4351851851851852
0 0.6229166666666667 0.28564814814814815 0.35104166666666664 0.05092592592592592
0 0.7536458333333333 0.4115740740740741 0.175 0.1398148148148148
0 0.04348958333333333 0.5046296296296297 0.08697916666666666 0.05555555555555555
0 0.66953125 0.6074074074074074 0.19635416666666666 0.1648148148148148
0 0.34869791666666666 0.8962962962962963 0.028645833333333332 0.2074074074074074
0 0.06796875 0.912962962962963 0.03802083333333333 0.17407407407407408
0 0.57734375 0.9694444444444444 0.0453125 0.06111111111111111
