0 0.49765625 0.03611111111111111 0.10572916666666667 0.07222222222222222
0 0.259375 0.05 0.3333333333333333 0.046296296296296294
0 0.6911458333333333 0.16435185185185186 0.246875 0.06018518518518518
0 0.24947916666666667 0.31157407407407406 0.49895833333333334 0.1712962962962963
0 0.5848958333333333 0.31296296296296294 0.15416666666666667 0.11666666666666667
0 0.20833333333333334 0.4152777777777778 0.4166666666666667 0.10092592592592593
0 0.58984375 0.4236111111111111 0.49635416666666665 0.07685185185185185
0 0.6932291666666667 0.5990740740740741 0.18333333333333332 0.1962962962962963
0 0.34427083333333336 0.7541666666666667 0.052083333333333336 0.49166666666666664
0 0.053385416666666664 0.7041666666666667 0.10677083333333333 0.0824074074074074
0 0.1375 0.9060185185185186 0.275 0.18796296296296297
0 0.665625 0.9236111111111112 0.5322916666666667 0.11574074074074074
0 0.28958333333333336 0.9782407407407407 0.04583333333333333 0.04351851851851852
