0 0.425 0.08564814814814815 0.035416666666666666 0.1712962962962963
0 0.7690104166666667 0.15185185185185185 0.07447916666666667 0.3037037037037037
0 0.14010416666666667 0.21342592592592594 0.16666666666666666 0.08796296296296297
0 0.5552083333333333 0.21851851851851853 0.15104166666666666 0.05555555555555555
0 0.30807291666666664 0.6129629629629629 0.3359375 0.774074074074074
0 0.19088541666666667 0.4888888888888889 0.22552083333333334 0.11481481481481481
0 0.7408854166666666 0.562962962962963 0.2630208333333333 0.1037037037037037
0 0.5458333333333333 0.6472222222222223 0.23645833333333333 0.18333333333333332
0 0.78359375 0.9375 0.39427083333333335 0.125
0 0.965625 0.9458333333333333 0.06875 0.06944444444444445
0 0.2713541666666667 0.9583333333333334 0.017708333333333333 0.08333333333333333
