0 0.19609375 0.1486111111111111 0.1578125 0.2972222222222222
0 0.23619791666666667 0.008796296296296297 0.09322916666666667 0.017592592592592594
0 0.48776041666666664 0.25416666666666665 0.45260416666666664 0.5083333333333333
0 0.6994791666666667 0.015277777777777777 0.103125 0.030555555555555555
0 0.6091145833333333 0.09027777777777778 0.2984375 0.03611111111111111
0 0.71796875 0.17962962962962964 0.14427083333333332 0.0962962962962963
0 0.08229166666666667 0.2175925925925926 0.16145833333333334 0.09074074074074075
0 0.6450520833333333 0.31342592592592594 0.15989583333333332 0.10833333333333334
0 0.3098958333333333 0.7185185185185186 0.17916666666666667 0.562962962962963
0 0.12213541666666666 0.7296296296296296 0.1109375 0.5407407407407407
0 0.6421875 0.6296296296296297 0.18229166666666666 0.20185185185185187
