0 0.26848958333333334 0.12731481481481483 0.2078125 0.25462962962962965
0 0.6942708333333333 0.025925925925925925 0.19166666666666668 0.037037037037037035
0 0.5635416666666667 0.043055555555555555 0.10104166666666667 0.04722222222222222
0 0.4244791666666667 0.16018518518518518 0.3177083333333333 0.22777777777777777
0 0.5778645833333333 0.11712962962962963 0.3890625 0.04722222222222222
0 0.3268229166666667 0.44027777777777777 0.4630208333333333 0.5842592592592593
0 0.7177083333333333 0.22314814814814815 0.24270833333333333 0.05740740740740741
0 0.15989583333333332 0.35 0.20208333333333334 0.1037037037037037
0 0.6278645833333333 0.35648148148148145 0.37135416666666665 0.05555555555555555
0 0.7203125 0.4986111111111111 0.421875 0.15462962962962962
0 0.96640625 0.5592592592592592 0.0671875 0.05185185185185185
0 0.18098958333333334 0.6759259259259259 0.3619791666666667 0.11296296296296296
0 0.6963541666666667 0.950925925925926 0.215625 0.09814814814814815
