0 0.58671875 0.08888888888888889 0.2869791666666667 0.17777777777777778
0 0.26901041666666664 0.08148148148148149 0.08697916666666666 0.13703703703703704
0 0.36614583333333334 0.2875 0.057291666666666664 0.41203703703703703
0 0.1328125 0.18888888888888888 0.128125 0.08518518518518518
0 0.5919270833333333 0.20787037037037037 0.3578125 0.06759259259259259
0 0.7184895833333333 0.26435185185185184 0.13385416666666666 0.10462962962962963
0 0.19114583333333332 0.4324074074074074 0.38229166666666664 0.2851851851851852
0 0.6169270833333333 0.3421296296296296 0.22239583333333332 0.09351851851851851
0 0.5888020833333333 0.4675925925925926 0.37447916666666664 0.06481481481481481
0 0.26510416666666664 0.5671296296296297 0.16145833333333334 0.1638888888888889
0 0.7947916666666667 0.6726851851851852 0.31875 0.09537037037037037
0 0.5802083333333333 0.7166666666666667 0.16458333333333333 0.12222222222222222
0 0.04583333333333333 0.8634259259259259 0.09166666666666666 0.27314814814814814
0 0.18385416666666668 0.8643518518518518 0.190625 0.2712962962962963
0 0.6111979166666667 0.9273148148148148 0.6723958333333333 0.13796296296296295
