0 0.7536458333333333 0.06759259259259259 0.040625 0.13518518518518519
0 0.18697916666666667 0.06620370370370371 0.14791666666666667 0.06759259259259259
0 0.553125 0.07083333333333333 0.13333333333333333 0.04351851851851852
0 0.3377604166666667 0.5375 0.2921875 0.925
0 0.23984375 0.2740740740740741 0.1953125 0.08703703703703704
0 0.7109375 0.3287037037037037 0.22395833333333334 0.07407407407407407
0 0.5440104166666667 0.38842592592592595 0.19947916666666668 0.13055555555555556
0 0.76640625 0.6 0.3765625 0.10185185185185185
0 0.29635416666666664 0.7888888888888889 0.06145833333333333 0.4222222222222222
0 0.5471354166666667 0.836574074074074 0.3807291666666667 0.1712962962962963
0 0.8106770833333333 0.8578703703703704 0.16197916666666667 0.15833333333333333
