0 0.33697916666666666 0.041666666666666664 0.18541666666666667 0.08333333333333333
0 0.5729166666666666 0.031018518518518518 0.2625 0.032407407407407406
0 0.34765625 0.07916666666666666 0.11614583333333334 0.0787037037037037
0 0.23619791666666667 0.24583333333333332 0.23072916666666668 0.33055555555555555
0 0.7098958333333333 0.1287037037037037 0.21145833333333333 0.044444444444444446
0 0.56640625 0.14814814814814814 0.1109375 0.05555555555555555
0 0.41354166666666664 0.2949074074074074 0.35208333333333336 0.2824074074074074
0 0.5825520833333333 0.23981481481481481 0.4317708333333333 0.05740740740740741
0 0.3033854166666667 0.6393518518518518 0.5151041666666667 0.7212962962962963
0 0.7408854166666666 0.37222222222222223 0.27447916666666666 0.07222222222222222
0 0.11197916666666667 0.5333333333333333 0.22395833333333334 0.13333333333333333
0 0.6403645833333333 0.5412037037037037 0.42135416666666664 0.0712962962962963
0 0.7526041666666666 0.7277777777777777 0.4947916666666667 0.20555555555555555
0 0.9471354166666667 0.7555555555555555 0.04114583333333333 0.040740740740740744
0 0.09583333333333334 0.9444444444444444 0.19166666666666668 0.1111111111111111
0 0.28984375 0.950925925925926 0.0859375 0.09814814814814815
