0 0.25546875 0.11666666666666667 0.23802083333333332 0.23333333333333334
0 0.5841145833333333 0.06111111111111111 0.2921875 0.037037037037037035
0 0.5770833333333333 0.1 0.38333333333333336 0.046296296296296294
0 0.4817708333333333 0.5745370370370371 0.571875 0.850925925925926
0 0.16458333333333333 0.18703703703703703 0.18333333333333332 0.07407407407407407
0 0.7174479166666666 0.20416666666666666 0.15260416666666668 0.0824074074074074
0 0.11796875 0.4203703703703704 0.17447916666666666 0.4685185185185185
0 0.6260416666666667 0.3314814814814815 0.3645833333333333 0.053703703703703705
0 0.76171875 0.46805555555555556 0.18177083333333333 0.15092592592592594
0 0.03411458333333333 0.5648148148148148 0.06822916666666666 0.053703703703703705
0 0.6752604166666667 0.6805555555555556 0.20572916666666666 0.17962962962962964
0 0.34375 0.9416666666666667 0.020833333333333332 0.11666666666666667
0 0.054427083333333334 0.9601851851851851 0.019270833333333334 0.07962962962962963
