0 0.31588541666666664 0.055092592592592596 0.2234375 0.11018518518518519
0 0.41015625 0.034722222222222224 0.0328125 0.06944444444444445
0 0.5736979166666667 0.055092592592592596 0.26927083333333335 0.03425925925925926
0 0.34322916666666664 0.10601851851851851 0.11875 0.0824074074074074
0 0.228125 0.28194444444444444 0.23541666666666666 0.3490740740740741
0 0.715625 0.1574074074074074 0.21875 0.046296296296296294
0 0.5671875 0.17824074074074073 0.11354166666666667 0.058333333333333334
0 0.41041666666666665 0.3337962962962963 0.3625 0.29907407407407405
0 0.5841145833333333 0.274537037037037 0.44427083333333334 0.06018518518518518
0 0.29661458333333335 0.6578703703703703 0.5307291666666667 0.6842592592592592
0 0.7471354166666667 0.4152777777777778 0.2838541666666667 0.07685185185185185
0 0.88984375 0.4185185185185185 0.06302083333333333 0.046296296296296294
0 0.10651041666666666 0.5875 0.21302083333333333 0.14351851851851852
0 0.6440104166666667 0.5953703703703703 0.43697916666666664 0.07592592592592592
0 0.7520833333333333 0.7962962962962963 0.49583333333333335 0.2222222222222222
0 0.9705729166666667 0.8263888888888888 0.0578125 0.04537037037037037
