0 0.6927083333333334 0.01574074074074074 0.16875 0.03148148148148148
0 0.28671875 0.1162037037037037 0.4359375 0.125
0 0.5776041666666667 0.11805555555555555 0.13125 0.08425925925925926
0 0.24010416666666667 0.1875 0.39166666666666666 0.08055555555555556
0 0.5807291666666666 0.19768518518518519 0.41770833333333335 0.05462962962962963
0 0.6661458333333333 0.3189814814814815 0.15 0.13425925925925927
0 0.2752604166666667 0.5578703703703703 0.5505208333333333 0.6027777777777777
0 0.10651041666666666 0.3680555555555556 0.1546875 0.09907407407407408
0 0.6388020833333333 0.5333333333333333 0.4234375 0.07407407407407407
0 0.6744791666666666 0.6648148148148149 0.5802083333333333 0.1962962962962963
