0 0.2752604166666667 0.06018518518518518 0.0859375 0.12037037037037036
0 0.5856770833333333 0.07361111111111111 0.2796875 0.14722222222222223
0 0.37135416666666665 0.25046296296296294 0.05520833333333333 0.38796296296296295
0 0.14348958333333334 0.15787037037037038 0.12552083333333333 0.08055555555555556
0 0.5908854166666667 0.17592592592592593 0.3484375 0.06481481481481481
0 0.7138020833333333 0.22916666666666666 0.1296875 0.09907407407407408
0 0.20104166666666667 0.38796296296296295 0.3729166666666667 0.26666666666666666
0 0.6151041666666667 0.30277777777777776 0.215625 0.08888888888888889
0 0.5864583333333333 0.4212962962962963 0.3625 0.06111111111111111
0 0.27395833333333336 0.5138888888888888 0.15625 0.1537037037037037
0 0.7854166666666667 0.6125 0.30625 0.08796296296296297
0 0.5783854166666667 0.6532407407407408 0.1578125 0.11388888888888889
0 0.07552083333333333 0.8078703703703703 0.15104166666666666 0.38425925925925924
0 0.23932291666666666 0.8319444444444445 0.2682291666666667 0.33611111111111114
0 0.6075520833333333 0.8476851851851852 0.6442708333333333 0.12685185185185185
0 0.18333333333333332 0.9532407407407407 0.025 0.09351851851851851
