0 0.475 0.06296296296296296 0.15208333333333332 0.1259259259259259
0 0.65703125 0.029166666666666667 0.27760416666666665 0.058333333333333334
0 0.24583333333333332 0.10138888888888889 0.35 0.049074074074074076
0 0.7020833333333333 0.22824074074074074 0.26458333333333334 0.06759259259259259
0 0.24817708333333333 0.40694444444444444 0.49635416666666665 0.16574074074074074
0 0.5880208333333333 0.39444444444444443 0.16354166666666667 0.13148148148148148
0 0.20416666666666666 0.5138888888888888 0.4083333333333333 0.10740740740740741
0 0.5940104166666667 0.5199074074074074 0.5296875 0.08611111111111111
0 0.7052083333333333 0.7217592592592592 0.19791666666666666 0.22685185185185186
0 0.3380208333333333 0.8078703703703703 0.03958333333333333 0.38425925925925924
0 0.03619791666666667 0.8412037037037037 0.07239583333333334 0.09166666666666666
