0 0.22630208333333332 0.0125 0.1015625 0.025
0 0.55625 0.008796296296296297 0.1125 0.017592592592592594
0 0.35234375 0.5018518518518519 0.2713541666666667 0.9962962962962963
0 0.2625 0.17453703703703705 0.18125 0.0712962962962963
0 0.6966145833333334 0.22037037037037038 0.20572916666666666 0.06296296296296296
0 0.5432291666666667 0.27037037037037037 0.18333333333333332 0.1111111111111111
0 0.7434895833333334 0.4462962962962963 0.3390625 0.08518518518518518
0 0.5453125 0.6361111111111111 0.33958333333333335 0.13703703703703704
0 0.7815104166666667 0.6532407407407408 0.1453125 0.12685185185185185
0 0.03723958333333333 0.6601851851851852 0.07447916666666667 0.07037037037037037
