0 0.4875 0.02361111111111111 0.04375 0.04722222222222222
0 0.26536458333333335 0.025925925925925925 0.3265625 0.04259259259259259
0 0.6872395833333333 0.13425925925925927 0.24010416666666667 0.05925925925925926
0 0.253125 0.2740740740740741 0.49375 0.16111111111111112
0 0.58359375 0.2759259259259259 0.14947916666666666 0.10925925925925926
0 0.21015625 0.36944444444444446 0.4203125 0.10185185185185185
0 0.5877604166666667 0.3800925925925926 0.4817708333333333 0.0712962962962963
0 0.6880208333333333 0.5444444444444444 0.17708333333333334 0.18333333333333332
0 0.20364583333333333 0.7296296296296296 0.40729166666666666 0.5407407407407407
0 0.0609375 0.6425925925925926 0.121875 0.07777777777777778
0 0.66015625 0.8449074074074074 0.5098958333333333 0.10648148148148148
0 0.47317708333333336 0.9462962962962963 0.24114583333333334 0.10740740740740741
0 0.74765625 0.9740740740740741 0.08802083333333334 0.05185185185185185
