0 0.2682291666666667 0.056018518518518516 0.215625 0.11203703703703703
0 0.43359375 0.12546296296296297 0.050520833333333334 0.25092592592592594
0 0.6088541666666667 0.04953703703703704 0.315625 0.09907407407407408
0 0.18723958333333332 0.3699074074074074 0.2828125 0.4324074074074074
0 0.5953125 0.3125 0.3614583333333333 0.05648148148148148
0 0.5877604166666667 0.3726851851851852 0.4796875 0.0712962962962963
0 0.2994791666666667 0.725 0.4479166666666667 0.55
0 0.7666666666666667 0.5388888888888889 0.19583333333333333 0.13333333333333333
0 0.090625 0.5356481481481481 0.18125 0.0712962962962963
0 0.6552083333333333 0.7518518518518519 0.48020833333333335 0.09259259259259259
0 0.7640625 0.9296296296296296 0.096875 0.14074074074074075
0 0.6625 0.975462962962963 0.06666666666666667 0.049074074074074076
