0 0.4161458333333333 0.4310185185185185 0.8322916666666667 0.862037037037037
0 0.2890625 0.058333333333333334 0.16458333333333333 0.05925925925925926
0 0.68046875 0.09490740740740741 0.18489583333333334 0.05092592592592592
0 0.5424479166666667 0.13518518518518519 0.16510416666666666 0.08888888888888889
0 0.709375 0.2740740740740741 0.2791666666666667 0.06666666666666667
0 0.8322916666666667 0.2796296296296296 0.07083333333333333 0.04814814814814815
0 0.06744791666666666 0.4060185185185185 0.13489583333333333 0.1175925925925926
0 0.54375 0.41944444444444445 0.2947916666666667 0.1037037037037037
0 0.7497395833333333 0.43287037037037035 0.1265625 0.09537037037037037
0 0.3390625 0.9347222222222222 0.06458333333333334 0.13055555555555556
