0 0.36953125 0.029166666666666667 0.12552083333333333 0.058333333333333334
0 0.571875 0.012037037037037037 0.25625 0.024074074074074074
0 0.3515625 0.05416666666666667 0.11354166666666667 0.075
0 0.24348958333333334 0.21157407407407408 0.2265625 0.31203703703703706
0 0.7057291666666666 0.10138888888888889 0.20625 0.041666666666666664
0 0.56640625 0.11990740740740741 0.10885416666666667 0.05277777777777778
0 0.41640625 0.2587962962962963 0.3421875 0.2675925925925926
0 0.58125 0.2064814814814815 0.42083333333333334 0.05555555555555555
0 0.309375 0.600462962962963 0.5010416666666667 0.7138888888888889
0 0.7346354166666667 0.33194444444444443 0.26614583333333336 0.06759259259259259
0 0.12421875 0.48333333333333334 0.2203125 0.12407407407407407
0 0.6369791666666667 0.49027777777777776 0.40729166666666666 0.06574074074074074
0 0.7442708333333333 0.6643518518518519 0.47604166666666664 0.1935185185185185
0 0.93203125 0.6898148148148148 0.0390625 0.037037037037037035
0 0.17057291666666666 0.8851851851851852 0.3411458333333333 0.1425925925925926
