0 0.46901041666666665 0.05324074074074074 0.5932291666666667 0.10648148148148148
0 0.58046875 0.026851851851851852 0.10677083333333333 0.053703703703703705
0 0.2674479166666667 0.07546296296296297 0.3567708333333333 0.06574074074074074
0 0.6526041666666667 0.1824074074074074 0.13333333333333333 0.10925925925925926
0 0.2955729166666667 0.3662037037037037 0.5067708333333333 0.4675925925925926
0 0.15182291666666667 0.22175925925925927 0.14010416666666667 0.08055555555555556
0 0.026041666666666668 0.287962962962963 0.052083333333333336 0.1574074074074074
0 0.6265625 0.35185185185185186 0.37395833333333334 0.05925925925925926
0 0.65546875 0.4527777777777778 0.5046875 0.15
0 0.340625 0.9185185185185185 0.03125 0.16296296296296298
0 0.5635416666666667 0.9472222222222222 0.26875 0.10555555555555556
0 0.84453125 0.9685185185185186 0.08177083333333333 0.06296296296296296
