0 0.4627604166666667 0.07777777777777778 0.17760416666666667 0.15555555555555556
0 0.6609375 0.04537037037037037 0.2864583333333333 0.07777777777777778
0 0.2390625 0.12916666666666668 0.35833333333333334 0.05277777777777778
0 0.7044270833333334 0.26296296296296295 0.2682291666666667 0.07037037037037037
0 0.24765625 0.4527777777777778 0.4953125 0.17592592592592593
0 0.5895833333333333 0.4398148148148148 0.16875 0.1388888888888889
0 0.20182291666666666 0.5685185185185185 0.4036458333333333 0.1111111111111111
0 0.59609375 0.5731481481481482 0.5484375 0.09259259259259259
0 0.7122395833333334 0.7902777777777777 0.20677083333333332 0.24537037037037038
0 0.3341145833333333 0.8379629629629629 0.033854166666666664 0.32407407407407407
0 0.026822916666666665 0.9120370370370371 0.05364583333333333 0.08333333333333333
