0 0.42291666666666666 0.4740740740740741 0.8458333333333333 0.9481481481481482
0 0.2828125 0.08564814814814815 0.16770833333333332 0.062037037037037036
0 0.684375 0.12453703703703704 0.18958333333333333 0.05277777777777778
0 0.5427083333333333 0.16712962962962963 0.16875 0.09351851851851851
0 0.715625 0.31342592592592594 0.28958333333333336 0.06944444444444445
0 0.8408854166666667 0.32037037037037036 0.07239583333333334 0.05
0 0.5440104166666667 0.46944444444444444 0.3046875 0.1111111111111111
0 0.75703125 0.4824074074074074 0.13072916666666667 0.10185185185185185
0 0.06041666666666667 0.4828703703703704 0.12083333333333333 0.06944444444444445
0 0.3143229166666667 0.9777777777777777 0.0359375 0.044444444444444446
