0 0.35572916666666665 0.20462962962962963 0.396875 0.40925925925925927
0 0.353125 0.03796296296296296 0.084375 0.07592592592592592
0 0.4981770833333333 0.04537037037037037 0.1578125 0.09074074074074075
0 0.6877604166666667 0.05185185185185185 0.1984375 0.044444444444444446
0 0.21614583333333334 0.14537037037037037 0.17395833333333333 0.07592592592592592
0 0.6138020833333333 0.14953703703703702 0.3140625 0.03981481481481482
0 0.6877604166666667 0.24953703703703703 0.34739583333333335 0.10833333333333334
0 0.90859375 0.29814814814814816 0.07135416666666666 0.03518518518518519
0 0.19661458333333334 0.3712962962962963 0.3932291666666667 0.07592592592592592
0 0.7473958333333334 0.5726851851851852 0.3385416666666667 0.10833333333333334
0 0.9125 0.5949074074074074 0.06770833333333333 0.049074074074074076
0 0.60546875 0.8569444444444444 0.2171875 0.22870370370370371
0 0.24140625 0.9203703703703704 0.4828125 0.15925925925925927
