0 0.5197916666666667 0.07407407407407407 0.44375 0.14814814814814814
0 0.66484375 0.009722222222222222 0.0921875 0.019444444444444445
0 0.27265625 0.11203703703703703 0.07552083333333333 0.07222222222222222
0 0.41015625 0.3351851851851852 0.043229166666666666 0.37407407407407406
0 0.6606770833333333 0.22824074074074074 0.12864583333333332 0.1361111111111111
0 0.5703125 0.38796296296296295 0.06354166666666666 0.40925925925925927
0 0.7231770833333333 0.3962962962962963 0.1921875 0.14814814814814814
0 0.2953125 0.42824074074074076 0.16145833333333334 0.10648148148148148
0 0.85078125 0.4615740740740741 0.033854166666666664 0.049074074074074076
0 0.4296875 0.5518518518518518 0.41354166666666664 0.16111111111111112
0 0.8682291666666667 0.8574074074074074 0.06875 0.2851851851851852
0 0.6432291666666666 0.9074074074074074 0.33645833333333336 0.18518518518518517
