0 0.20677083333333332 0.07407407407407407 0.053125 0.14814814814814814
0 0.40703125 0.04814814814814815 0.31302083333333336 0.0962962962962963
0 0.60625 0.018518518518518517 0.20416666666666666 0.037037037037037035
0 0.6505208333333333 0.047685185185185185 0.10104166666666667 0.03611111111111111
0 0.24453125 0.3060185185185185 0.12135416666666667 0.5157407407407407
0 0.425 0.3578703703703704 0.05416666666666667 0.36574074074074076
0 0.6158854166666666 0.23935185185185184 0.2734375 0.03981481481481482
0 0.19921875 0.6856481481481481 0.20989583333333334 0.5416666666666666
0 0.62109375 0.7754629629629629 0.5578125 0.2953703703703704
0 0.346875 0.9018518518518519 0.022916666666666665 0.1962962962962963
