0 0.2125 0.05740740740740741 0.046875 0.11481481481481481
0 0.41015625 0.08657407407407407 0.09322916666666667 0.17314814814814813
0 0.7127604166666667 0.1486111111111111 0.059895833333333336 0.24351851851851852
0 0.603125 0.062037037037037036 0.10625 0.05925925925925926
0 0.4895833333333333 0.5782407407407407 0.35520833333333335 0.8435185185185186
0 0.05260416666666667 0.5027777777777778 0.10520833333333333 0.22037037037037038
0 0.6265625 0.4601851851851852 0.15104166666666666 0.07407407407407407
0 0.7203125 0.48935185185185187 0.042708333333333334 0.03425925925925926
0 0.7388020833333333 0.6648148148148149 0.12760416666666666 0.10740740740740741
0 0.2375 0.8541666666666666 0.19895833333333332 0.2916666666666667
0 0.7182291666666667 0.9421296296296297 0.203125 0.11574074074074074
