0 0.375 0.027777777777777776 0.2552083333333333 0.05555555555555555
0 0.5963541666666666 0.037037037037037035 0.184375 0.025925925925925925
0 0.37526041666666665 0.2064814814814815 0.39427083333333335 0.2759259259259259
0 0.6361979166666667 0.10972222222222222 0.20677083333333332 0.03425925925925926
0 0.125 0.27314814814814814 0.10833333333333334 0.31296296296296294
0 0.6239583333333333 0.19583333333333333 0.2635416666666667 0.10277777777777777
0 0.6822916666666666 0.2652777777777778 0.12916666666666668 0.05648148148148148
0 0.153125 0.6333333333333333 0.15625 0.7333333333333333
0 0.3828125 0.7398148148148148 0.06666666666666667 0.5203703703703704
0 0.646875 0.5949074074074074 0.3729166666666667 0.07314814814814814
0 0.165625 0.9050925925925926 0.090625 0.18981481481481483
