0 0.3059895833333333 0.016666666666666666 0.06614583333333333 0.03333333333333333
0 0.5755208333333334 0.016203703703703703 0.2791666666666667 0.032407407407407406
0 0.42682291666666666 0.1675925925925926 0.03697916666666667 0.27037037037037037
0 0.6427083333333333 0.09212962962962963 0.11041666666666666 0.10092592592592593
0 0.5638020833333334 0.20555555555555555 0.0515625 0.29259259259259257
0 0.6921875 0.21388888888888888 0.15833333333333333 0.10555555555555556
0 0.33229166666666665 0.23703703703703705 0.1375 0.07407407407407407
0 0.44557291666666665 0.32314814814814813 0.34322916666666664 0.10925925925925926
0 0.8432291666666667 0.7152777777777778 0.13541666666666666 0.5694444444444444
0 0.6203125 0.5685185185185185 0.2677083333333333 0.14444444444444443
0 0.18255208333333334 0.7851851851851852 0.09635416666666667 0.42962962962962964
0 0.9127604166666666 0.825 0.033854166666666664 0.05740740740740741
0 0.3059895833333333 0.9148148148148149 0.027604166666666666 0.17037037037037037
0 0.04140625 0.9699074074074074 0.0453125 0.06018518518518518
