0 0.43046875 0.04953703703703704 0.10677083333333333 0.09907407407407408
0 0.6197916666666666 0.018055555555555554 0.14583333333333334 0.03611111111111111
0 0.3377604166666667 0.21944444444444444 0.36614583333333334 0.39444444444444443
0 0.4171875 0.14953703703703702 0.034375 0.15648148148148147
0 0.64140625 0.16064814814814815 0.21822916666666667 0.03796296296296296
0 0.6627604166666666 0.23935185185185184 0.11822916666666666 0.08796296296296297
0 0.5510416666666667 0.2740740740740741 0.12291666666666666 0.08148148148148149
0 0.67265625 0.3578703703703704 0.13177083333333334 0.08981481481481482
0 0.23671875 0.649537037037037 0.4734375 0.5138888888888888
0 0.6372395833333333 0.5726851851851852 0.30364583333333334 0.11574074074074074
0 0.13229166666666667 0.5902777777777778 0.11770833333333333 0.06574074074074074
0 0.6953125 0.6462962962962963 0.27291666666666664 0.07037037037037037
0 0.6638020833333333 0.8328703703703704 0.3734375 0.09351851851851851
