0 0.19166666666666668 0.10787037037037037 0.075 0.21574074074074073
0 0.39895833333333336 0.0787037037037037 0.3333333333333333 0.1574074074074074
0 0.609375 0.05185185185185185 0.221875 0.07407407407407407
0 0.6583333333333333 0.10138888888888889 0.10833333333333334 0.03981481481481482
0 0.2203125 0.40879629629629627 0.12604166666666666 0.6138888888888889
0 0.41380208333333335 0.4666666666666667 0.059895833333333336 0.43703703703703706
0 0.6231770833333333 0.32314814814814813 0.29635416666666664 0.04814814814814815
0 0.12682291666666667 0.7675925925925926 0.15364583333333334 0.4648148148148148
0 0.6033854166666667 0.8981481481481481 0.5682291666666667 0.2037037037037037
0 0.22760416666666666 0.9490740740740741 0.021875 0.10185185185185185
