0 0.44114583333333335 0.06620370370370371 0.01875 0.13240740740740742
0 0.5677083333333334 0.08287037037037037 0.023958333333333335 0.16574074074074074
0 0.6671875 0.06851851851851852 0.13229166666666667 0.07777777777777778
0 0.36223958333333334 0.08564814814814815 0.1171875 0.05462962962962963
0 0.45859375 0.14583333333333334 0.28802083333333334 0.07685185185185185
0 0.7588541666666667 0.33611111111111114 0.053125 0.22962962962962963
0 0.60390625 0.3111111111111111 0.21822916666666667 0.09444444444444444
0 0.21484375 0.5671296296296297 0.15052083333333333 0.5083333333333333
0 0.803125 0.5398148148148149 0.041666666666666664 0.17962962962962964
0 0.33229166666666665 0.7375 0.07291666666666667 0.525
0 0.6802083333333333 0.6810185185185185 0.21458333333333332 0.1175925925925926
0 0.13645833333333332 0.8828703703703704 0.17291666666666666 0.23425925925925925
0 0.6934895833333333 0.887962962962963 0.29322916666666665 0.17962962962962964
