0 0.5200520833333333 0.04351851851851852 0.41510416666666666 0.08703703703703704
0 0.28958333333333336 0.05462962962962963 0.07083333333333333 0.06296296296296296
0 0.41901041666666666 0.24583333333333332 0.0390625 0.3175925925925926
0 0.6510416666666666 0.15648148148148147 0.11875 0.11666666666666667
0 0.5669270833333333 0.28888888888888886 0.05677083333333333 0.34444444444444444
0 0.70625 0.29814814814814816 0.17395833333333333 0.12407407407407407
0 0.31536458333333334 0.32546296296296295 0.1484375 0.08981481481481482
0 0.43828125 0.4273148148148148 0.37552083333333336 0.13055555555555556
0 0.8518229166666667 0.7791666666666667 0.10052083333333334 0.44166666666666665
0 0.6302083333333334 0.7291666666666666 0.2989583333333333 0.1824074074074074
0 0.16484375 0.8652777777777778 0.058854166666666666 0.26944444444444443
