0 0.23020833333333332 0.025 0.052083333333333336 0.05
0 0.5192708333333333 0.19490740740740742 0.5552083333333333 0.38981481481481484
0 0.65234375 0.06759259259259259 0.0765625 0.037037037037037035
0 0.6651041666666667 0.1638888888888889 0.175 0.053703703703703705
0 0.20703125 0.33287037037037037 0.0921875 0.11203703703703703
0 0.3690104166666667 0.6953703703703704 0.07135416666666666 0.6092592592592593
0 0.7002604166666667 0.524537037037037 0.16927083333333334 0.225
0 0.5815104166666667 0.7236111111111111 0.0796875 0.5527777777777778
0 0.79609375 0.8222222222222222 0.2734375 0.2740740740740741
0 0.2078125 0.8824074074074074 0.215625 0.20185185185185187
