0 0.365625 0.052314814814814814 0.10104166666666667 0.10462962962962963
0 0.5747395833333333 0.05416666666666667 0.29739583333333336 0.08425925925925926
0 0.471875 0.19953703703703704 0.12083333333333333 0.2712962962962963
0 0.13229166666666667 0.2657407407407407 0.10520833333333333 0.3074074074074074
0 0.34765625 0.31203703703703706 0.1015625 0.3351851851851852
0 0.5869791666666667 0.1699074074074074 0.25104166666666666 0.04351851851851852
0 0.6153645833333333 0.25092592592592594 0.2703125 0.08888888888888889
0 0.5744791666666667 0.4587962962962963 0.042708333333333334 0.4305555555555556
0 0.2078125 0.5157407407407407 0.11770833333333333 0.4703703703703704
0 0.38567708333333334 0.7347222222222223 0.05572916666666667 0.5305555555555556
0 0.055989583333333336 0.5796296296296296 0.11197916666666667 0.1537037037037037
