0 0.3346354166666667 0.07314814814814814 0.09114583333333333 0.14629629629629629
0 0.7010416666666667 0.037037037037037035 0.026041666666666668 0.07407407407407407
0 0.4859375 0.1597222222222222 0.4666666666666667 0.27870370370370373
0 0.6200520833333333 0.09814814814814815 0.12760416666666666 0.04259259259259259
0 0.6239583333333333 0.16574074074074074 0.16770833333333332 0.05925925925925926
0 0.33984375 0.47824074074074074 0.22447916666666667 0.4009259259259259
0 0.6684895833333333 0.4398148148148148 0.2546875 0.13518518518518519
0 0.16015625 0.737037037037037 0.16822916666666668 0.5259259259259259
0 0.3263020833333333 0.8018518518518518 0.0609375 0.3962962962962963
0 0.72890625 0.8611111111111112 0.39010416666666664 0.11296296296296296
0 0.8744791666666667 0.8648148148148148 0.07395833333333333 0.05555555555555555
