0 0.3302083333333333 0.08425925925925926 0.09270833333333334 0.1685185185185185
0 0.7028645833333333 0.046296296296296294 0.030729166666666665 0.09259259259259259
0 0.48489583333333336 0.18287037037037038 0.478125 0.2916666666666667
0 0.621875 0.1175925925925926 0.13020833333333334 0.044444444444444446
0 0.6260416666666667 0.18888888888888888 0.171875 0.06111111111111111
0 0.3338541666666667 0.5203703703703704 0.23020833333333332 0.42592592592592593
0 0.6734375 0.4791666666666667 0.2635416666666667 0.14351851851851852
0 0.15 0.7574074074074074 0.16458333333333333 0.48518518518518516
0 0.3234375 0.8268518518518518 0.052083333333333336 0.34629629629629627
0 0.73828125 0.9324074074074075 0.40677083333333336 0.12222222222222222
0 0.8984375 0.937962962962963 0.09479166666666666 0.06296296296296296
