0 0.43333333333333335 0.09907407407407408 0.03125 0.19814814814814816
0 0.5604166666666667 0.11851851851851852 0.04583333333333333 0.23703703703703705
0 0.63359375 0.03287037037037037 0.10052083333333334 0.06574074074074074
0 0.67734375 0.12546296296296297 0.14322916666666666 0.08796296296296297
0 0.35078125 0.1439814814814815 0.12552083333333333 0.062037037037037036
0 0.45364583333333336 0.21342592592592594 0.309375 0.08796296296296297
0 0.803125 0.5486111111111112 0.11041666666666666 0.49537037037037035
0 0.6104166666666667 0.4074074074074074 0.2375 0.1111111111111111
0 0.18203125 0.7046296296296296 0.17239583333333333 0.5907407407407408
0 0.32317708333333334 0.8018518518518518 0.05572916666666667 0.3962962962962963
0 0.6984375 0.861574074074074 0.240625 0.14907407407407408
