0 0.37786458333333334 0.020370370370370372 0.1046875 0.040740740740740744
0 0.6690104166666667 0.017592592592592594 0.09427083333333333 0.03518518518518519
0 0.46458333333333335 0.06805555555555555 0.26458333333333334 0.06574074074074074
0 0.7328125 0.20925925925925926 0.03854166666666667 0.1574074074074074
0 0.5966145833333333 0.20416666666666666 0.19739583333333333 0.0787037037037037
0 0.25104166666666666 0.4023148148148148 0.12916666666666668 0.39351851851851855
0 0.7703125 0.37083333333333335 0.042708333333333334 0.16944444444444445
0 0.38697916666666665 0.6537037037037037 0.5416666666666666 0.6370370370370371
0 0.6609375 0.4935185185185185 0.18645833333333334 0.09074074074074075
0 0.6703125 0.6467592592592593 0.25104166666666666 0.13055555555555556
0 0.7341145833333333 0.8495370370370371 0.18385416666666668 0.1824074074074074
0 0.05026041666666667 0.9601851851851851 0.024479166666666666 0.07962962962962963
