0 0.3765625 0.04212962962962963 0.08541666666666667 0.08425925925925926
0 0.57421875 0.03796296296296296 0.2890625 0.07592592592592592
0 0.47291666666666665 0.17314814814814813 0.11666666666666667 0.25555555555555554
0 0.14401041666666667 0.2361111111111111 0.09947916666666666 0.29074074074074074
0 0.353125 0.2791666666666667 0.09791666666666667 0.31574074074074077
0 0.5854166666666667 0.14675925925925926 0.24479166666666666 0.041666666666666664
0 0.6130208333333333 0.4 0.2625 0.43703703703703706
0 0.21979166666666666 0.4689814814814815 0.109375 0.43796296296296294
0 0.38697916666666665 0.7148148148148148 0.06145833333333333 0.5703703703703704
0 0.07265625 0.5305555555555556 0.10989583333333333 0.1425925925925926
