0 0.38984375 0.04027777777777778 0.2682291666666667 0.08055555555555556
0 0.5526041666666667 0.013425925925925926 0.078125 0.026851851851851852
0 0.6338541666666667 0.05 0.096875 0.04814814814814815
0 0.3307291666666667 0.18564814814814815 0.3260416666666667 0.2361111111111111
0 0.6049479166666667 0.15648148148148147 0.20989583333333334 0.05740740740740741
0 0.26276041666666666 0.16435185185185186 0.06927083333333334 0.032407407407407406
0 0.64140625 0.19027777777777777 0.1828125 0.03425925925925926
0 0.6161458333333333 0.27175925925925926 0.23958333333333334 0.03981481481481482
0 0.31536458333333334 0.5907407407407408 0.5505208333333333 0.5277777777777778
0 0.6716145833333333 0.3990740740740741 0.2765625 0.05740740740740741
0 0.029427083333333333 0.5018518518518519 0.058854166666666666 0.1814814814814815
0 0.7890625 0.5236111111111111 0.11458333333333333 0.125
0 0.8442708333333333 0.5310185185185186 0.030208333333333334 0.08425925925925926
0 0.6635416666666667 0.5856481481481481 0.3697916666666667 0.13425925925925927
0 0.7442708333333333 0.6916666666666667 0.18333333333333332 0.10925925925925926
0 0.05807291666666667 0.8472222222222222 0.09427083333333333 0.3055555555555556
