0 0.3421875 0.07777777777777778 0.134375 0.15555555555555556
0 0.5778645833333333 0.09907407407407408 0.31302083333333336 0.09444444444444444
0 0.4669270833333333 0.26296296296296295 0.12864583333333332 0.3074074074074074
0 0.10390625 0.33935185185185185 0.12135416666666667 0.3527777777777778
0 0.33567708333333335 0.3921296296296296 0.10885416666666667 0.38796296296296295
0 0.5911458333333334 0.22824074074074074 0.2677083333333333 0.049074074074074076
0 0.6208333333333333 0.3199074074074074 0.28854166666666664 0.10092592592592593
0 0.5786458333333333 0.5666666666666667 0.046875 0.5092592592592593
0 0.17838541666666666 0.6333333333333333 0.1390625 0.5592592592592592
0 0.37994791666666666 0.7870370370370371 0.04635416666666667 0.42592592592592593
0 0.0359375 0.7699074074074074 0.071875 0.05648148148148148
