0 0.3692708333333333 0.025925925925925925 0.041666666666666664 0.05185185185185185
0 0.4890625 0.08518518518518518 0.4166666666666667 0.17037037037037037
0 0.6106770833333334 0.014814814814814815 0.11510416666666666 0.02962962962962963
0 0.61328125 0.06759259259259259 0.1515625 0.046296296296296294
0 0.36380208333333336 0.3037037037037037 0.2015625 0.2962962962962963
0 0.6489583333333333 0.2777777777777778 0.21875 0.10185185185185185
0 0.23098958333333333 0.6518518518518519 0.46197916666666666 0.6962962962962963
0 0.3611979166666667 0.5615740740740741 0.0546875 0.32685185185185184
0 0.69140625 0.5791666666666667 0.3151041666666667 0.0787037037037037
0 0.8177083333333334 0.5824074074074074 0.065625 0.040740740740740744
0 0.73046875 0.7550925925925925 0.18489583333333334 0.19907407407407407
0 0.5630208333333333 0.8356481481481481 0.18854166666666666 0.18981481481481483
0 0.8192708333333333 0.9648148148148148 0.08020833333333334 0.07037037037037037
