0 0.5265625 0.03518518518518519 0.3072916666666667 0.07037037037037037
0 0.3828125 0.17222222222222222 0.18229166666666666 0.22962962962962963
0 0.6317708333333333 0.1537037037037037 0.18645833333333334 0.07962962962962963
0 0.2838541666666667 0.48657407407407405 0.46770833333333334 0.6268518518518519
0 0.38828125 0.36527777777777776 0.044270833333333336 0.23796296296296296
0 0.6690104166666667 0.37916666666666665 0.2713541666666667 0.05648148148148148
0 0.7747395833333334 0.3824074074074074 0.05572916666666667 0.02962962962962963
0 0.6979166666666666 0.5046296296296297 0.15208333333333332 0.1388888888888889
0 0.5575520833333333 0.5597222222222222 0.15572916666666667 0.13055555555555556
0 0.7151041666666667 0.7 0.16770833333333332 0.15185185185185185
0 0.1234375 0.8791666666666667 0.075 0.24166666666666667
0 0.8078125 0.9884259259259259 0.11770833333333333 0.023148148148148147
