0 0.51953125 0.16342592592592592 0.5265625 0.32685185185185184
0 0.64765625 0.03425925925925926 0.0734375 0.03518518518518519
0 0.6588541666666666 0.12222222222222222 0.16666666666666666 0.05
0 0.22421875 0.2759259259259259 0.08802083333333334 0.1
0 0.38046875 0.6189814814814815 0.06302083333333333 0.5842592592592593
0 0.68984375 0.4462962962962963 0.15989583333333332 0.2
0 0.5822916666666667 0.6888888888888889 0.08333333333333333 0.6222222222222222
0 0.7747395833333334 0.7037037037037037 0.2484375 0.23333333333333334
0 0.23229166666666667 0.7560185185185185 0.20104166666666667 0.1712962962962963
0 0.22057291666666667 0.9143518518518519 0.17447916666666666 0.1712962962962963
