0 0.21067708333333332 0.06296296296296296 0.0453125 0.1259259259259259
0 0.409375 0.038425925925925926 0.30625 0.07685185185185185
0 0.6151041666666667 0.010185185185185186 0.17916666666666667 0.020370370370370372
0 0.6481770833333333 0.030555555555555555 0.09947916666666666 0.03518518518518519
0 0.2518229166666667 0.27546296296296297 0.11927083333333334 0.487962962962963
0 0.4283854166666667 0.32407407407407407 0.0515625 0.34444444444444444
0 0.6138020833333333 0.21342592592592594 0.26614583333333336 0.03981481481481482
0 0.21067708333333332 0.6310185185185185 0.20677083333333332 0.5009259259259259
0 0.6171875 0.7138888888888889 0.5354166666666667 0.2722222222222222
0 0.35130208333333335 0.8703703703703703 0.027604166666666666 0.25925925925925924
