0 0.5197916666666667 0.2712962962962963 0.625 0.5425925925925926
0 0.20885416666666667 0.07546296296296297 0.06770833333333333 0.09722222222222222
0 0.6125 0.06018518518518518 0.13541666666666666 0.03888888888888889
0 0.66328125 0.14444444444444443 0.0828125 0.044444444444444446
0 0.6796875 0.2601851851851852 0.19479166666666667 0.06481481481481481
0 0.16588541666666667 0.4708333333333333 0.1015625 0.14166666666666666
0 0.35390625 0.7722222222222223 0.0671875 0.45555555555555555
0 0.7263020833333333 0.7212962962962963 0.19739583333333333 0.30185185185185187
0 0.5799479166666667 0.8087962962962963 0.0734375 0.3824074074074074
0 0.7161458333333334 0.9680555555555556 0.06770833333333333 0.06388888888888888
