0 0.41119791666666666 0.019444444444444445 0.18489583333333334 0.03888888888888889
0 0.5947916666666667 0.01990740740740741 0.18020833333333333 0.023148148148148147
0 0.37890625 0.18194444444444444 0.38385416666666666 0.262037037037037
0 0.6309895833333333 0.09027777777777778 0.19635416666666666 0.032407407407407406
0 0.1359375 0.24444444444444444 0.10208333333333333 0.2962962962962963
0 0.6216145833333333 0.17175925925925925 0.25677083333333334 0.09907407407407408
0 0.6783854166666666 0.2375 0.12552083333333333 0.05277777777777778
0 0.16380208333333332 0.6189814814814815 0.15052083333333333 0.7620370370370371
0 0.384375 0.7199074074074074 0.07291666666666667 0.5601851851851852
0 0.64296875 0.5481481481481482 0.35885416666666664 0.06851851851851852
0 0.17083333333333334 0.8726851851851852 0.10833333333333334 0.25462962962962965
