0 0.5692708333333333 0.006944444444444444 0.115625 0.013888888888888888
0 0.3924479166666667 0.10787037037037037 0.17135416666666667 0.19907407407407407
0 0.6270833333333333 0.09305555555555556 0.178125 0.06944444444444445
0 0.30755208333333334 0.3699074074074074 0.42239583333333336 0.5194444444444445
0 0.40078125 0.27314814814814814 0.04010416666666667 0.20185185185185187
0 0.6572916666666667 0.2861111111111111 0.24791666666666667 0.04814814814814815
0 0.6825520833333333 0.3907407407407407 0.13697916666666668 0.11481481481481481
0 0.5549479166666667 0.4356481481481482 0.14114583333333333 0.10648148148148148
0 0.6963541666666667 0.549537037037037 0.15208333333333332 0.12129629629629629
0 0.20755208333333333 0.7976851851851852 0.1484375 0.4046296296296296
0 0.6583333333333333 0.8537037037037037 0.36666666666666664 0.17037037037037037
0 0.06015625 0.8787037037037037 0.1203125 0.0962962962962963
0 0.7328125 0.9546296296296296 0.3333333333333333 0.09074074074074075
