0 0.37135416666666665 0.03657407407407407 0.26145833333333335 0.07314814814814814
0 0.6197916666666666 0.006944444444444444 0.14791666666666667 0.013888888888888888
0 0.5979166666666667 0.05416666666666667 0.18854166666666666 0.025
0 0.37057291666666664 0.23287037037037037 0.4046875 0.2898148148148148
0 0.6359375 0.13055555555555556 0.20625 0.03518518518518519
0 0.11276041666666667 0.3037037037037037 0.11510416666666666 0.3314814814814815
0 0.6283854166666667 0.22037037037037038 0.2734375 0.10740740740740741
0 0.6861979166666666 0.29398148148148145 0.1328125 0.058333333333333334
0 0.14140625 0.6476851851851851 0.16302083333333334 0.7046296296296296
0 0.37864583333333335 0.7606481481481482 0.05625 0.4787037037037037
0 0.6513020833333333 0.6467592592592593 0.3859375 0.0787037037037037
0 0.16614583333333333 0.9393518518518519 0.06145833333333333 0.12129629629629629
