0 0.51953125 0.10925925925925926 0.4765625 0.21851851851851853
0 0.6473958333333333 0.04953703703703704 0.15208333333333332 0.041666666666666664
0 0.25390625 0.17592592592592593 0.08072916666666667 0.08148148148148149
0 0.39895833333333336 0.4425925925925926 0.05 0.44814814814814813
0 0.671875 0.31203703703703706 0.13958333333333334 0.1574074074074074
0 0.575 0.5064814814814815 0.07083333333333333 0.49444444444444446
0 0.7432291666666667 0.5120370370370371 0.21354166666666666 0.17962962962962964
0 0.2716145833333333 0.5509259259259259 0.1765625 0.12777777777777777
0 0.8833333333333333 0.5921296296296297 0.03333333333333333 0.06759259259259259
0 0.41953125 0.7046296296296296 0.45989583333333334 0.2
0 0.890625 0.9537037037037037 0.03333333333333333 0.09259259259259259
