0 0.36223958333333334 0.12962962962962962 0.3203125 0.25925925925925924
0 0.43020833333333336 0.05740740740740741 0.030208333333333334 0.11481481481481481
0 0.6299479166666667 0.06157407407407407 0.19427083333333334 0.030555555555555555
0 0.6471354166666666 0.12407407407407407 0.10364583333333334 0.06851851851851852
0 0.5489583333333333 0.15 0.10833333333333334 0.06296296296296296
0 0.6546875 0.21435185185185185 0.115625 0.06759259259259259
0 0.2791666666666667 0.4236111111111111 0.4083333333333333 0.3675925925925926
0 0.6221354166666667 0.3731481481481482 0.2598958333333333 0.08518518518518518
0 0.12942708333333333 0.35833333333333334 0.033854166666666664 0.046296296296296294
0 0.19479166666666667 0.3861111111111111 0.09375 0.04814814814814815
0 0.6690104166666667 0.4263888888888889 0.2296875 0.05092592592592592
0 0.6403645833333333 0.5560185185185185 0.3067708333333333 0.06388888888888888
0 0.3578125 0.8231481481481482 0.036458333333333336 0.3537037037037037
0 0.7145833333333333 0.7694444444444445 0.3614583333333333 0.1
0 0.84453125 0.7671296296296296 0.04739583333333333 0.03796296296296296
0 0.8401041666666667 0.9398148148148148 0.07708333333333334 0.12037037037037036
