0 0.37057291666666664 0.04675925925925926 0.0953125 0.09351851851851851
0 0.5744791666666667 0.044444444444444446 0.29270833333333335 0.08333333333333333
0 0.47161458333333334 0.18472222222222223 0.11822916666666666 0.262037037037037
0 0.13880208333333333 0.2490740740740741 0.1015625 0.29814814814814816
0 0.35052083333333334 0.29305555555555557 0.1 0.325
0 0.5861979166666667 0.15694444444444444 0.24739583333333334 0.041666666666666664
0 0.6138020833333333 0.2351851851851852 0.26614583333333336 0.08518518518518518
0 0.5736979166666667 0.4351851851851852 0.0421875 0.4148148148148148
0 0.21484375 0.48935185185185187 0.11302083333333333 0.45092592592592595
0 0.38671875 0.7231481481481481 0.058854166666666666 0.5537037037037037
0 0.06484375 0.5518518518518518 0.11197916666666667 0.14814814814814814
