0 0.21692708333333333 0.05185185185185185 0.04010416666666667 0.1037037037037037
0 0.42109375 0.029166666666666667 0.28177083333333336 0.058333333333333334
0 0.6455729166666667 0.014814814814814815 0.09739583333333333 0.02962962962962963
0 0.2596354166666667 0.2449074074074074 0.11822916666666666 0.462037037037037
0 0.43203125 0.2916666666666667 0.049479166666666664 0.32407407407407407
0 0.61171875 0.18796296296296297 0.25885416666666666 0.037037037037037035
0 0.22213541666666667 0.5768518518518518 0.20260416666666667 0.4648148148148148
0 0.6130208333333333 0.6541666666666667 0.5145833333333333 0.25092592592592594
0 0.35598958333333336 0.8398148148148148 0.033854166666666664 0.32037037037037036
0 0.47239583333333335 0.9796296296296296 0.146875 0.040740740740740744
