0 0.5369791666666667 0.026851851851851852 0.28125 0.053703703703703705
0 0.38619791666666664 0.14953703703703702 0.17760416666666667 0.21944444444444444
0 0.6294270833333333 0.13287037037037036 0.18072916666666666 0.075
0 0.29192708333333334 0.44537037037037036 0.4515625 0.587037037037037
0 0.3927083333333333 0.33240740740740743 0.042708333333333334 0.22407407407407406
0 0.66484375 0.34629629629629627 0.2630208333333333 0.053703703703703705
0 0.76796875 0.3486111111111111 0.0546875 0.030555555555555555
0 0.6919270833333333 0.46435185185185185 0.14635416666666667 0.13055555555555556
0 0.55625 0.5152777777777777 0.15104166666666666 0.12129629629629629
0 0.7083333333333334 0.6462962962962963 0.1625 0.14074074074074075
0 0.14661458333333333 0.8495370370370371 0.08697916666666666 0.30092592592592593
0 0.78828125 0.950462962962963 0.16197916666666667 0.09907407407407408
