0 0.30026041666666664 0.025 0.06822916666666666 0.05
0 0.5434895833333333 0.025 0.3515625 0.05
0 0.4236979166666667 0.19212962962962962 0.03802083333333333 0.2861111111111111
0 0.6455729166666667 0.11296296296296296 0.11302083333333333 0.10555555555555556
0 0.56484375 0.23194444444444445 0.05364583333333333 0.30833333333333335
0 0.696875 0.2412037037037037 0.16458333333333333 0.11203703703703703
0 0.32708333333333334 0.26481481481481484 0.140625 0.08148148148148149
0 0.44375 0.3560185185185185 0.3541666666666667 0.11574074074074074
0 0.85703125 0.7356481481481482 0.14635416666666667 0.5287037037037037
0 0.6236979166666666 0.6180555555555556 0.27760416666666665 0.15462962962962962
0 0.17838541666666666 0.8097222222222222 0.08385416666666666 0.38055555555555554
0 0.9317708333333333 0.9037037037037037 0.034375 0.06296296296296296
0 0.30052083333333335 0.95 0.01875 0.1
