0 0.3463541666666667 0.04351851851851852 0.08541666666666667 0.08703703703703704
0 0.48802083333333335 0.10925925925925926 0.434375 0.21851851851851853
0 0.6143229166666667 0.04537037037037037 0.11927083333333334 0.03888888888888889
0 0.6174479166666667 0.1050925925925926 0.15677083333333333 0.05092592592592592
0 0.35494791666666664 0.36712962962962964 0.20989583333333334 0.33240740740740743
0 0.6559895833333333 0.3365740740740741 0.23177083333333334 0.11388888888888889
0 0.15729166666666666 0.6828703703703703 0.2375 0.6342592592592593
0 0.34765625 0.6606481481481481 0.059895833333333336 0.3768518518518518
0 0.70625 0.6787037037037037 0.34479166666666666 0.08888888888888889
0 0.83828125 0.6828703703703703 0.06927083333333334 0.04537037037037037
0 0.7479166666666667 0.8847222222222222 0.20208333333333334 0.23055555555555557
0 0.5111979166666667 0.9333333333333333 0.09427083333333333 0.13333333333333333
