0 0.51953125 0.13518518518518519 0.5005208333333333 0.27037037037037037
0 0.653125 0.08472222222222223 0.159375 0.04537037037037037
0 0.23958333333333334 0.22361111111111112 0.084375 0.08981481481481482
0 0.390625 0.525 0.05625 0.5092592592592593
0 0.6802083333333333 0.37546296296296294 0.14895833333333333 0.17685185185185184
0 0.5786458333333333 0.5995370370370371 0.07708333333333334 0.5675925925925925
0 0.7591145833333334 0.6023148148148149 0.23177083333333334 0.20462962962962963
0 0.253125 0.6462962962962963 0.18854166666666666 0.14814814814814814
0 0.9111979166666667 0.7023148148148148 0.034895833333333334 0.06018518518518518
0 0.41171875 0.825 0.49635416666666665 0.23148148148148148
