0 0.4934895833333333 0.014814814814814815 0.0609375 0.02962962962962963
0 0.6143229166666667 0.011574074074074073 0.06510416666666667 0.023148148148148147
0 0.3450520833333333 0.12083333333333333 0.30364583333333334 0.20277777777777778
0 0.6002604166666666 0.09444444444444444 0.19635416666666666 0.05
0 0.2825520833333333 0.10277777777777777 0.058854166666666666 0.027777777777777776
0 0.6338541666666667 0.12546296296296297 0.17083333333333334 0.028703703703703703
0 0.6098958333333333 0.1962962962962963 0.221875 0.03518518518518519
0 0.33567708333333335 0.4583333333333333 0.49635416666666665 0.43148148148148147
0 0.6596354166666667 0.30277777777777776 0.2526041666666667 0.05
0 0.049479166666666664 0.4638888888888889 0.09895833333333333 0.3
0 0.6502604166666667 0.43472222222222223 0.3338541666666667 0.15833333333333333
0 0.8135416666666667 0.40370370370370373 0.026041666666666668 0.07222222222222222
0 0.72265625 0.5444444444444444 0.1640625 0.08888888888888889
0 0.07421875 0.7736111111111111 0.1484375 0.4527777777777778
0 0.3546875 0.9564814814814815 0.023958333333333335 0.08703703703703704
