0 0.43515625 0.08796296296296297 0.0296875 0.17592592592592593
0 0.5598958333333334 0.10601851851851851 0.04583333333333333 0.21203703703703702
0 0.6598958333333333 0.024537037037037038 0.042708333333333334 0.049074074074074076
0 0.6739583333333333 0.10555555555555556 0.13958333333333334 0.08333333333333333
0 0.3546875 0.12314814814814815 0.12291666666666666 0.05925925925925926
0 0.4552083333333333 0.1912037037037037 0.3020833333333333 0.08611111111111111
0 0.7940104166666667 0.5046296296296297 0.10364583333333334 0.4648148148148148
0 0.6080729166666666 0.3731481481481482 0.23072916666666668 0.10555555555555556
0 0.19375 0.6685185185185185 0.16458333333333333 0.587037037037037
0 0.3265625 0.7796296296296297 0.06145833333333333 0.44074074074074077
0 0.6921875 0.7972222222222223 0.23125 0.1388888888888889
0 0.05 0.9481481481481482 0.08333333333333333 0.1037037037037037
0 0.8127604166666667 0.9671296296296297 0.10885416666666667 0.06574074074074074
