0 0.34270833333333334 0.05277777777777778 0.0875 0.10555555555555556
0 0.48723958333333334 0.12175925925925926 0.4453125 0.24351851851851852
0 0.61640625 0.06157407407407407 0.12239583333333333 0.03981481481481482
0 0.61953125 0.12453703703703704 0.15989583333333332 0.05277777777777778
0 0.35078125 0.4013888888888889 0.21510416666666668 0.3527777777777778
0 0.6598958333333333 0.36944444444444446 0.23854166666666668 0.12037037037037036
0 0.14192708333333334 0.7 0.24947916666666667 0.6
0 0.33984375 0.7157407407407408 0.06302083333333333 0.40555555555555556
0 0.7127604166666667 0.7347222222222223 0.3578125 0.09537037037037037
0 0.8510416666666667 0.7398148148148148 0.07395833333333333 0.05
0 0.7125 0.9162037037037037 0.12083333333333333 0.1675925925925926
0 0.4903645833333333 0.9699074074074074 0.0578125 0.06018518518518518
