0 0.34791666666666665 0.17407407407407408 0.346875 0.34814814814814815
0 0.4518229166666667 0.031018518518518518 0.06927083333333334 0.062037037037037036
0 0.42291666666666666 0.10787037037037037 0.03333333333333333 0.14166666666666666
0 0.6369791666666667 0.11805555555555555 0.20833333333333334 0.03425925925925926
0 0.6559895833333333 0.19027777777777777 0.11197916666666667 0.0787037037037037
0 0.5502604166666667 0.2212962962962963 0.11614583333333334 0.07407407407407407
0 0.66484375 0.29583333333333334 0.12447916666666667 0.08055555555555556
0 0.2515625 0.5486111111111112 0.45208333333333334 0.44537037037037036
0 0.63046875 0.48518518518518516 0.2838541666666667 0.10185185185185185
0 0.16067708333333333 0.5 0.1046875 0.05740740740740741
0 0.6841145833333333 0.549074074074074 0.2526041666666667 0.06111111111111111
0 0.6528645833333333 0.7087962962962963 0.34427083333333336 0.08055555555555556
0 0.34609375 0.9111111111111111 0.021354166666666667 0.17777777777777778
0 0.6708333333333333 0.9578703703703704 0.27291666666666664 0.08425925925925926
0 0.8955729166666667 0.9768518518518519 0.07135416666666666 0.046296296296296294
