0 0.3484375 0.04351851851851852 0.057291666666666664 0.08703703703703704
0 0.46197916666666666 0.03888888888888889 0.034375 0.07777777777777778
0 0.31979166666666664 0.12777777777777777 0.159375 0.20925925925925926
0 0.58125 0.16574074074074074 0.3375 0.10925925925925926
0 0.46041666666666664 0.362962962962963 0.140625 0.3685185185185185
0 0.06666666666666667 0.43472222222222223 0.13333333333333333 0.38796296296296295
0 0.31692708333333336 0.5217592592592593 0.12135416666666667 0.47685185185185186
0 0.5966145833333333 0.3189814814814815 0.2921875 0.058333333333333334
0 0.6299479166666667 0.42962962962962964 0.3171875 0.12407407407407407
0 0.584375 0.7092592592592593 0.05416666666666667 0.5814814814814815
0 0.15130208333333334 0.7347222222222223 0.1328125 0.5305555555555556
0 0.37161458333333336 0.8717592592592592 0.0296875 0.2564814814814815
