0 0.3546875 0.03425925925925926 0.07604166666666666 0.06851851851851852
0 0.48880208333333336 0.09675925925925925 0.42552083333333335 0.1935185185185185
0 0.6127604166666667 0.027314814814814816 0.1171875 0.03796296296296296
0 0.615625 0.08564814814814815 0.153125 0.049074074074074076
0 0.35989583333333336 0.3347222222222222 0.20520833333333333 0.3138888888888889
0 0.6526041666666667 0.30648148148148147 0.225 0.10740740740740741
0 0.17161458333333332 0.6666666666666666 0.22760416666666666 0.6666666666666666
0 0.35494791666666664 0.6092592592592593 0.05677083333333333 0.35185185185185186
0 0.6997395833333333 0.6268518518518519 0.33177083333333335 0.08333333333333333
0 0.828125 0.6305555555555555 0.06875 0.044444444444444446
0 0.73828125 0.8180555555555555 0.19322916666666667 0.21574074074074073
0 0.5651041666666666 0.9004629629629629 0.19583333333333333 0.19907407407407407
0 0.43255208333333334 0.9782407407407407 0.0515625 0.04351851851851852
0 0.04791666666666667 0.9893518518518518 0.09583333333333334 0.021296296296296296
