0 0.5200520833333333 0.033796296296296297 0.40572916666666664 0.06759259259259259
0 0.2947916666666667 0.0375 0.06979166666666667 0.06018518518518518
0 0.421875 0.21805555555555556 0.03854166666666667 0.30092592592592593
0 0.6484375 0.1337962962962963 0.11666666666666667 0.11203703703703703
0 0.565625 0.25972222222222224 0.05520833333333333 0.325
0 0.7013020833333333 0.2689814814814815 0.16927083333333334 0.1175925925925926
0 0.32135416666666666 0.29398148148148145 0.14479166666666668 0.08425925925925926
0 0.44088541666666664 0.3902777777777778 0.3640625 0.12314814814814815
0 0.8526041666666667 0.7569444444444444 0.11979166666666667 0.4861111111111111
0 0.6268229166666667 0.6712962962962963 0.28802083333333334 0.1685185185185185
0 0.17213541666666668 0.8361111111111111 0.0703125 0.3277777777777778
