0 0.39791666666666664 0.03148148148148148 0.2520833333333333 0.06296296296296296
0 0.6317708333333333 0.03333333333333333 0.09479166666666666 0.046296296296296294
0 0.33619791666666665 0.16203703703703703 0.3182291666666667 0.22407407407407406
0 0.603125 0.13472222222222222 0.20520833333333333 0.05462962962962963
0 0.265625 0.14305555555555555 0.07291666666666667 0.030555555555555555
0 0.6390625 0.16805555555555557 0.178125 0.032407407407407406
0 0.6138020833333333 0.2449074074074074 0.23385416666666667 0.03796296296296296
0 0.3223958333333333 0.5430555555555555 0.53125 0.4935185185185185
0 0.6674479166666667 0.3648148148148148 0.2682291666666667 0.05555555555555555
0 0.036458333333333336 0.4861111111111111 0.07291666666666667 0.21851851851851853
0 0.7809895833333333 0.48194444444444445 0.10989583333333333 0.1175925925925926
0 0.8341145833333333 0.48518518518518516 0.0296875 0.07962962962962963
0 0.65859375 0.5402777777777777 0.3567708333333333 0.12685185185185185
0 0.7364583333333333 0.638425925925926 0.17604166666666668 0.10462962962962963
0 0.06796875 0.8203703703703704 0.10572916666666667 0.3592592592592593
