0 0.35963541666666665 0.05925925925925926 0.1109375 0.11851851851851852
0 0.5755208333333334 0.06666666666666667 0.30104166666666665 0.08703703703703704
0 0.46979166666666666 0.21666666666666667 0.121875 0.2796296296296296
0 0.12395833333333334 0.2861111111111111 0.11041666666666666 0.32037037037037036
0 0.34479166666666666 0.3337962962962963 0.103125 0.3509259259259259
0 0.5880208333333333 0.18564814814814815 0.2552083333333333 0.04537037037037037
0 0.6171875 0.26990740740740743 0.2760416666666667 0.09351851851851851
0 0.5760416666666667 0.487962962962963 0.04375 0.45185185185185184
0 0.19973958333333333 0.5472222222222223 0.1234375 0.49444444444444446
0 0.38359375 0.7490740740740741 0.0546875 0.5018518518518519
0 0.050520833333333334 0.6449074074074074 0.10104166666666667 0.10092592592592593
