0 0.4427083333333333 0.056018518518518516 0.017708333333333333 0.11203703703703703
0 0.56953125 0.07222222222222222 0.018229166666666668 0.14444444444444443
0 0.6643229166666667 0.05185185185185185 0.12864583333333332 0.07592592592592592
0 0.3658854166666667 0.06712962962962964 0.11510416666666666 0.05277777777777778
0 0.46041666666666664 0.125 0.28229166666666666 0.07407407407407407
0 0.7520833333333333 0.3060185185185185 0.05 0.21944444444444444
0 0.6018229166666667 0.28194444444444444 0.21302083333333333 0.08981481481481482
0 0.22473958333333333 0.5217592592592593 0.14427083333333332 0.475
0 0.7947916666666667 0.49675925925925923 0.042708333333333334 0.1712962962962963
0 0.22109375 0.7185185185185186 0.3067708333333333 0.562962962962963
0 0.675 0.6296296296296297 0.20625 0.1111111111111111
0 0.6869791666666667 0.8203703703703704 0.28125 0.1648148148148148
0 0.8252604166666667 0.9810185185185185 0.08177083333333333 0.03796296296296296
