0 0.3265625 0.09861111111111111 0.06770833333333333 0.19722222222222222
0 0.45338541666666665 0.09212962962962963 0.03802083333333333 0.18425925925925926
0 0.596875 0.014814814814814815 0.21145833333333333 0.025925925925925925
0 0.29244791666666664 0.2513888888888889 0.1734375 0.26944444444444443
0 0.58984375 0.29953703703703705 0.3859375 0.14166666666666666
0 0.44557291666666665 0.5717592592592593 0.1703125 0.5138888888888888
0 0.035416666666666666 0.5023148148148148 0.07083333333333333 0.2101851851851852
0 0.27786458333333336 0.7273148148148149 0.14635416666666667 0.5453703703703704
0 0.60859375 0.5037037037037037 0.3421875 0.08148148148148149
0 0.6486979166666667 0.7851851851851852 0.3776041666666667 0.42962962962962964
0 0.11953125 0.8569444444444444 0.0703125 0.2861111111111111
