0 0.7065104166666667 0.0824074074074074 0.03177083333333333 0.12407407407407407
0 0.5885416666666666 0.07731481481481481 0.171875 0.058333333333333334
0 0.29375 0.21851851851851853 0.10833333333333334 0.2814814814814815
0 0.7348958333333333 0.20046296296296295 0.034375 0.1175925925925926
0 0.47760416666666666 0.3875 0.5802083333333333 0.42685185185185187
0 0.6395833333333333 0.28703703703703703 0.15520833333333334 0.06296296296296296
0 0.6458333333333334 0.3912037037037037 0.20729166666666668 0.08796296296296297
0 0.228125 0.7842592592592592 0.17291666666666666 0.43148148148148147
0 0.7177083333333333 0.8472222222222222 0.34791666666666665 0.24074074074074073
0 0.08255208333333333 0.9527777777777777 0.027604166666666666 0.09444444444444444
