0 0.5200520833333333 0.12129629629629629 0.4890625 0.24259259259259258
0 0.6505208333333333 0.06620370370370371 0.15520833333333334 0.04351851851851852
0 0.24661458333333333 0.2 0.08177083333333333 0.08703703703703704
0 0.39479166666666665 0.48333333333333334 0.052083333333333336 0.4777777777777778
0 0.6763020833333333 0.34305555555555556 0.14427083333333332 0.1675925925925926
0 0.5768229166666666 0.5509259259259259 0.0734375 0.5296296296296297
0 0.7505208333333333 0.5555555555555556 0.22291666666666668 0.1925925925925926
0 0.26276041666666666 0.5972222222222222 0.18177083333333333 0.1388888888888889
0 0.896875 0.6458333333333334 0.035416666666666666 0.06574074074074074
0 0.4158854166666667 0.7620370370370371 0.47760416666666666 0.21481481481481482
