0 0.4669270833333333 0.03194444444444444 0.25364583333333335 0.06388888888888888
0 0.7223958333333333 0.16018518518518518 0.034375 0.1388888888888889
0 0.59375 0.15787037037037038 0.1875 0.06944444444444445
0 0.26588541666666665 0.33425925925925926 0.1203125 0.35
0 0.7572916666666667 0.3060185185185185 0.03958333333333333 0.15462962962962962
0 0.39505208333333336 0.5523148148148148 0.5046875 0.5527777777777778
0 0.6528645833333333 0.4166666666666667 0.17447916666666666 0.08148148148148149
0 0.6611979166666667 0.5504629629629629 0.23489583333333333 0.11388888888888889
0 0.7182291666666667 0.725 0.17083333333333334 0.1574074074074074
0 0.11484375 0.8925925925925926 0.0734375 0.21481481481481482
