0 0.5200520833333333 0.09675925925925925 0.46510416666666665 0.1935185185185185
0 0.6455729166666667 0.032407407407407406 0.14947916666666666 0.03888888888888889
0 0.26015625 0.15324074074074073 0.07864583333333333 0.0787037037037037
0 0.40338541666666666 0.4046296296296296 0.04635416666666667 0.4203703703703704
0 0.6682291666666667 0.2828703703703704 0.13645833333333332 0.14907407407407408
0 0.5729166666666666 0.46435185185185185 0.06875 0.4638888888888889
0 0.7359375 0.47129629629629627 0.20625 0.1685185185185185
0 0.2796875 0.5074074074074074 0.17083333333333334 0.12037037037037036
0 0.871875 0.5439814814814815 0.034375 0.06759259259259259
0 0.4231770833333333 0.65 0.4432291666666667 0.18333333333333332
0 0.88125 0.9194444444444444 0.04375 0.16111111111111112
0 0.5065104166666666 0.9787037037037037 0.07552083333333333 0.04259259259259259
0 0.7932291666666667 0.9796296296296296 0.08854166666666667 0.040740740740740744
