0 0.4200520833333333 0.04583333333333333 0.32864583333333336 0.09166666666666666
0 0.63046875 0.025925925925925925 0.030729166666666665 0.05185185185185185
0 0.46458333333333335 0.2722222222222222 0.103125 0.3296296296296296
0 0.30182291666666666 0.13796296296296295 0.22864583333333333 0.03333333333333333
0 0.640625 0.32592592592592595 0.22708333333333333 0.34444444444444444
0 0.20729166666666668 0.33564814814814814 0.1375 0.09722222222222222
0 0.33932291666666664 0.7092592592592593 0.2994791666666667 0.5814814814814815
0 0.4705729166666667 0.5476851851851852 0.2786458333333333 0.058333333333333334
0 0.5364583333333334 0.8569444444444444 0.4354166666666667 0.2861111111111111
0 0.03828125 0.975 0.0765625 0.05
