0 0.6658854166666667 0.012962962962962963 0.07864583333333333 0.025925925925925925
0 0.47239583333333335 0.06435185185185185 0.3177083333333333 0.06388888888888888
0 0.2716145833333333 0.15833333333333333 0.15989583333333332 0.04814814814814815
0 0.5799479166666667 0.2439814814814815 0.43072916666666666 0.12685185185185185
0 0.5692708333333333 0.30787037037037035 0.11458333333333333 0.10648148148148148
0 0.31666666666666665 0.324537037037037 0.3770833333333333 0.09537037037037037
0 0.49609375 0.700925925925926 0.0453125 0.5981481481481481
0 0.1828125 0.774074074074074 0.365625 0.45185185185185184
0 0.6921875 0.6393518518518518 0.2989583333333333 0.08425925925925926
0 0.36666666666666664 0.7143518518518519 0.14166666666666666 0.1935185185185185
0 0.4549479166666667 0.9731481481481481 0.06302083333333333 0.053703703703703705
