0 0.30078125 0.09444444444444444 0.059895833333333336 0.18888888888888888
0 0.5333333333333333 0.029166666666666667 0.07083333333333333 0.03796296296296296
0 0.41848958333333336 0.03333333333333333 0.16302083333333334 0.025925925925925925
0 0.24427083333333333 0.05416666666666667 0.09375 0.041666666666666664
0 0.6682291666666667 0.3287037037037037 0.07395833333333333 0.3685185185185185
0 0.359375 0.4134259259259259 0.50625 0.3972222222222222
0 0.27630208333333334 0.28425925925925927 0.1046875 0.08703703703703704
0 0.44505208333333335 0.8263888888888888 0.11822916666666666 0.3472222222222222
0 0.16901041666666666 0.7356481481481482 0.3380208333333333 0.08796296296296297
0 0.7479166666666667 0.8916666666666667 0.051041666666666666 0.21666666666666667
