0 0.2833333333333333 0.03425925925925926 0.03333333333333333 0.06851851851851852
0 0.45729166666666665 0.011574074074074073 0.146875 0.023148148148148147
0 0.55546875 0.06759259259259259 0.0328125 0.13518518518518519
0 0.3302083333333333 0.046296296296296294 0.06354166666666666 0.06851851851851852
0 0.6859375 0.12962962962962962 0.06145833333333333 0.23333333333333334
0 0.4875 0.04212962962962963 0.09791666666666667 0.03981481481481482
0 0.13541666666666666 0.24166666666666667 0.12604166666666666 0.29444444444444445
0 0.8356770833333333 0.24074074074074073 0.10052083333333334 0.040740740740740744
0 0.5609375 0.47453703703703703 0.4864583333333333 0.44166666666666665
0 0.7049479166666667 0.2824074074074074 0.13489583333333333 0.040740740740740744
0 0.23020833333333332 0.6458333333333334 0.0625 0.5638888888888889
0 0.88359375 0.38981481481481484 0.12552083333333333 0.03888888888888889
0 0.5294270833333333 0.6805555555555556 0.16822916666666668 0.5944444444444444
0 0.04921875 0.7083333333333334 0.0984375 0.26851851851851855
0 0.421875 0.8148148148148148 0.014583333333333334 0.37037037037037035
