0 0.20052083333333334 0.08333333333333333 0.078125 0.16666666666666666
0 0.671875 0.03611111111111111 0.029166666666666667 0.07222222222222222
0 0.7828125 0.06805555555555555 0.084375 0.026851851851851852
0 0.5536458333333333 0.2162037037037037 0.39375 0.27870370370370373
0 0.6736979166666667 0.09675925925925925 0.1109375 0.026851851851851852
0 0.29973958333333334 0.3194444444444444 0.028645833333333332 0.337037037037037
0 0.8143229166666667 0.1675925925925926 0.1015625 0.025925925925925925
0 0.5283854166666667 0.3398148148148148 0.1296875 0.35185185185185186
0 0.0984375 0.5194444444444445 0.18854166666666666 0.4703703703703704
0 0.46328125 0.5736111111111111 0.043229166666666666 0.5101851851851852
0 0.2828125 0.7240740740740741 0.15625 0.16296296296296298
0 0.041666666666666664 0.975462962962963 0.05520833333333333 0.049074074074074076
0 0.4479166666666667 0.9796296296296296 0.041666666666666664 0.040740740740740744
