0 0.5536458333333333 0.031018518518518518 0.030208333333333334 0.062037037037037036
0 0.6778645833333333 0.07731481481481481 0.04635416666666667 0.15462962962962962
0 0.17265625 0.14953703703703702 0.1046875 0.24351851851851852
0 0.8083333333333333 0.15 0.09166666666666666 0.03333333333333333
0 0.5565104166666667 0.3351851851851852 0.43697916666666664 0.35
0 0.6888020833333334 0.18425925925925926 0.12239583333333333 0.03333333333333333
0 0.2682291666666667 0.4671296296296296 0.042708333333333334 0.43425925925925923
0 0.8466145833333333 0.2712962962962963 0.11302083333333333 0.03148148148148148
0 0.52890625 0.49398148148148147 0.1484375 0.4546296296296296
0 0.07473958333333333 0.6171296296296296 0.14947916666666666 0.3990740740740741
0 0.45260416666666664 0.7305555555555555 0.046875 0.5388888888888889
0 0.17213541666666668 0.9467592592592593 0.05260416666666667 0.10648148148148148
