0 0.378125 0.020833333333333332 0.26875 0.041666666666666664
0 0.5622395833333333 0.018055555555555554 0.07447916666666667 0.03611111111111111
0 0.29140625 0.45555555555555555 0.5526041666666667 0.7981481481481482
0 0.6375 0.16666666666666666 0.19791666666666666 0.037037037037037035
0 0.42526041666666664 0.19814814814814816 0.08697916666666666 0.08148148148148149
0 0.58046875 0.7231481481481481 0.06302083333333333 0.5537037037037037
0 0.66484375 0.5101851851851852 0.11614583333333334 0.11666666666666667
0 0.3515625 0.6291666666666667 0.3572916666666667 0.11944444444444445
0 0.14661458333333333 0.7796296296296297 0.10677083333333333 0.24814814814814815
0 0.7950520833333333 0.8296296296296296 0.07135416666666666 0.34074074074074073
0 0.45 0.7620370370370371 0.18333333333333332 0.13518518518518519
