0 0.30911458333333336 0.01712962962962963 0.0734375 0.03425925925925926
0 0.38203125 0.08657407407407407 0.059895833333333336 0.17314814814814813
0 0.54296875 0.03796296296296296 0.2390625 0.07592592592592592
0 0.56171875 0.18472222222222223 0.3390625 0.05277777777777778
0 0.70234375 0.27175925925925926 0.12864583333333332 0.08055555555555556
0 0.44947916666666665 0.3875 0.446875 0.11944444444444445
0 0.15546875 0.5768518518518518 0.2296875 0.10185185185185185
0 0.61171875 0.7717592592592593 0.6526041666666667 0.2916666666666667
0 0.55390625 0.8972222222222223 0.10364583333333334 0.20555555555555555
0 0.20598958333333334 0.9236111111111112 0.0828125 0.1527777777777778
0 0.35260416666666666 0.9800925925925926 0.075 0.03981481481481482
