0 0.3815104166666667 0.0125 0.2630208333333333 0.025
0 0.3015625 0.4134259259259259 0.5302083333333333 0.7490740740740741
0 0.6346354166666667 0.1439814814814815 0.19322916666666667 0.03611111111111111
0 0.428125 0.17407407407407408 0.08541666666666667 0.07777777777777778
0 0.5776041666666667 0.7041666666666667 0.06145833333333333 0.5916666666666667
0 0.6606770833333333 0.4685185185185185 0.11302083333333333 0.10925925925925926
0 0.3580729166666667 0.5791666666666667 0.3453125 0.11203703703703703
0 0.16197916666666667 0.7175925925925926 0.10416666666666667 0.22592592592592592
0 0.7927083333333333 0.8037037037037037 0.08333333333333333 0.3925925925925926
0 0.453125 0.7023148148148148 0.17604166666666668 0.125
