0 0.37421875 0.1537037037037037 0.36822916666666666 0.3074074074074074
0 0.5627604166666667 0.2662037037037037 0.0421875 0.30833333333333335
0 0.6270833333333333 0.14444444444444443 0.08541666666666667 0.06111111111111111
0 0.40546875 0.2037037037037037 0.25052083333333336 0.05925925925925926
0 0.2734375 0.2722222222222222 0.078125 0.1111111111111111
0 0.73515625 0.4203703703703704 0.09322916666666667 0.40555555555555556
0 0.47578125 0.2652777777777778 0.12447916666666667 0.062037037037037036
0 0.04791666666666667 0.48009259259259257 0.09583333333333334 0.25462962962962965
0 0.9411458333333333 0.6138888888888889 0.11770833333333333 0.07407407407407407
0 0.58046875 0.8185185185185185 0.6973958333333333 0.362962962962963
0 0.7729166666666667 0.6930555555555555 0.184375 0.0787037037037037
0 0.12942708333333333 0.9277777777777778 0.0234375 0.14444444444444443
0 0.5486979166666667 0.9490740740740741 0.0234375 0.10185185185185185
0 0.9765625 0.9337962962962963 0.046875 0.03611111111111111
