0 0.5684895833333333 0.03888888888888889 0.34322916666666664 0.07777777777777778
0 0.5606770833333333 0.07777777777777778 0.0890625 0.06666666666666667
0 0.3645833333333333 0.0875 0.29375 0.058333333333333334
0 0.2864583333333333 0.5550925925925926 0.5729166666666666 0.8416666666666667
0 0.6486979166666667 0.26805555555555555 0.21927083333333333 0.04537037037037037
0 0.41302083333333334 0.30694444444444446 0.09791666666666667 0.10092592592592593
0 0.5625 0.8125 0.020833333333333332 0.375
0 0.6854166666666667 0.7087962962962963 0.13229166666666667 0.15648148148148147
0 0.3216145833333333 0.8717592592592592 0.4161458333333333 0.16574074074074074
0 0.037760416666666664 0.9537037037037037 0.027604166666666666 0.09259259259259259
0 0.81640625 0.9555555555555556 0.0328125 0.08888888888888889
0 0.3502604166666667 0.9805555555555555 0.04635416666666667 0.03888888888888889
