0 0.27239583333333334 0.09027777777777778 0.084375 0.18055555555555555
0 0.559375 0.14675925925925926 0.0375 0.24166666666666667
0 0.6174479166666667 0.05185185185185185 0.0765625 0.04814814814814815
0 0.41901041666666666 0.09861111111111111 0.22447916666666667 0.04722222222222222
0 0.3033854166666667 0.15324074074074073 0.0703125 0.08796296296296297
0 0.70859375 0.26481481481481484 0.07552083333333333 0.3074074074074074
0 0.48203125 0.1476851851851852 0.1109375 0.049074074074074076
0 0.07526041666666666 0.39814814814814814 0.15052083333333333 0.36666666666666664
0 0.8872395833333333 0.4111111111111111 0.11614583333333334 0.05555555555555555
0 0.5692708333333333 0.7134259259259259 0.5802083333333333 0.5731481481481482
0 0.7354166666666667 0.4675925925925926 0.15729166666666666 0.05740740740740741
0 0.18046875 0.7907407407407407 0.0546875 0.4185185185185185
0 0.9395833333333333 0.6194444444444445 0.12083333333333333 0.05740740740740741
0 0.5015625 0.8050925925925926 0.15208333333333332 0.38981481481481484
