0 0.38177083333333334 0.09814814814814815 0.06875 0.1962962962962963
0 0.54296875 0.04722222222222222 0.24427083333333333 0.09444444444444444
0 0.3015625 0.02638888888888889 0.08020833333333334 0.05092592592592592
0 0.5630208333333333 0.20925925925925926 0.346875 0.05555555555555555
0 0.7072916666666667 0.30092592592592593 0.13229166666666667 0.08518518518518518
0 0.446875 0.42314814814814816 0.46041666666666664 0.12777777777777777
0 0.14244791666666667 0.625 0.23802083333333332 0.10925925925925926
0 0.6158854166666666 0.8361111111111111 0.6796875 0.31666666666666665
0 0.53046875 0.9300925925925926 0.0609375 0.1398148148148148
0 0.17317708333333334 0.9587962962962963 0.049479166666666664 0.0824074074074074
