0 0.34453125 0.11018518518518519 0.058854166666666666 0.22037037037037038
0 0.26848958333333334 0.03564814814814815 0.11510416666666666 0.03796296296296296
0 0.55546875 0.08703703703703704 0.2140625 0.02962962962962963
0 0.35520833333333335 0.25925925925925924 0.13541666666666666 0.08518518518518518
0 0.16770833333333332 0.5722222222222222 0.14479166666666668 0.5111111111111111
0 0.5338541666666666 0.42592592592592593 0.10520833333333333 0.08518518518518518
0 0.3619791666666667 0.43472222222222223 0.24375 0.05648148148148148
0 0.09557291666666666 0.4842592592592593 0.13802083333333334 0.0962962962962963
0 0.7174479166666666 0.8532407407407407 0.04635416666666667 0.2935185185185185
0 0.47552083333333334 0.9523148148148148 0.016666666666666666 0.09537037037037037
