0 0.421875 0.03657407407407407 0.321875 0.07314814814814814
0 0.46640625 0.24444444444444444 0.10052083333333334 0.3111111111111111
0 0.30703125 0.11712962962962963 0.22239583333333332 0.030555555555555555
0 0.6375 0.29583333333333334 0.22083333333333333 0.325
0 0.21666666666666667 0.3055555555555556 0.13333333333333333 0.09259259259259259
0 0.3455729166666667 0.6791666666666667 0.2911458333333333 0.5916666666666667
0 0.47239583333333335 0.5050925925925925 0.26979166666666665 0.05462962962962963
0 0.5361979166666667 0.8300925925925926 0.4171875 0.3398148148148148
0 0.09973958333333334 0.924074074074074 0.19947916666666668 0.15185185185185185
0 0.21692708333333333 0.9486111111111111 0.0734375 0.10277777777777777
