0 0.6010416666666667 0.02962962962962963 0.26875 0.05925925925925926
0 0.5604166666666667 0.06018518518518518 0.0875 0.06296296296296296
0 0.36796875 0.06944444444444445 0.2869791666666667 0.05555555555555555
0 0.28567708333333336 0.5273148148148148 0.5713541666666667 0.8268518518518518
0 0.64609375 0.24212962962962964 0.2140625 0.04537037037037037
0 0.41640625 0.27824074074074073 0.0953125 0.09537037037037037
0 0.5614583333333333 0.7888888888888889 0.019791666666666666 0.4222222222222222
0 0.6802083333333333 0.6555555555555556 0.128125 0.14444444444444443
0 0.3299479166666667 0.8055555555555556 0.4005208333333333 0.15185185185185185
0 0.05416666666666667 0.9194444444444444 0.042708333333333334 0.16111111111111112
0 0.8088541666666667 0.9208333333333333 0.03958333333333333 0.15833333333333333
0 0.3984375 0.9439814814814815 0.12604166666666666 0.11203703703703703
0 0.5263020833333333 0.9773148148148149 0.0328125 0.04537037037037037
