0 0.35546875 0.05138888888888889 0.0296875 0.10277777777777777
0 0.3768229166666667 0.13148148148148148 0.11927083333333334 0.06481481481481481
0 0.22682291666666668 0.35648148148148145 0.10364583333333334 0.362962962962963
0 0.53359375 0.2564814814814815 0.09010416666666667 0.06111111111111111
0 0.38619791666666664 0.26296296296296295 0.20989583333333334 0.04259259259259259
0 0.15963541666666667 0.2986111111111111 0.11927083333333334 0.06944444444444445
0 0.72890625 0.7282407407407407 0.12447916666666667 0.5435185185185185
0 0.46640625 0.7944444444444444 0.05364583333333333 0.4111111111111111
0 0.17161458333333332 0.725925925925926 0.14010416666666667 0.17777777777777778
0 0.309375 0.9726851851851852 0.0625 0.05462962962962963
