0 0.39036458333333335 0.11064814814814815 0.09427083333333333 0.2212962962962963
0 0.54296875 0.05694444444444444 0.25052083333333336 0.11388888888888889
0 0.29713541666666665 0.041666666666666664 0.08072916666666667 0.053703703703703705
0 0.5638020833333334 0.23333333333333334 0.35572916666666665 0.05740740740740741
0 0.7122395833333334 0.33055555555555555 0.13697916666666668 0.08888888888888889
0 0.44375 0.46064814814814814 0.47604166666666664 0.1361111111111111
0 0.128125 0.6763888888888889 0.24583333333333332 0.1175925925925926
0 0.5299479166666666 0.8666666666666667 0.5276041666666667 0.26666666666666666
0 0.51953125 0.9657407407407408 0.04010416666666667 0.06851851851851852
0 0.9528645833333333 0.9805555555555555 0.044270833333333336 0.03888888888888889
