0 0.42994791666666665 0.004629629629629629 0.1671875 0.009259259259259259
0 0.3109375 0.37407407407407406 0.509375 0.7037037037037037
0 0.6325520833333333 0.12314814814814815 0.18802083333333333 0.03518518518518519
0 0.43072916666666666 0.15185185185185185 0.08333333333333333 0.07407407407407407
0 0.5760416666666667 0.6643518518518519 0.058333333333333334 0.5824074074074074
0 0.6567708333333333 0.42916666666666664 0.109375 0.10277777777777777
0 0.36328125 0.5333333333333333 0.3338541666666667 0.1037037037037037
0 0.17604166666666668 0.6615740740740741 0.10104166666666667 0.2101851851851852
0 0.7880208333333333 0.7796296296296297 0.08958333333333333 0.44074074074074077
0 0.45598958333333334 0.6467592592592593 0.16927083333333334 0.11574074074074074
