0 0.53984375 0.03796296296296296 0.0234375 0.07592592592592592
0 0.3372395833333333 0.14675925925925926 0.0671875 0.25833333333333336
0 0.2565104166666667 0.07175925925925926 0.1203125 0.041666666666666664
0 0.5567708333333333 0.12824074074074074 0.22395833333333334 0.032407407407407406
0 0.34479166666666666 0.3199074074074074 0.14270833333333333 0.09537037037037037
0 0.13723958333333333 0.6824074074074075 0.16822916666666668 0.5962962962962963
0 0.5338541666666666 0.5087962962962963 0.1125 0.09537037037037037
0 0.3502604166666667 0.5185185185185185 0.2609375 0.06481481481481481
0 0.06875 0.575462962962963 0.1375 0.11018518518518519
0 0.7268229166666667 0.9175925925925926 0.0359375 0.1648148148148148
