0 0.34739583333333335 0.24166666666666667 0.428125 0.48333333333333334
0 0.6221354166666667 0.030555555555555555 0.16927083333333334 0.027777777777777776
0 0.44166666666666665 0.053703703703703705 0.07395833333333333 0.05925925925925926
0 0.5684895833333333 0.4324074074074074 0.049479166666666664 0.412962962962963
0 0.63984375 0.26805555555555555 0.0953125 0.07685185185185185
0 0.38723958333333336 0.3449074074074074 0.2859375 0.07685185185185185
0 0.23229166666666667 0.43657407407407406 0.08854166666666667 0.14907407407407408
0 0.7716145833333333 0.6486111111111111 0.11927083333333334 0.5694444444444444
0 0.4674479166666667 0.42685185185185187 0.14322916666666666 0.08333333333333333
0 0.010416666666666666 0.586574074074074 0.020833333333333332 0.0824074074074074
0 0.9364583333333333 0.9666666666666667 0.04791666666666667 0.06666666666666667
0 0.9815104166666667 0.9574074074074074 0.03697916666666667 0.040740740740740744
