0 0.5872395833333334 0.007407407407407408 0.20677083333333332 0.014814814814814815
0 0.6661458333333333 0.052314814814814814 0.1 0.049074074074074076
0 0.46822916666666664 0.12175925925925926 0.340625 0.0712962962962963
0 0.2515625 0.22870370370370371 0.171875 0.05740740740740741
0 0.5846354166666666 0.33055555555555555 0.4671875 0.15
0 0.5729166666666666 0.4060185185185185 0.125 0.125
0 0.29713541666666665 0.4263888888888889 0.41302083333333334 0.11203703703703703
0 0.48151041666666666 0.7592592592592593 0.028645833333333332 0.48148148148148145
0 0.024479166666666666 0.8152777777777778 0.04895833333333333 0.23425925925925925
0 0.7125 0.812037037037037 0.33541666666666664 0.10555555555555556
0 0.35208333333333336 0.8925925925925926 0.14791666666666667 0.21481481481481482
