0 0.47239583333333335 0.1476851851851852 0.090625 0.2564814814814815
0 0.32578125 0.04351851851851852 0.20364583333333333 0.027777777777777776
0 0.6263020833333334 0.18935185185185185 0.1984375 0.2638888888888889
0 0.24739583333333334 0.19907407407407407 0.121875 0.07592592592592592
0 0.36614583333333334 0.4861111111111111 0.25833333333333336 0.44814814814814813
0 0.47942708333333334 0.3574074074074074 0.23802083333333332 0.04259259259259259
0 0.5359375 0.7384259259259259 0.35520833333333335 0.5231481481481481
0 0.17161458333333332 0.7814814814814814 0.34322916666666664 0.43703703703703706
0 0.019270833333333334 0.9643518518518519 0.03854166666666667 0.0712962962962963
0 0.09270833333333334 0.9819444444444444 0.053125 0.03611111111111111
