0 0.27421875 0.018518518518518517 0.11302083333333333 0.037037037037037035
0 0.34713541666666664 0.09675925925925925 0.05260416666666667 0.1935185185185185
0 0.5549479166666667 0.06712962962962964 0.2078125 0.028703703703703703
0 0.35989583333333336 0.2310185185185185 0.13229166666666667 0.08055555555555556
0 0.18125 0.5231481481481481 0.134375 0.4759259259259259
0 0.5338541666666666 0.38842592592592595 0.10208333333333333 0.0787037037037037
0 0.36692708333333335 0.3958333333333333 0.23697916666666666 0.05277777777777778
0 0.10989583333333333 0.44166666666666665 0.134375 0.09074074074074075
0 0.7145833333333333 0.8245370370370371 0.053125 0.3509259259259259
0 0.4739583333333333 0.9148148148148149 0.025 0.17037037037037037
0 0.04296875 0.9490740740740741 0.044270833333333336 0.10185185185185185
