0 0.2591145833333333 0.13703703703703704 0.1171875 0.2740740740740741
0 0.44479166666666664 0.02175925925925926 0.22604166666666667 0.04351851851851852
0 0.5619791666666667 0.23564814814814813 0.040625 0.2916666666666667
0 0.625 0.12083333333333333 0.08333333333333333 0.05648148148148148
0 0.40859375 0.17685185185185184 0.24427083333333333 0.05555555555555555
0 0.28125 0.24166666666666667 0.07604166666666666 0.10555555555555556
0 0.7278645833333334 0.37962962962962965 0.08802083333333334 0.37962962962962965
0 0.47760416666666666 0.2351851851851852 0.12083333333333333 0.05925925925925926
0 0.054947916666666666 0.45601851851851855 0.10989583333333333 0.27870370370370373
0 0.9330729166666667 0.5606481481481481 0.12864583333333332 0.06944444444444445
0 0.5776041666666667 0.7907407407407407 0.665625 0.4185185185185185
0 0.7627604166666667 0.6328703703703704 0.17760416666666667 0.07314814814814814
0 0.1421875 0.8907407407407407 0.03229166666666667 0.21851851851851853
0 0.5278645833333333 0.9097222222222222 0.06614583333333333 0.18055555555555555
0 0.9661458333333334 0.8523148148148149 0.06770833333333333 0.032407407407407406
