0 0.34296875 0.017592592592592594 0.05572916666666667 0.03518518518518519
0 0.4973958333333333 0.010185185185185186 0.07604166666666666 0.020370370370370372
0 0.5541666666666667 0.04212962962962963 0.03125 0.08425925925925926
0 0.6799479166666667 0.0912037037037037 0.0515625 0.1824074074074074
0 0.16145833333333334 0.17685185185185184 0.11041666666666666 0.2574074074074074
0 0.81640625 0.17731481481481481 0.09427083333333333 0.03611111111111111
0 0.5575520833333333 0.37592592592592594 0.4515625 0.37592592592592594
0 0.6934895833333333 0.21342592592592594 0.12552083333333333 0.03611111111111111
0 0.25729166666666664 0.5189814814814815 0.04791666666666667 0.46944444444444444
0 0.8580729166666666 0.30648148148148147 0.11614583333333334 0.03333333333333333
0 0.5291666666666667 0.5476851851851852 0.153125 0.4935185185185185
0 0.0671875 0.6402777777777777 0.134375 0.3527777777777778
0 0.434375 0.7546296296296297 0.01875 0.49074074074074076
