0 0.5565104166666667 0.028703703703703703 0.2828125 0.037037037037037035
0 0.6721354166666667 0.08842592592592592 0.1046875 0.05462962962962963
0 0.46510416666666665 0.1648148148148148 0.3572916666666667 0.07777777777777778
0 0.23671875 0.28379629629629627 0.18177083333333333 0.062037037037037036
0 0.5885416666666666 0.3972222222222222 0.49583333333333335 0.1685185185185185
0 0.5755208333333334 0.4828703703703704 0.13333333333333333 0.14166666666666666
0 0.28098958333333335 0.5041666666666667 0.4401041666666667 0.1287037037037037
0 0.47265625 0.8055555555555556 0.0203125 0.3888888888888889
0 0.72890625 0.9453703703703704 0.36614583333333334 0.10925925925925926
0 0.3924479166666667 0.9606481481481481 0.0484375 0.0787037037037037
