0 0.32447916666666665 0.0912037037037037 0.20729166666666668 0.1824074074074074
0 0.56875 0.07453703703703704 0.290625 0.05648148148148148
0 0.2786458333333333 0.15694444444444444 0.21458333333333332 0.175
0 0.5807291666666666 0.2152777777777778 0.35 0.06018518518518518
0 0.37890625 0.38472222222222224 0.6348958333333333 0.3675925925925926
0 0.4375 0.25972222222222224 0.09895833333333333 0.09722222222222222
0 0.7270833333333333 0.31296296296296294 0.13541666666666666 0.08888888888888889
0 0.63671875 0.8435185185185186 0.6921875 0.31296296296296294
0 0.0640625 0.8791666666666667 0.128125 0.10648148148148148
0 0.5442708333333334 0.9402777777777778 0.05520833333333333 0.11944444444444445
0 0.18697916666666667 0.9634259259259259 0.04895833333333333 0.07314814814814814
