0 0.38229166666666664 0.010185185185185186 0.2760416666666667 0.020370370370370372
0 0.40390625 0.1648148148148148 0.32864583333333336 0.2759259259259259
0 0.396875 0.09212962962962963 0.1 0.049074074074074076
0 0.6630208333333333 0.13240740740740742 0.24270833333333333 0.03518518518518519
0 0.43411458333333336 0.15648148148148147 0.08489583333333334 0.07407407407407407
0 0.5778645833333333 0.22361111111111112 0.10885416666666667 0.08611111111111111
0 0.7416666666666667 0.46620370370370373 0.321875 0.08611111111111111
0 0.3609375 0.5425925925925926 0.3333333333333333 0.11481481481481481
0 0.76015625 0.7736111111111111 0.2359375 0.45092592592592595
0 0.25026041666666665 0.7550925925925925 0.25885416666666666 0.38981481481481484
0 0.45208333333333334 0.6611111111111111 0.17083333333333334 0.12222222222222222
