0 0.5447916666666667 0.04490740740740741 0.19791666666666666 0.05277777777777778
0 0.45286458333333335 0.053703703703703705 0.16822916666666668 0.02962962962962963
0 0.24375 0.07083333333333333 0.09583333333333334 0.04537037037037037
0 0.4825520833333333 0.18935185185185185 0.24010416666666667 0.03611111111111111
0 0.22135416666666666 0.24351851851851852 0.3458333333333333 0.03888888888888889
0 0.3111979166666667 0.31851851851851853 0.10885416666666667 0.0962962962962963
0 0.5966145833333333 0.4027777777777778 0.23489583333333333 0.12407407407407407
0 0.5325520833333334 0.5194444444444445 0.2640625 0.17407407407407408
0 0.35078125 0.5731481481481482 0.42552083333333335 0.17222222222222222
0 0.065625 0.6671296296296296 0.13125 0.07314814814814814
0 0.68515625 0.6995370370370371 0.1953125 0.125
0 0.19140625 0.8064814814814815 0.3828125 0.09444444444444444
0 0.4864583333333333 0.9407407407407408 0.12604166666666666 0.11851851851851852
