0 0.25364583333333335 0.018055555555555554 0.11145833333333334 0.03611111111111111
0 0.4940104166666667 0.011111111111111112 0.10989583333333333 0.022222222222222223
0 0.6140625 0.03333333333333333 0.10625 0.037037037037037035
0 0.3497395833333333 0.06388888888888888 0.20885416666666667 0.027777777777777776
0 0.5692708333333333 0.14212962962962963 0.23125 0.1175925925925926
0 0.6276041666666666 0.24953703703703703 0.20520833333333333 0.1398148148148148
0 0.26979166666666665 0.2263888888888889 0.125 0.0824074074074074
0 0.35260416666666666 0.5356481481481481 0.3489583333333333 0.4935185185185185
0 0.5572916666666666 0.4064814814814815 0.3416666666666667 0.08333333333333333
0 0.1046875 0.4412037037037037 0.13229166666666667 0.09351851851851851
0 0.6658854166666667 0.6027777777777777 0.3411458333333333 0.1388888888888889
0 0.1859375 0.7384259259259259 0.371875 0.28055555555555556
0 0.5734375 0.7125 0.37395833333333334 0.08425925925925926
