0 0.37005208333333334 0.02638888888888889 0.08177083333333333 0.05092592592592592
0 0.5770833333333333 0.06944444444444445 0.16666666666666666 0.06481481481481481
0 0.53125 0.12731481481481483 0.18541666666666667 0.08425925925925926
0 0.4049479166666667 0.15324074074074073 0.29635416666666664 0.08055555555555556
0 0.19348958333333333 0.18611111111111112 0.13489583333333333 0.05555555555555555
0 0.6333333333333333 0.21157407407407408 0.13020833333333334 0.05648148148148148
0 0.3065104166666667 0.25787037037037036 0.25885416666666666 0.041666666666666664
0 0.5783854166666667 0.3819444444444444 0.29322916666666665 0.18611111111111112
0 0.6580729166666667 0.5606481481481481 0.26927083333333335 0.2361111111111111
0 0.19401041666666666 0.5194444444444445 0.15677083333333333 0.13703703703703704
0 0.3458333333333333 0.8134259259259259 0.35833333333333334 0.3731481481481482
0 0.5653645833333333 0.837037037037037 0.46510416666666665 0.14814814814814814
0 0.016145833333333335 0.9208333333333333 0.03229166666666667 0.04722222222222222
