0 0.5859375 0.07546296296296297 0.365625 0.12129629629629629
0 0.27395833333333336 0.06435185185185185 0.10208333333333333 0.032407407407407406
0 0.3489583333333333 0.11342592592592593 0.3385416666666667 0.07314814814814814
0 0.3763020833333333 0.36018518518518516 0.4015625 0.4
0 0.37213541666666666 0.2513888888888889 0.1171875 0.06759259259259259
0 0.6890625 0.30833333333333335 0.2916666666666667 0.046296296296296294
0 0.4140625 0.34305555555555556 0.103125 0.10648148148148148
0 0.5888020833333333 0.44212962962962965 0.13385416666666666 0.1287037037037037
0 0.7979166666666667 0.825 0.4041666666666667 0.1425925925925926
0 0.2604166666666667 0.9287037037037037 0.33541666666666664 0.1425925925925926
0 0.44947916666666665 0.9555555555555556 0.09166666666666666 0.08888888888888889
