0 0.3385416666666667 0.044444444444444446 0.13958333333333334 0.08888888888888889
0 0.41015625 0.022685185185185187 0.0671875 0.04537037037037037
0 0.5723958333333333 0.06805555555555555 0.296875 0.04351851851851852
0 0.40651041666666665 0.18287037037037038 0.5182291666666666 0.25092592592592594
0 0.45208333333333334 0.09861111111111111 0.084375 0.0712962962962963
0 0.6950520833333333 0.1375 0.11197916666666667 0.062037037037037036
0 0.6236979166666666 0.5268518518518519 0.5640625 0.28703703703703703
0 0.14192708333333334 0.49583333333333335 0.1546875 0.07314814814814814
0 0.2552083333333333 0.6162037037037037 0.5104166666666666 0.17685185185185184
0 0.4744791666666667 0.8666666666666667 0.0125 0.26666666666666666
0 0.19765625 0.9458333333333333 0.07135416666666666 0.10833333333333334
