0 0.6528645833333333 0.01898148148148148 0.07760416666666667 0.03425925925925926
0 0.5013020833333334 0.06388888888888888 0.27447916666666666 0.06481481481481481
0 0.30572916666666666 0.2111111111111111 0.071875 0.2740740740740741
0 0.6643229166666667 0.09351851851851851 0.0796875 0.025925925925925925
0 0.4973958333333333 0.1287037037037037 0.07708333333333334 0.06851851851851852
0 0.6388020833333333 0.20925925925925926 0.12135416666666667 0.06111111111111111
0 0.503125 0.2875 0.28541666666666665 0.03425925925925926
0 0.66171875 0.6439814814814815 0.0734375 0.5657407407407408
0 0.37083333333333335 0.7060185185185185 0.06875 0.5879629629629629
0 0.29270833333333335 0.5736111111111111 0.13541666666666666 0.20833333333333334
