0 0.3697916666666667 0.02638888888888889 0.0875 0.05277777777777778
0 0.5708333333333333 0.03333333333333333 0.2833333333333333 0.040740740740740744
0 0.4127604166666667 0.1375 0.49114583333333334 0.22870370370370371
0 0.4552083333333333 0.06157407407407407 0.08125 0.06388888888888888
0 0.6875 0.0962962962962963 0.10625 0.05740740740740741
0 0.61640625 0.4444444444444444 0.5276041666666667 0.2518518518518518
0 0.16510416666666666 0.41759259259259257 0.14583333333333334 0.06481481481481481
0 0.26458333333333334 0.5231481481481481 0.49583333333333335 0.1537037037037037
0 0.48151041666666666 0.812037037037037 0.0171875 0.37592592592592594
0 0.28203125 0.8435185185185186 0.18072916666666666 0.1685185185185185
0 0.9356770833333333 0.9643518518518519 0.12864583333333332 0.0712962962962963
0 0.4046875 0.9694444444444444 0.040625 0.06111111111111111
