0 0.4473958333333333 0.009722222222222222 0.09270833333333334 0.019444444444444445
0 0.2953125 0.02638888888888889 0.19895833333333332 0.025
0 0.5388020833333333 0.09722222222222222 0.1421875 0.03148148148148148
0 0.41302083333333334 0.18564814814814815 0.128125 0.075
0 0.5510416666666667 0.3199074074074074 0.26458333333333334 0.09537037037037037
0 0.42604166666666665 0.33611111111111114 0.225 0.053703703703703705
0 0.14244791666666667 0.36712962962962964 0.12552083333333333 0.0824074074074074
0 0.46119791666666665 0.5962962962962963 0.34427083333333336 0.07222222222222222
0 0.16458333333333333 0.7101851851851851 0.32916666666666666 0.07962962962962963
0 0.20026041666666666 0.8791666666666667 0.1546875 0.2175925925925926
0 0.49973958333333335 0.9652777777777778 0.09739583333333333 0.06944444444444445
