0 0.48880208333333336 0.06620370370370371 0.20885416666666667 0.028703703703703703
0 0.2638020833333333 0.10694444444444444 0.2994791666666667 0.028703703703703703
0 0.3424479166666667 0.16203703703703703 0.0953125 0.07037037037037037
0 0.5859375 0.2222222222222222 0.19791666666666666 0.08888888888888889
0 0.5317708333333333 0.3055555555555556 0.22083333333333333 0.12222222222222222
0 0.38046875 0.34120370370370373 0.3546875 0.11944444444444445
0 0.12239583333333333 0.38981481481481484 0.16145833333333334 0.08148148148148149
0 0.65546875 0.42777777777777776 0.15989583333333332 0.08333333333333333
0 0.25234375 0.49722222222222223 0.3203125 0.06111111111111111
0 0.5901041666666667 0.6962962962962963 0.3729166666666667 0.3
0 0.5872395833333334 0.8953703703703704 0.1328125 0.20925925925925926
0 0.05130208333333333 0.9027777777777778 0.10260416666666666 0.19444444444444445
0 0.15598958333333332 0.9800925925925926 0.06510416666666667 0.03981481481481482
