0 0.3640625 0.005092592592592593 0.19166666666666668 0.010185185185185186
0 0.5661458333333333 0.06388888888888888 0.21145833333333333 0.09814814814814815
0 0.6182291666666667 0.15324074074074073 0.184375 0.11388888888888889
0 0.29401041666666666 0.1337962962962963 0.11510416666666666 0.06759259259259259
0 0.37395833333333334 0.3768518518518518 0.30625 0.38333333333333336
0 0.5549479166666667 0.2791666666666667 0.3046875 0.06388888888888888
0 0.1515625 0.30787037037037035 0.11875 0.075
0 0.6489583333333333 0.43148148148148147 0.29791666666666666 0.10740740740740741
0 0.21484375 0.524537037037037 0.35989583333333336 0.22870370370370371
0 0.5677083333333334 0.5152777777777777 0.3229166666666667 0.06388888888888888
0 0.05651041666666667 0.8490740740740741 0.11302083333333333 0.30185185185185187
0 0.6080729166666666 0.9041666666666667 0.5880208333333333 0.19166666666666668
