0 0.5453125 0.06111111111111111 0.20104166666666667 0.05555555555555555
0 0.4510416666666667 0.07037037037037037 0.171875 0.03333333333333333
0 0.23697916666666666 0.08888888888888889 0.096875 0.046296296296296294
0 0.48125 0.2125 0.24583333333333332 0.03796296296296296
0 0.21302083333333333 0.2689814814814815 0.35520833333333335 0.03981481481481482
0 0.30494791666666665 0.3490740740740741 0.11197916666666667 0.1
0 0.5989583333333334 0.43842592592592594 0.24270833333333333 0.13055555555555556
0 0.5325520833333334 0.562962962962963 0.2734375 0.18518518518518517
0 0.3453125 0.6208333333333333 0.440625 0.18425925925925926
0 0.05807291666666667 0.7212962962962963 0.11614583333333334 0.07962962962962963
0 0.690625 0.7569444444444444 0.203125 0.13425925925925927
0 0.18828125 0.8717592592592592 0.3765625 0.10277777777777777
0 0.44895833333333335 0.9777777777777777 0.06041666666666667 0.044444444444444446
