0 0.4158854166666667 0.08842592592592592 0.22552083333333334 0.17685185185185184
0 0.5494791666666666 0.023148148148148147 0.23020833333333332 0.037037037037037035
0 0.24583333333333332 0.03935185185185185 0.09166666666666666 0.041666666666666664
0 0.6161458333333333 0.10648148148148148 0.215625 0.05740740740740741
0 0.3028645833333333 0.1537037037037037 0.2671875 0.11666666666666667
0 0.5567708333333333 0.15 0.23020833333333332 0.03333333333333333
0 0.2625 0.3712962962962963 0.25625 0.32037037037037036
0 0.5807291666666666 0.337037037037037 0.38229166666666664 0.09444444444444444
0 0.19296875 0.48935185185185187 0.26927083333333335 0.3212962962962963
0 0.6020833333333333 0.5949074074074074 0.4864583333333333 0.11388888888888889
0 0.3997395833333333 0.6824074074074075 0.13489583333333333 0.19444444444444445
0 0.8135416666666667 0.7925925925925926 0.20104166666666667 0.18333333333333332
0 0.48932291666666666 0.9263888888888889 0.15364583333333334 0.14722222222222223
0 0.010416666666666666 0.9444444444444444 0.020833333333333332 0.1111111111111111
0 0.2828125 0.95 0.18958333333333333 0.1
0 0.5971354166666667 0.9675925925925926 0.0390625 0.06481481481481481
