0 0.4158854166666667 0.09722222222222222 0.2984375 0.19444444444444445
0 0.4078125 0.022222222222222223 0.09166666666666666 0.040740740740740744
0 0.6513020833333333 0.05555555555555555 0.22239583333333332 0.027777777777777776
0 0.44296875 0.07592592592592592 0.0765625 0.06296296296296296
0 0.5731770833333333 0.1310185185185185 0.09947916666666666 0.0712962962962963
0 0.7177083333333333 0.324537037037037 0.2864583333333333 0.06759259259259259
0 0.3809895833333333 0.3851851851851852 0.2942708333333333 0.08888888888888889
0 0.7263020833333333 0.5546296296296296 0.1953125 0.3333333333333333
0 0.28802083333333334 0.5430555555555555 0.22916666666666666 0.2898148148148148
0 0.46197916666666666 0.475 0.14895833333333333 0.09259259259259259
0 0.7921875 0.8703703703703703 0.415625 0.10185185185185185
0 0.38307291666666665 0.9564814814814815 0.11614583333333334 0.08703703703703704
0 0.17942708333333332 0.961574074074074 0.35885416666666664 0.07685185185185185
