0 0.4192708333333333 0.0375 0.18645833333333334 0.075
0 0.6072916666666667 0.020833333333333332 0.19270833333333334 0.041666666666666664
0 0.3265625 0.05648148148148148 0.24166666666666667 0.09444444444444444
0 0.5544270833333333 0.05416666666666667 0.20572916666666666 0.026851851851851852
0 0.2947916666666667 0.22361111111111112 0.23125 0.24351851851851852
0 0.5744791666666667 0.2 0.334375 0.07222222222222222
0 0.23828125 0.31296296296296294 0.24322916666666666 0.2388888888888889
0 0.5908854166666667 0.3921296296296296 0.41302083333333334 0.0824074074074074
0 0.3684895833333333 0.6444444444444445 0.7369791666666666 0.5462962962962963
0 0.4205729166666667 0.4546296296296296 0.11614583333333334 0.1388888888888889
0 0.7666666666666667 0.5305555555555556 0.16458333333333333 0.12777777777777777
0 0.5174479166666667 0.6342592592592593 0.16822916666666668 0.12407407407407407
