0 0.27109375 0.012037037037037037 0.07760416666666667 0.024074074074074074
0 0.48671875 0.1037037037037037 0.21822916666666667 0.02962962962962963
0 0.25104166666666666 0.1486111111111111 0.31354166666666666 0.030555555555555555
0 0.33307291666666666 0.20972222222222223 0.09947916666666666 0.0787037037037037
0 0.5888020833333333 0.2763888888888889 0.20885416666666667 0.09722222222222222
0 0.53203125 0.36898148148148147 0.23385416666666667 0.1361111111111111
0 0.37135416666666665 0.41064814814814815 0.37604166666666666 0.13240740740740742
0 0.09609375 0.4648148148148148 0.17239583333333333 0.09259259259259259
0 0.6645833333333333 0.5074074074074074 0.16979166666666667 0.09444444444444444
0 0.23203125 0.587037037037037 0.34322916666666664 0.07037037037037037
0 0.5947916666666667 0.8194444444444444 0.40520833333333334 0.35185185185185186
0 0.5505208333333333 0.9652777777777778 0.059375 0.06944444444444445
