0 0.6153645833333333 0.022685185185185187 0.13072916666666667 0.04537037037037037
0 0.4046875 0.1527777777777778 0.246875 0.25
0 0.5510416666666667 0.09212962962962963 0.25 0.04351851851851852
0 0.2203125 0.11157407407407408 0.09895833333333333 0.049074074074074076
0 0.6244791666666667 0.1925925925925926 0.2375 0.06851851851851852
0 0.2796875 0.24953703703703703 0.2916666666666667 0.14166666666666666
0 0.5598958333333334 0.2449074074074074 0.25416666666666665 0.03981481481481482
0 0.22916666666666666 0.524537037037037 0.2791666666666667 0.4101851851851852
0 0.5875 0.47824074074074074 0.4322916666666667 0.11944444444444445
0 0.146875 0.6791666666666667 0.29375 0.425
0 0.6153645833333333 0.8175925925925925 0.5671875 0.1537037037037037
0 0.33645833333333336 0.9018518518518519 0.07291666666666667 0.1962962962962963
