0 0.42942708333333335 0.03564814814814815 0.26197916666666665 0.0712962962962963
0 0.5697916666666667 0.024537037037037038 0.08333333333333333 0.049074074074074076
0 0.6901041666666666 0.16712962962962963 0.24479166666666666 0.05092592592592592
0 0.403125 0.21064814814814814 0.25104166666666666 0.06574074074074074
0 0.6921875 0.3282407407407407 0.15729166666666666 0.22870370370370371
0 0.32838541666666665 0.32083333333333336 0.1953125 0.20092592592592592
0 0.4734375 0.274537037037037 0.12604166666666666 0.06574074074074074
0 0.75078125 0.5388888888888889 0.3536458333333333 0.06481481481481481
0 0.28854166666666664 0.600925925925926 0.36041666666666666 0.07222222222222222
0 0.7549479166666667 0.6731481481481482 0.13802083333333334 0.1111111111111111
0 0.4825520833333333 0.8347222222222223 0.5276041666666667 0.24166666666666667
0 0.14401041666666667 0.9319444444444445 0.033854166666666664 0.1361111111111111
0 0.7984375 0.9425925925925925 0.15729166666666666 0.1
0 0.5244791666666667 0.9731481481481481 0.03229166666666667 0.053703703703703705
