0 0.61171875 0.03935185185185185 0.2828125 0.0787037037037037
0 0.2890625 0.015277777777777777 0.096875 0.028703703703703703
0 0.3606770833333333 0.05925925925925926 0.3171875 0.06296296296296296
0 0.3893229166666667 0.26805555555555555 0.36822916666666666 0.3416666666666667
0 0.38359375 0.1787037037037037 0.10989583333333333 0.05925925925925926
0 0.6770833333333334 0.2273148148148148 0.26979166666666665 0.03981481481481482
0 0.4234375 0.2564814814814815 0.09479166666666666 0.09259259259259259
0 0.5833333333333334 0.34074074074074073 0.12291666666666666 0.10925925925925926
0 0.7731770833333333 0.6527777777777778 0.3703125 0.11296296296296296
0 0.334375 0.7555555555555555 0.3854166666666667 0.15555555555555556
0 0.7028645833333333 0.8814814814814815 0.08489583333333334 0.23703703703703705
0 0.06927083333333334 0.8893518518518518 0.042708333333333334 0.2212962962962963
0 0.43828125 0.9166666666666666 0.20052083333333334 0.16666666666666666
