0 0.2609375 0.020833333333333332 0.08958333333333333 0.041666666666666664
0 0.4674479166666667 0.009259259259259259 0.1390625 0.018518518518518517
0 0.4859375 0.12361111111111112 0.22395833333333334 0.030555555555555555
0 0.24375 0.17083333333333334 0.32083333333333336 0.032407407407407406
0 0.32760416666666664 0.23472222222222222 0.10208333333333333 0.08055555555555556
0 0.590625 0.3055555555555556 0.21458333333333332 0.1037037037037037
0 0.53203125 0.40324074074074073 0.2421875 0.14351851851851852
0 0.3671875 0.4476851851851852 0.3875 0.14166666666666666
0 0.08515625 0.5050925925925925 0.1703125 0.09907407407407408
0 0.6690104166666667 0.5504629629629629 0.17552083333333332 0.10092592592592593
0 0.22109375 0.6361111111111111 0.3567708333333333 0.07592592592592592
0 0.5966145833333333 0.8481481481481481 0.42239583333333336 0.3037037037037037
