0 0.5794270833333334 0.024074074074074074 0.14635416666666667 0.04814814814814815
0 0.53125 0.07083333333333333 0.17395833333333333 0.075
0 0.41354166666666664 0.09398148148148149 0.278125 0.0712962962962963
0 0.21614583333333334 0.12268518518518519 0.12604166666666666 0.05092592592592592
0 0.62578125 0.14444444444444443 0.12135416666666667 0.04814814814814815
0 0.3223958333333333 0.1837962962962963 0.23958333333333334 0.03611111111111111
0 0.575 0.2902777777777778 0.26979166666666665 0.15833333333333333
0 0.64609375 0.4388888888888889 0.24427083333333333 0.1962962962962963
0 0.2234375 0.4046296296296296 0.14479166666666668 0.11296296296296296
0 0.3067708333333333 0.7467592592592592 0.43854166666666666 0.5064814814814815
0 0.5625 0.6643518518518519 0.415625 0.12129629629629629
0 0.044270833333333336 0.749537037037037 0.08854166666666667 0.07685185185185185
0 0.6239583333333333 0.9296296296296296 0.27708333333333335 0.14074074074074075
0 0.4236979166666667 0.9555555555555556 0.0921875 0.08888888888888889
