0 0.42734375 0.044444444444444446 0.2671875 0.08888888888888889
0 0.5690104166666666 0.03796296296296296 0.08802083333333334 0.05740740740740741
0 0.69453125 0.1912037037037037 0.25052083333333336 0.05277777777777778
0 0.4 0.23564814814814813 0.25729166666666664 0.06944444444444445
0 0.696875 0.36157407407407405 0.1625 0.24351851851851852
0 0.32265625 0.3527777777777778 0.20052083333333334 0.21296296296296297
0 0.4713541666666667 0.30462962962962964 0.12916666666666668 0.07037037037037037
0 0.7588541666666667 0.5847222222222223 0.36666666666666664 0.06944444444444445
0 0.2794270833333333 0.6527777777777778 0.3734375 0.07777777777777778
0 0.7638020833333333 0.7305555555555555 0.14322916666666666 0.11851851851851852
0 0.47161458333333334 0.8870370370370371 0.5317708333333333 0.22592592592592592
0 0.8591145833333333 0.9842592592592593 0.0484375 0.03148148148148148
