0 0.4203125 0.07453703703703704 0.284375 0.14907407407407408
0 0.6466145833333333 0.022685185185185187 0.21302083333333333 0.026851851851851852
0 0.4466145833333333 0.04027777777777778 0.0734375 0.05648148148148148
0 0.5716145833333334 0.0912037037037037 0.09427083333333333 0.06574074074074074
0 0.7075520833333333 0.26666666666666666 0.2703125 0.05925925925925926
0 0.3893229166666667 0.32037037037037036 0.2786458333333333 0.07962962962962963
0 0.7130208333333333 0.46944444444444444 0.18020833333333333 0.29074074074074074
0 0.3033854166666667 0.4587962962962963 0.2171875 0.25462962962962965
0 0.46640625 0.40046296296296297 0.14114583333333333 0.0824074074074074
0 0.7859375 0.7421296296296296 0.41041666666666665 0.08611111111111111
0 0.2484375 0.8268518518518518 0.4197916666666667 0.09814814814814815
0 0.79375 0.925 0.16041666666666668 0.15
