0 0.5361979166666667 0.027314814814814816 0.1546875 0.05462962962962963
0 0.4197916666666667 0.040740740740740744 0.2604166666666667 0.06481481481481481
0 0.2359375 0.06620370370370371 0.11875 0.04351851851851852
0 0.6197916666666666 0.08472222222222223 0.11354166666666667 0.04351851851851852
0 0.3372395833333333 0.11990740740740741 0.2234375 0.032407407407407406
0 0.571875 0.2111111111111111 0.24895833333333334 0.13703703703703704
0 0.6364583333333333 0.33611111111111114 0.22291666666666668 0.1648148148148148
0 0.2484375 0.3087962962962963 0.134375 0.09537037037037037
0 0.33177083333333335 0.687962962962963 0.3885416666666667 0.6092592592592593
0 0.5596354166666667 0.5222222222222223 0.37447916666666664 0.0962962962962963
0 0.06666666666666667 0.5662037037037037 0.13333333333333333 0.11203703703703703
0 0.6825520833333333 0.7652777777777777 0.3828125 0.17314814814814813
0 0.11432291666666666 0.9046296296296297 0.22864583333333333 0.19074074074074074
0 0.5791666666666667 0.9032407407407408 0.4239583333333333 0.10648148148148148
0 0.25052083333333336 0.9546296296296296 0.06458333333333334 0.09074074074074075
