0 0.65859375 0.005555555555555556 0.20572916666666666 0.011111111111111112
0 0.39166666666666666 0.01990740740740741 0.20833333333333334 0.025
0 0.6565104166666667 0.043055555555555555 0.0796875 0.03611111111111111
0 0.50078125 0.09027777777777778 0.2828125 0.06944444444444445
0 0.29739583333333336 0.24861111111111112 0.07708333333333334 0.2972222222222222
0 0.66875 0.12083333333333333 0.08229166666666667 0.026851851851851852
0 0.49609375 0.15925925925925927 0.08072916666666667 0.07407407407407407
0 0.64296875 0.2462962962962963 0.1265625 0.06481481481481481
0 0.5026041666666666 0.33194444444444443 0.296875 0.03796296296296296
0 0.66875 0.7055555555555556 0.08020833333333334 0.5888888888888889
0 0.36822916666666666 0.7324074074074074 0.06145833333333333 0.5351851851851852
0 0.28072916666666664 0.6435185185185185 0.14166666666666666 0.23148148148148148
