0 0.42578125 0.06666666666666667 0.43697916666666664 0.13333333333333333
0 0.6786458333333333 0.016666666666666666 0.08229166666666667 0.03333333333333333
0 0.6020833333333333 0.2791666666666667 0.45416666666666666 0.18796296296296297
0 0.21380208333333334 0.26064814814814813 0.1265625 0.049074074074074076
0 0.3028645833333333 0.33796296296296297 0.4244791666666667 0.11296296296296296
0 0.5028645833333333 0.7055555555555556 0.043229166666666666 0.5888888888888889
0 0.32421875 0.5638888888888889 0.1515625 0.11666666666666667
0 0.7424479166666667 0.663425925925926 0.3890625 0.0824074074074074
0 0.3723958333333333 0.7263888888888889 0.14479166666666668 0.1935185185185185
0 0.58203125 0.8944444444444445 0.1265625 0.2111111111111111
0 0.17395833333333333 0.9259259259259259 0.26666666666666666 0.14814814814814814
0 0.446875 0.9824074074074074 0.041666666666666664 0.03518518518518519
0 0.6828125 0.9828703703703704 0.04583333333333333 0.03425925925925926
