0 0.22421875 0.016666666666666666 0.10885416666666667 0.03333333333333333
0 0.44505208333333335 0.03935185185185185 0.10052083333333334 0.028703703703703703
0 0.28411458333333334 0.0625 0.20885416666666667 0.026851851851851852
0 0.5393229166666667 0.14027777777777778 0.1484375 0.03611111111111111
0 0.40677083333333336 0.23842592592592593 0.134375 0.08425925925925926
0 0.5520833333333334 0.3888888888888889 0.28125 0.10740740740740741
0 0.41953125 0.4074074074074074 0.24010416666666667 0.05925925925925926
0 0.11692708333333333 0.4425925925925926 0.1328125 0.09259259259259259
0 0.4552083333333333 0.7078703703703704 0.3729166666666667 0.08425925925925926
0 0.15520833333333334 0.8416666666666667 0.3104166666666667 0.09444444444444444
0 0.10729166666666666 0.9564814814814815 0.046875 0.08703703703703704
