0 0.5643229166666667 0.028703703703703703 0.1984375 0.05740740740740741
0 0.6122395833333333 0.0912037037037037 0.17239583333333333 0.09907407407407408
0 0.30963541666666666 0.075 0.10885416666666667 0.05925925925925926
0 0.38723958333333336 0.2800925925925926 0.28072916666666664 0.32314814814814813
0 0.5533854166666666 0.19953703703703704 0.28177083333333336 0.05648148148148148
0 0.18072916666666666 0.22453703703703703 0.11041666666666666 0.062037037037037036
0 0.6385416666666667 0.3296296296296296 0.271875 0.08888888888888889
0 0.24244791666666668 0.40555555555555556 0.33177083333333335 0.18888888888888888
0 0.5643229166666667 0.399537037037037 0.29322916666666665 0.05462962962962963
0 0.15390625 0.75 0.28177083333333336 0.5
0 0.5986979166666667 0.7203703703703703 0.5182291666666666 0.17037037037037037
0 0.2794270833333333 0.913425925925926 0.05572916666666667 0.17314814814814813
0 0.021354166666666667 0.9666666666666667 0.042708333333333334 0.06666666666666667
