0 0.41796875 0.10046296296296296 0.46822916666666664 0.20092592592592592
0 0.45807291666666666 0.028703703703703703 0.07760416666666667 0.05740740740740741
0 0.6005208333333333 0.010185185185185186 0.209375 0.020370370370370372
0 0.6809895833333334 0.05925925925925926 0.1015625 0.053703703703703705
0 0.61015625 0.37175925925925923 0.49635416666666665 0.22314814814814815
0 0.18671875 0.3490740740740741 0.13697916666666668 0.05740740740740741
0 0.28125 0.44212962962962965 0.46458333333333335 0.13425925925925927
0 0.48802083333333335 0.7648148148148148 0.023958333333333335 0.4703703703703704
0 0.30104166666666665 0.7194444444444444 0.16770833333333332 0.14444444444444443
0 0.7700520833333333 0.8425925925925926 0.4401041666666667 0.1037037037037037
0 0.3640625 0.9 0.13958333333333334 0.2
