0 0.5388020833333333 0.03981481481481482 0.1328125 0.027777777777777776
0 0.421875 0.11527777777777778 0.11875 0.06574074074074074
0 0.5486979166666667 0.22916666666666666 0.2421875 0.08055555555555556
0 0.4348958333333333 0.24305555555555555 0.20625 0.04537037037037037
0 0.17578125 0.26944444444444443 0.11510416666666666 0.06851851851851852
0 0.46822916666666664 0.45694444444444443 0.30833333333333335 0.058333333333333334
0 0.17578125 0.5467592592592593 0.3515625 0.06388888888888888
0 0.23932291666666666 0.6787037037037037 0.1390625 0.1685185185185185
0 0.6236979166666666 0.8333333333333334 0.32447916666666665 0.22962962962962963
0 0.40729166666666666 0.9449074074074074 0.11458333333333333 0.11018518518518519
