0 0.3515625 0.03518518518518519 0.11875 0.07037037037037037
0 0.5716145833333334 0.05092592592592592 0.29010416666666666 0.04259259259259259
0 0.40989583333333335 0.1597222222222222 0.5041666666666667 0.23981481481481481
0 0.45364583333333336 0.08055555555555556 0.08229166666666667 0.06851851851851852
0 0.6911458333333333 0.1162037037037037 0.109375 0.06018518518518518
0 0.61953125 0.4842592592592593 0.5453125 0.26851851851851855
0 0.15416666666666667 0.4550925925925926 0.15 0.06759259259259259
0 0.2557291666666667 0.5675925925925925 0.5114583333333333 0.1648148148148148
0 0.4783854166666667 0.8379629629629629 0.015104166666666667 0.32407407407407407
0 0.27109375 0.9111111111111111 0.18802083333333333 0.17777777777777778
