0 0.41796875 0.02175925925925926 0.0828125 0.04351851851851852
0 0.66328125 0.026851851851851852 0.0671875 0.053703703703703705
0 0.675 0.09537037037037037 0.23229166666666667 0.02962962962962963
0 0.3736979166666667 0.12175925925925926 0.23489583333333333 0.032407407407407406
0 0.6734375 0.15092592592592594 0.090625 0.046296296296296294
0 0.49713541666666666 0.21342592592592594 0.3234375 0.09166666666666666
0 0.2546875 0.43194444444444446 0.10520833333333333 0.41388888888888886
0 0.6893229166666667 0.2537037037037037 0.09427083333333333 0.037037037037037035
0 0.490625 0.3050925925925926 0.09375 0.10092592592592593
0 0.6622395833333333 0.42314814814814816 0.1484375 0.09074074074074075
0 0.49661458333333336 0.5430555555555555 0.3546875 0.05462962962962963
0 0.6690104166666667 0.8282407407407407 0.0390625 0.3435185185185185
0 0.35234375 0.8680555555555556 0.0328125 0.2638888888888889
0 0.17708333333333334 0.9157407407407407 0.0875 0.1685185185185185
0 0.28203125 0.9814814814814815 0.04739583333333333 0.037037037037037035
