0 0.3763020833333333 0.018518518518518517 0.07447916666666667 0.037037037037037035
0 0.57578125 0.05277777777777778 0.16302083333333334 0.06111111111111111
0 0.53125 0.10787037037037037 0.18125 0.08055555555555556
0 0.4078125 0.13287037037037036 0.28958333333333336 0.0787037037037037
0 0.20130208333333333 0.1638888888888889 0.13177083333333334 0.053703703703703705
0 0.6307291666666667 0.18796296296296297 0.12708333333333333 0.053703703703703705
0 0.31171875 0.2324074074074074 0.2515625 0.03888888888888889
0 0.5770833333333333 0.3490740740740741 0.284375 0.17592592592592593
0 0.6536458333333334 0.5175925925925926 0.2604166666666667 0.2222222222222222
0 0.20442708333333334 0.4787037037037037 0.15260416666666668 0.12777777777777777
0 0.35234375 0.7893518518518519 0.3453125 0.4212962962962963
0 0.5640625 0.775 0.446875 0.1388888888888889
0 0.0265625 0.8666666666666667 0.053125 0.07407407407407407
