0 0.6627604166666666 0.022685185185185187 0.21197916666666666 0.025
0 0.38723958333333336 0.04583333333333333 0.21510416666666668 0.026851851851851852
0 0.6606770833333333 0.06944444444444445 0.0828125 0.037037037037037035
0 0.49973958333333335 0.11990740740740741 0.29322916666666665 0.075
0 0.2872395833333333 0.29212962962962963 0.0828125 0.32314814814814813
0 0.6736979166666667 0.15324074074074073 0.08489583333333334 0.030555555555555555
0 0.4947916666666667 0.19398148148148148 0.08333333333333333 0.0824074074074074
0 0.6473958333333333 0.28888888888888886 0.13125 0.07037037037037037
0 0.5013020833333334 0.38101851851851853 0.3109375 0.041666666666666664
0 0.6770833333333334 0.7337962962962963 0.0875 0.5324074074074074
0 0.3645833333333333 0.763425925925926 0.05520833333333333 0.47314814814814815
0 0.2671875 0.7273148148148149 0.14895833333333333 0.2601851851851852
