0 0.37135416666666665 0.018518518518518517 0.29791666666666666 0.037037037037037035
0 0.60703125 0.013425925925925926 0.26614583333333336 0.026851851851851852
0 0.4005208333333333 0.1884259259259259 0.3375 0.287962962962963
0 0.39348958333333334 0.11203703703703703 0.10260416666666666 0.05185185185185185
0 0.66640625 0.15462962962962962 0.24947916666666667 0.03518518518518519
0 0.43125 0.18009259259259258 0.0875 0.0787037037037037
0 0.5794270833333334 0.25046296296296294 0.11197916666666667 0.09166666666666666
0 0.7486979166666666 0.5078703703703704 0.3328125 0.09166666666666666
0 0.35520833333333335 0.5898148148148148 0.34479166666666666 0.12407407407407407
0 0.74765625 0.7972222222222223 0.20260416666666667 0.40555555555555556
0 0.23880208333333333 0.8041666666666667 0.2682291666666667 0.39166666666666666
0 0.44895833333333335 0.7175925925925926 0.17708333333333334 0.13148148148148148
0 0.871875 0.9435185185185185 0.029166666666666667 0.11296296296296296
