0 0.40572916666666664 0.007407407407407408 0.18229166666666666 0.014814814814814815
0 0.65390625 0.024537037037037038 0.07864583333333333 0.03425925925925926
0 0.5013020833333334 0.0699074074074074 0.2765625 0.06574074074074074
0 0.30390625 0.21944444444444444 0.0734375 0.2814814814814815
0 0.6651041666666667 0.1 0.08020833333333334 0.025925925925925925
0 0.49713541666666666 0.13564814814814816 0.07760416666666667 0.0712962962962963
0 0.63984375 0.21898148148148147 0.12239583333333333 0.062037037037037036
0 0.503125 0.29953703703703705 0.2875 0.03611111111111111
0 0.66328125 0.6643518518518519 0.07552083333333333 0.5805555555555556
0 0.3703125 0.712037037037037 0.06666666666666667 0.575925925925926
0 0.28984375 0.5893518518518519 0.13697916666666668 0.21388888888888888
