0 0.6783854166666666 0.09722222222222222 0.2265625 0.04259259259259259
0 0.41328125 0.13333333333333333 0.23177083333333334 0.05555555555555555
0 0.6783854166666666 0.23148148148148148 0.1421875 0.19074074074074074
0 0.3458333333333333 0.22546296296296298 0.18020833333333333 0.1675925925925926
0 0.478125 0.1865740740740741 0.115625 0.05648148148148148
0 0.72734375 0.4041666666666667 0.3182291666666667 0.05277777777777778
0 0.3143229166666667 0.4546296296296296 0.3223958333333333 0.05925925925925926
0 0.7296875 0.5111111111111111 0.12395833333333334 0.08703703703703704
0 0.48671875 0.6356481481481482 0.4630208333333333 0.18611111111111112
0 0.16666666666666666 0.8296296296296296 0.08333333333333333 0.34074074074074073
0 0.7627604166666667 0.7185185185185186 0.13697916666666668 0.07592592592592592
0 0.46848958333333335 0.8333333333333334 0.1421875 0.22407407407407406
