0 0.45729166666666665 0.01898148148148148 0.18541666666666667 0.03796296296296296
0 0.5528645833333333 0.010648148148148148 0.0921875 0.021296296296296296
0 0.24791666666666667 0.032407407407407406 0.11354166666666667 0.03888888888888889
0 0.6161458333333333 0.050462962962962966 0.10833333333333334 0.03981481481481482
0 0.3453125 0.08148148148148149 0.21354166666666666 0.02962962962962963
0 0.5700520833333333 0.16527777777777777 0.23697916666666666 0.12314814814814815
0 0.6302083333333334 0.2773148148148148 0.21041666666666667 0.14722222222222223
0 0.2630208333333333 0.2523148148148148 0.128125 0.08796296296296297
0 0.3463541666666667 0.5833333333333334 0.3614583333333333 0.5296296296296297
0 0.5578125 0.4425925925925926 0.35208333333333336 0.08518518518518518
0 0.09114583333333333 0.4810185185185185 0.13645833333333332 0.09907407407407408
0 0.6713541666666667 0.6527777777777778 0.3541666666666667 0.14814814814814814
0 0.18255208333333334 0.8092592592592592 0.3651041666666667 0.2851851851851852
0 0.575 0.7712962962962963 0.3885416666666667 0.09074074074074075
