0 0.4234375 0.07731481481481481 0.446875 0.15462962962962962
0 0.46848958333333335 0.0125 0.059895833333333336 0.025
0 0.6747395833333333 0.02546296296296296 0.09739583333333333 0.049074074074074076
0 0.6046875 0.30787037037037035 0.46770833333333334 0.19907407407407407
0 0.20520833333333333 0.287962962962963 0.12916666666666668 0.05185185185185185
0 0.29635416666666664 0.37037037037037035 0.43645833333333334 0.11851851851851852
0 0.5018229166666667 0.7236111111111111 0.044270833333333336 0.5527777777777778
0 0.3171875 0.6111111111111112 0.15729166666666666 0.1259259259259259
0 0.7505208333333333 0.7185185185185186 0.40520833333333334 0.08888888888888889
0 0.3653645833333333 0.7865740740740741 0.1515625 0.2101851851851852
0 0.5549479166666667 0.9273148148148148 0.0734375 0.14537037037037037
0 0.10104166666666667 0.962037037037037 0.16458333333333333 0.07592592592592592
