0 0.5390625 0.02175925925925926 0.13020833333333334 0.026851851851851852
0 0.42421875 0.09398148148148149 0.11614583333333334 0.062037037037037036
0 0.5479166666666667 0.20277777777777778 0.23645833333333333 0.07592592592592592
0 0.43723958333333335 0.21574074074074073 0.2015625 0.04259259259259259
0 0.18541666666666667 0.23981481481481481 0.1125 0.06481481481481481
0 0.4705729166666667 0.4166666666666667 0.2984375 0.053703703703703705
0 0.17916666666666667 0.5013888888888889 0.35833333333333334 0.06018518518518518
0 0.25052083333333336 0.6226851851851852 0.134375 0.15648148148148147
0 0.6192708333333333 0.7648148148148148 0.3104166666666667 0.20925925925925926
0 0.44244791666666666 0.9083333333333333 0.16822916666666668 0.18333333333333332
0 0.08802083333333334 0.9564814814814815 0.17083333333333334 0.08703703703703704
0 0.6856770833333333 0.9768518518518519 0.05260416666666667 0.046296296296296294
