0 0.37734375 0.024074074074074074 0.14947916666666666 0.04814814814814815
0 0.553125 0.008333333333333333 0.19270833333333334 0.016666666666666666
0 0.3109375 0.1527777777777778 0.21875 0.2111111111111111
0 0.5713541666666667 0.13287037037037036 0.3104166666666667 0.062037037037037036
0 0.2598958333333333 0.22870370370370371 0.228125 0.2037037037037037
0 0.58515625 0.2962962962962963 0.37864583333333335 0.07037037037037037
0 0.36276041666666664 0.5009259259259259 0.7026041666666667 0.4444444444444444
0 0.42916666666666664 0.34814814814814815 0.10833333333333334 0.11481481481481481
0 0.7450520833333333 0.41203703703703703 0.1484375 0.10555555555555556
0 0.5184895833333333 0.49675925925925923 0.15260416666666668 0.10092592592592593
0 0.38984375 0.9361111111111111 0.2598958333333333 0.12777777777777777
0 0.59453125 0.9805555555555555 0.04739583333333333 0.03888888888888889
