0 0.5846354166666666 0.058333333333333334 0.3578125 0.11666666666666667
0 0.2791666666666667 0.04722222222222222 0.1 0.03148148148148148
0 0.3533854166666667 0.09398148148148149 0.33177083333333335 0.06944444444444445
0 0.3809895833333333 0.32731481481481484 0.3890625 0.3768518518518518
0 0.37604166666666666 0.2263888888888889 0.11458333333333333 0.06574074074074074
0 0.6854166666666667 0.2800925925925926 0.284375 0.04351851851851852
0 0.41744791666666664 0.31203703703703706 0.10052083333333334 0.10185185185185185
0 0.5869791666666667 0.40555555555555556 0.13020833333333334 0.12222222222222222
0 0.7919270833333333 0.762962962962963 0.3984375 0.13148148148148148
0 0.3184895833333333 0.8837962962962963 0.4171875 0.1824074074074074
0 0.7005208333333334 0.9458333333333333 0.057291666666666664 0.10833333333333334
0 0.03333333333333333 0.9555555555555556 0.029166666666666667 0.08888888888888889
