0 0.2921875 0.016666666666666666 0.2677083333333333 0.024074074074074074
0 0.36302083333333335 0.06018518518518518 0.08541666666666667 0.05555555555555555
0 0.57890625 0.10787037037037037 0.17447916666666666 0.06944444444444445
0 0.5315104166666667 0.1712962962962963 0.19427083333333334 0.09259259259259259
0 0.39895833333333336 0.19953703703703704 0.3104166666666667 0.08981481481481482
0 0.17604166666666668 0.23564814814814813 0.14166666666666666 0.062037037037037036
0 0.6388020833333333 0.26342592592592595 0.13697916666666668 0.06388888888888888
0 0.29322916666666665 0.31527777777777777 0.27291666666666664 0.04537037037037037
0 0.5809895833333333 0.45555555555555555 0.31197916666666664 0.2111111111111111
0 0.6677083333333333 0.6601851851851852 0.290625 0.2740740740740741
0 0.17057291666666666 0.6111111111111112 0.16614583333333333 0.15555555555555556
0 0.3307291666666667 0.8675925925925926 0.3885416666666667 0.26481481481481484
0 0.65625 0.9476851851851852 0.32916666666666666 0.10462962962962963
0 0.3859375 0.9907407407407407 0.14166666666666666 0.018518518518518517
