0 0.4046875 0.01574074074074074 0.09791666666666667 0.03148148148148148
0 0.315625 0.1310185185185185 0.21458333333333332 0.20092592592592592
0 0.5705729166666667 0.11203703703703703 0.30364583333333334 0.06111111111111111
0 0.2669270833333333 0.2037037037037037 0.2234375 0.1925925925925926
0 0.5833333333333334 0.26805555555555555 0.36875 0.06574074074074074
0 0.3684895833333333 0.45925925925925926 0.6786458333333333 0.4148148148148148
0 0.43203125 0.31712962962962965 0.10364583333333334 0.10833333333333334
0 0.7388020833333333 0.3773148148148148 0.14427083333333332 0.09907407407407408
0 0.5190104166666667 0.4564814814814815 0.14739583333333334 0.09444444444444444
0 0.48723958333333334 0.9027777777777778 0.4328125 0.19444444444444445
