0 0.3328125 0.04212962962962963 0.23229166666666667 0.08425925925925926
0 0.45260416666666664 0.028703703703703703 0.12083333333333333 0.05740740740740741
0 0.6453125 0.0125 0.11041666666666666 0.025
0 0.5536458333333333 0.03657407407407407 0.20104166666666667 0.026851851851851852
0 0.30026041666666664 0.1986111111111111 0.22760416666666666 0.23055555555555557
0 0.5731770833333333 0.17592592592592593 0.3265625 0.07037037037037037
0 0.24583333333333332 0.2828703703703704 0.23645833333333333 0.225
0 0.5885416666666666 0.3587962962962963 0.4010416666666667 0.0787037037037037
0 0.36432291666666666 0.5925925925925926 0.7286458333333333 0.5074074074074074
0 0.4234375 0.4166666666666667 0.1125 0.12962962962962962
0 0.7591145833333334 0.4888888888888889 0.15885416666666666 0.11851851851851852
0 0.5174479166666667 0.5856481481481481 0.16302083333333334 0.1175925925925926
