0 0.4283854166666667 0.058333333333333334 0.11197916666666667 0.05740740740740741
0 0.5471354166666667 0.15694444444444444 0.22447916666666667 0.06944444444444445
0 0.44192708333333336 0.16805555555555557 0.19114583333333332 0.03796296296296296
0 0.20234375 0.18981481481481483 0.1078125 0.05925925925925926
0 0.4739583333333333 0.34814814814814815 0.28125 0.04814814814814815
0 0.18463541666666666 0.42268518518518516 0.3692708333333333 0.05277777777777778
0 0.26927083333333335 0.5287037037037037 0.12708333333333333 0.13518518518518519
0 0.6119791666666666 0.6509259259259259 0.2875 0.17962962962962964
0 0.5338541666666666 0.8291666666666667 0.325 0.2657407407407407
0 0.3015625 0.8888888888888888 0.5114583333333333 0.2222222222222222
