0 0.6747395833333333 0.07407407407407407 0.2203125 0.040740740740740744
0 0.4161458333333333 0.1087962962962963 0.22604166666666667 0.05277777777777778
0 0.6739583333333333 0.2013888888888889 0.1375 0.18055555555555555
0 0.35130208333333335 0.19537037037037036 0.17552083333333332 0.1574074074074074
0 0.47942708333333334 0.1597222222222222 0.11197916666666667 0.05277777777777778
0 0.7205729166666667 0.36203703703703705 0.30572916666666666 0.05
0 0.3223958333333333 0.40925925925925927 0.3104166666666667 0.05555555555555555
0 0.7221354166666667 0.46111111111111114 0.11927083333333334 0.08148148148148149
0 0.48776041666666664 0.5768518518518518 0.44427083333333334 0.17222222222222222
0 0.17291666666666666 0.799074074074074 0.09895833333333333 0.40185185185185185
0 0.75234375 0.6527777777777778 0.13072916666666667 0.07037037037037037
0 0.471875 0.7560185185185185 0.134375 0.20277777777777778
0 0.653125 0.9537037037037037 0.07604166666666666 0.09259259259259259
