0 0.428125 0.05648148148148148 0.4270833333333333 0.11296296296296296
0 0.5997395833333333 0.25092592592592594 0.4421875 0.17777777777777778
0 0.221875 0.2337962962962963 0.12291666666666666 0.04722222222222222
0 0.309375 0.30694444444444446 0.4125 0.10648148148148148
0 0.49635416666666665 0.687962962962963 0.13020833333333334 0.6240740740740741
0 0.3307291666666667 0.5208333333333334 0.146875 0.10833333333333334
0 0.7348958333333333 0.611574074074074 0.37604166666666666 0.07685185185185185
0 0.378125 0.6703703703703704 0.13854166666666667 0.17962962962962964
0 0.6088541666666667 0.8421296296296297 0.17916666666666667 0.22685185185185186
0 0.2942708333333333 0.8935185185185185 0.4666666666666667 0.21296296296296297
