0 0.38671875 0.018055555555555554 0.058854166666666666 0.03611111111111111
0 0.5703125 0.018055555555555554 0.278125 0.03611111111111111
0 0.4158854166666667 0.11666666666666667 0.4796875 0.21851851851851853
0 0.45677083333333335 0.044444444444444446 0.07916666666666666 0.06111111111111111
0 0.684375 0.07777777777777778 0.10416666666666667 0.05555555555555555
0 0.6127604166666667 0.40694444444444444 0.5119791666666667 0.2361111111111111
0 0.17630208333333333 0.38287037037037036 0.14114583333333333 0.06018518518518518
0 0.27317708333333335 0.48055555555555557 0.4786458333333333 0.14444444444444443
0 0.48489583333333336 0.7875 0.019791666666666666 0.425
0 0.2916666666666667 0.7787037037037037 0.17395833333333333 0.15555555555555556
0 0.7752604166666667 0.9138888888888889 0.44947916666666665 0.11296296296296296
0 0.38515625 0.9333333333333333 0.08802083333333334 0.13333333333333333
