0 0.38125 0.04398148148148148 0.14895833333333333 0.08796296296296297
0 0.49192708333333335 0.013888888888888888 0.0859375 0.027777777777777776
0 0.65703125 0.05 0.0984375 0.1
0 0.68359375 0.14583333333333334 0.24635416666666668 0.032407407407407406
0 0.36380208333333336 0.17592592592592593 0.24947916666666667 0.03518518518518519
0 0.6825520833333333 0.20972222222222223 0.09635416666666667 0.05277777777777778
0 0.4953125 0.2791666666666667 0.3458333333333333 0.10462962962962963
0 0.23020833333333332 0.5351851851851852 0.12291666666666666 0.48518518518518516
0 0.7010416666666667 0.325 0.10104166666666667 0.04259259259259259
0 0.48723958333333334 0.38472222222222224 0.10052083333333334 0.11574074074074074
0 0.6734375 0.5231481481481481 0.16145833333333334 0.10740740740740741
0 0.49296875 0.662962962962963 0.3880208333333333 0.06481481481481481
0 0.6755208333333333 0.9 0.028125 0.2
0 0.34088541666666666 0.9486111111111111 0.018229166666666668 0.10277777777777777
