0 0.23671875 0.013425925925925926 0.0921875 0.026851851851851852
0 0.5638020833333334 0.08055555555555556 0.3046875 0.03518518518518519
0 0.4153645833333333 0.2828703703703704 0.034895833333333334 0.33240740740740743
0 0.07447916666666667 0.36574074074074076 0.13333333333333333 0.38333333333333336
0 0.32578125 0.28425925925925927 0.11510416666666666 0.09259259259259259
0 0.60234375 0.2796296296296296 0.2942708333333333 0.044444444444444446
0 0.69765625 0.3486111111111111 0.14322916666666666 0.06018518518518518
0 0.4828125 0.3921296296296296 0.11666666666666667 0.13240740740740742
0 0.23098958333333333 0.3962962962962963 0.11614583333333334 0.06851851851851852
0 0.07734375 0.6916666666666667 0.14427083333333332 0.6166666666666667
0 0.6234375 0.6189814814814815 0.21145833333333333 0.05648148148148148
0 0.3697916666666667 0.8101851851851852 0.04895833333333333 0.37962962962962965
0 0.6322916666666667 0.7699074074074074 0.428125 0.10277777777777777
