0 0.5921875 0.030555555555555555 0.15416666666666667 0.06111111111111111
0 0.25703125 0.04722222222222222 0.1171875 0.05
0 0.3768229166666667 0.1162037037037037 0.22760416666666666 0.030555555555555555
0 0.6502604166666667 0.3509259259259259 0.3328125 0.37407407407407406
0 0.24635416666666668 0.4787037037037037 0.10208333333333333 0.45925925925925926
0 0.3333333333333333 0.6986111111111111 0.08333333333333333 0.6027777777777777
0 0.0796875 0.5513888888888889 0.13854166666666667 0.125
0 0.5932291666666667 0.5791666666666667 0.403125 0.10092592592592593
0 0.09661458333333334 0.8981481481481481 0.19322916666666667 0.2037037037037037
0 0.234375 0.9685185185185186 0.0375 0.06296296296296296
0 0.7307291666666667 0.9694444444444444 0.10104166666666667 0.06111111111111111
0 0.44609375 0.9842592592592593 0.1578125 0.03148148148148148
