0 0.2015625 0.053703703703703705 0.071875 0.10740740740740741
0 0.37786458333333334 0.03657407407407407 0.08072916666666667 0.07314814814814814
0 0.62578125 0.005092592592592593 0.1421875 0.010185185185185186
0 0.290625 0.10601851851851851 0.1 0.05648148148148148
0 0.5927083333333333 0.1287037037037037 0.25104166666666666 0.02962962962962963
0 0.68359375 0.20324074074074075 0.12135416666666667 0.0824074074074074
0 0.48411458333333335 0.2439814814814815 0.12239583333333333 0.075
0 0.24765625 0.29074074074074074 0.34322916666666664 0.05555555555555555
0 0.7065104166666667 0.4513888888888889 0.2046875 0.2657407407407407
0 0.05625 0.5805555555555556 0.1125 0.06851851851851852
0 0.5919270833333333 0.7833333333333333 0.5484375 0.10740740740740741
