0 0.2596354166666667 0.018518518518518517 0.08489583333333334 0.037037037037037035
0 0.41770833333333335 0.08611111111111111 0.534375 0.17222222222222222
0 0.5348958333333333 0.01990740740740741 0.16875 0.03981481481481482
0 0.6536458333333334 0.024074074074074074 0.07395833333333333 0.037037037037037035
0 0.4002604166666667 0.40185185185185185 0.0484375 0.43333333333333335
0 0.2794270833333333 0.3490740740740741 0.15885416666666666 0.08888888888888889
0 0.6135416666666667 0.475462962962963 0.26458333333333334 0.18425925925925926
0 0.1015625 0.5351851851851852 0.17708333333333334 0.12037037037037036
0 0.2752604166666667 0.7134259259259259 0.37552083333333336 0.0787037037037037
0 0.8911458333333333 0.925 0.040625 0.15
0 0.6049479166666667 0.9819444444444444 0.1015625 0.03611111111111111
