0 0.39947916666666666 0.02175925925925926 0.10104166666666667 0.04351851851851852
0 0.559375 0.009259259259259259 0.20208333333333334 0.018518518518518517
0 0.303125 0.15046296296296297 0.18125 0.21944444444444444
0 0.565625 0.14814814814814814 0.32708333333333334 0.03888888888888889
0 0.13333333333333333 0.2222222222222222 0.09895833333333333 0.17777777777777778
0 0.23723958333333334 0.30972222222222223 0.1203125 0.08425925925925926
0 0.6072916666666667 0.3425925925925926 0.309375 0.044444444444444446
0 0.7223958333333333 0.45694444444444443 0.15416666666666667 0.12685185185185185
0 0.471875 0.5236111111111111 0.15416666666666667 0.11944444444444445
0 0.19375 0.5990740740740741 0.3875 0.09074074074074075
0 0.7674479166666667 0.8222222222222222 0.28072916666666664 0.35555555555555557
