0 0.20807291666666666 0.033796296296296297 0.05260416666666667 0.06759259259259259
0 0.30104166666666665 0.06527777777777778 0.09583333333333334 0.05462962962962963
0 0.58984375 0.08703703703703704 0.2390625 0.027777777777777776
0 0.6763020833333333 0.1537037037037037 0.11510416666666666 0.07222222222222222
0 0.48671875 0.1912037037037037 0.11614583333333334 0.06759259259259259
0 0.26223958333333336 0.2337962962962963 0.32447916666666665 0.05092592592592592
0 0.6958333333333333 0.375 0.19166666666666668 0.2351851851851852
0 0.07005208333333333 0.4773148148148148 0.14010416666666667 0.08425925925925926
0 0.58671875 0.6648148148148149 0.5067708333333333 0.09259259259259259
0 0.34609375 0.8833333333333333 0.025520833333333333 0.23333333333333334
