0 0.33697916666666666 0.07916666666666666 0.03854166666666667 0.15833333333333333
0 0.7114583333333333 0.04351851851851852 0.029166666666666667 0.08703703703703704
0 0.40703125 0.15138888888888888 0.03697916666666667 0.25833333333333336
0 0.23177083333333334 0.09305555555555556 0.096875 0.05648148148148148
0 0.5729166666666666 0.10416666666666667 0.265625 0.04351851851851852
0 0.2799479166666667 0.24259259259259258 0.2838541666666667 0.17407407407407408
0 0.5682291666666667 0.2652777777777778 0.26875 0.041666666666666664
0 0.21588541666666666 0.5425925925925926 0.2265625 0.43333333333333335
0 0.58125 0.5282407407407408 0.459375 0.075
0 0.02109375 0.5504629629629629 0.0421875 0.10277777777777777
0 0.09166666666666666 0.8708333333333333 0.17083333333333334 0.18981481481481483
0 0.6494791666666667 0.9472222222222222 0.47604166666666664 0.1037037037037037
