0 0.35859375 0.05138888888888889 0.11197916666666667 0.10277777777777777
0 0.5609375 0.01990740740740741 0.28229166666666666 0.030555555555555555
0 0.6138020833333333 0.06898148148148148 0.22760416666666666 0.03981481481481482
0 0.478125 0.19027777777777777 0.13541666666666666 0.27685185185185185
0 0.13723958333333333 0.21388888888888888 0.07552083333333333 0.22777777777777777
0 0.34348958333333335 0.3060185185185185 0.10364583333333334 0.3453703703703704
0 0.5947916666666667 0.16157407407407406 0.2604166666666667 0.032407407407407406
0 0.6895833333333333 0.2412037037037037 0.12604166666666666 0.08611111111111111
0 0.5776041666666667 0.45740740740740743 0.04479166666666667 0.4425925925925926
0 0.19973958333333333 0.5157407407407407 0.12135416666666667 0.48333333333333334
0 0.7700520833333333 0.4439814814814815 0.07552083333333333 0.30277777777777776
0 0.08541666666666667 0.3662037037037037 0.036458333333333336 0.10092592592592593
0 0.38255208333333335 0.7347222222222223 0.05677083333333333 0.5305555555555556
0 0.6989583333333333 0.624537037037037 0.21041666666666667 0.13240740740740742
0 0.03723958333333333 0.687037037037037 0.07447916666666667 0.053703703703703705
