0 0.6583333333333333 0.03194444444444444 0.1 0.05648148148148148
0 0.49244791666666665 0.06157407407407407 0.1015625 0.05092592592592592
0 0.2986979166666667 0.09305555555555556 0.28072916666666664 0.03796296296296296
0 0.6705729166666666 0.19583333333333333 0.16197916666666667 0.16944444444444445
0 0.13984375 0.2689814814814815 0.1265625 0.062037037037037036
0 0.5755208333333334 0.39675925925925926 0.41354166666666664 0.062037037037037036
0 0.365625 0.7324074074074074 0.05625 0.5351851851851852
0 0.22421875 0.8083333333333333 0.1828125 0.20185185185185187
0 0.6375 0.7953703703703704 0.4395833333333333 0.09259259259259259
0 0.7846354166666667 0.9421296296296297 0.21927083333333333 0.11574074074074074
0 0.39348958333333334 0.950925925925926 0.0484375 0.09814814814814815
