0 0.40651041666666665 0.13796296296296295 0.5901041666666667 0.2759259259259259
0 0.23359375 0.08611111111111111 0.09635416666666667 0.053703703703703705
0 0.53515625 0.09212962962962963 0.18385416666666668 0.04722222222222222
0 0.6643229166666667 0.09722222222222222 0.0796875 0.044444444444444446
0 0.38229166666666664 0.5731481481481482 0.06041666666666667 0.5611111111111111
0 0.24739583333333334 0.49907407407407406 0.178125 0.11296296296296296
0 0.62578125 0.662962962962963 0.3026041666666667 0.24259259259259258
0 0.06848958333333334 0.7824074074074074 0.13697916666666668 0.07962962962962963
0 0.3841145833333333 0.9648148148148148 0.1109375 0.07037037037037037
0 0.09166666666666666 0.9791666666666666 0.16666666666666666 0.041666666666666664
