0 0.5013020833333334 0.01574074074074074 0.0828125 0.03148148148148148
0 0.31328125 0.03611111111111111 0.2630208333333333 0.03333333333333333
0 0.6604166666666667 0.12546296296296297 0.15 0.14722222222222223
0 0.16901041666666666 0.18888888888888888 0.1171875 0.05185185185185185
0 0.5716145833333334 0.29768518518518516 0.37864583333333335 0.05277777777777778
0 0.37604166666666666 0.6449074074074074 0.06041666666666667 0.5805555555555556
0 0.015625 0.5009259259259259 0.03125 0.10925925925925926
0 0.25807291666666665 0.6328703703703704 0.15885416666666666 0.16203703703703703
0 0.62578125 0.6240740740740741 0.39010416666666664 0.07407407407407407
0 0.7546875 0.7476851851851852 0.19270833333333334 0.10833333333333334
0 0.46640625 0.8287037037037037 0.15677083333333333 0.24259259259259258
0 0.12135416666666667 0.8361111111111111 0.153125 0.12777777777777777
