0 0.43046875 0.14675925925925926 0.027604166666666666 0.25462962962962965
0 0.1359375 0.20972222222222223 0.09895833333333333 0.2898148148148148
0 0.3515625 0.15 0.09895833333333333 0.07037037037037037
0 0.5934895833333333 0.14629629629629629 0.2578125 0.03333333333333333
0 0.6765625 0.19953703703703704 0.125 0.04537037037037037
0 0.48932291666666666 0.23194444444444445 0.10260416666666666 0.09907407407407408
0 0.2716145833333333 0.23472222222222222 0.1015625 0.05277777777777778
0 0.13645833333333332 0.6129629629629629 0.128125 0.774074074074074
0 0.609375 0.39814814814814814 0.178125 0.040740740740740744
0 0.3854166666666667 0.7 0.07604166666666666 0.6
0 0.6153645833333333 0.5032407407407408 0.3546875 0.0712962962962963
0 0.6395833333333333 0.7319444444444444 0.25416666666666665 0.19166666666666668
