0 0.1859375 0.09074074074074075 0.065625 0.1814814814814815
0 0.4421875 0.062037037037037036 0.01875 0.12407407407407407
0 0.375 0.030555555555555555 0.08541666666666667 0.05555555555555555
0 0.5856770833333333 0.027314814814814816 0.22552083333333334 0.025
0 0.6575520833333334 0.06759259259259259 0.1078125 0.03518518518518519
0 0.4947916666666667 0.0912037037037037 0.08854166666666667 0.07314814814814814
0 0.3067708333333333 0.09444444444444444 0.08854166666666667 0.03888888888888889
0 0.20494791666666667 0.3958333333333333 0.11510416666666666 0.6194444444444445
0 0.5973958333333333 0.21296296296296297 0.15 0.02962962962962963
0 0.41510416666666666 0.42592592592592593 0.059375 0.4222222222222222
0 0.6015625 0.28703703703703703 0.2947916666666667 0.05
0 0.6190104166666667 0.44074074074074077 0.20572916666666666 0.1259259259259259
0 0.1125 0.7671296296296296 0.18020833333333333 0.46574074074074073
0 0.5934895833333333 0.8282407407407407 0.5640625 0.11388888888888889
0 0.225 0.9402777777777778 0.029166666666666667 0.11944444444444445
0 0.94921875 0.9282407407407407 0.0296875 0.058333333333333334
0 0.8635416666666667 0.9745370370370371 0.15208333333333332 0.05092592592592592
