0 0.3140625 0.08611111111111111 0.06666666666666667 0.17222222222222222
0 0.4546875 0.07175925925925926 0.03854166666666667 0.14351851851851852
0 0.59140625 0.053703703703703705 0.14010416666666667 0.06111111111111111
0 0.28619791666666666 0.22407407407407406 0.1921875 0.25555555555555554
0 0.5684895833333333 0.22083333333333333 0.35260416666666666 0.04537037037037037
0 0.6354166666666666 0.29814814814814816 0.2875 0.06481481481481481
0 0.4588541666666667 0.5087962962962963 0.18541666666666667 0.4824074074074074
0 0.03828125 0.4615740740740741 0.0765625 0.22685185185185186
0 0.2830729166666667 0.700462962962963 0.1421875 0.5990740740740741
0 0.61484375 0.45046296296296295 0.3390625 0.05462962962962963
0 0.7424479166666667 0.5893518518518519 0.17135416666666667 0.15462962962962962
0 0.5744791666666667 0.7888888888888889 0.023958333333333335 0.4222222222222222
0 0.12057291666666667 0.8226851851851852 0.08697916666666666 0.35462962962962963
0 0.8395833333333333 0.8398148148148148 0.07083333333333333 0.32037037037037036
