0 0.42291666666666666 0.06481481481481481 0.029166666666666667 0.12962962962962962
0 0.31302083333333336 0.10092592592592593 0.24895833333333334 0.12962962962962962
0 0.5635416666666667 0.11851851851851852 0.23125 0.02962962962962963
0 0.26666666666666666 0.3125 0.20208333333333334 0.29907407407407405
0 0.5721354166666667 0.3060185185185185 0.3828125 0.05462962962962963
0 0.06197916666666667 0.41064814814814815 0.12395833333333334 0.2490740740740741
0 0.17890625 0.5337962962962963 0.14114583333333333 0.12129629629629629
0 0.6239583333333333 0.5814814814814815 0.375 0.06666666666666667
0 0.7674479166666667 0.7546296296296297 0.19322916666666667 0.1925925925925926
0 0.4578125 0.8564814814814815 0.190625 0.18703703703703703
0 0.10833333333333334 0.9518518518518518 0.21666666666666667 0.0962962962962963
0 0.31536458333333334 0.9574074074074074 0.06822916666666666 0.08518518518518518
