0 0.35703125 0.040740740740740744 0.17760416666666667 0.08148148148148149
0 0.5604166666666667 0.04027777777777778 0.21145833333333333 0.025
0 0.29192708333333334 0.1986111111111111 0.1890625 0.24166666666666667
0 0.5677083333333334 0.19537037037037036 0.34270833333333334 0.044444444444444446
0 0.11119791666666666 0.2773148148148148 0.1078125 0.19907407407407407
0 0.22005208333333334 0.375 0.1265625 0.09444444444444444
0 0.6122395833333333 0.4125 0.32864583333333336 0.05092592592592592
0 0.7354166666666667 0.5430555555555555 0.165625 0.14351851851851852
0 0.46770833333333334 0.6185185185185185 0.16458333333333333 0.13703703703703704
0 0.18802083333333333 0.7064814814814815 0.37604166666666666 0.10555555555555556
0 0.7614583333333333 0.8796296296296297 0.2520833333333333 0.24074074074074073
