0 0.4348958333333333 0.10925925925925926 0.025 0.21851851851851853
0 0.15598958333333332 0.15925925925925927 0.0890625 0.2611111111111111
0 0.35989583333333336 0.10648148148148148 0.09375 0.06481481481481481
0 0.590625 0.10324074074074074 0.24583333333333332 0.030555555555555555
0 0.66953125 0.15092592592592594 0.11822916666666666 0.04259259259259259
0 0.49140625 0.17916666666666667 0.09739583333333333 0.08981481481481482
0 0.28463541666666664 0.1837962962962963 0.09739583333333333 0.04722222222222222
0 0.15078125 0.575462962962963 0.1453125 0.8027777777777778
0 0.6046875 0.3287037037037037 0.16770833333333332 0.03518518518518519
0 0.39609375 0.6060185185185185 0.0703125 0.5509259259259259
0 0.61015625 0.4217592592592593 0.33177083333333335 0.062037037037037036
0 0.6317708333333333 0.6199074074074075 0.23541666666666666 0.1638888888888889
