0 0.21640625 0.034722222222222224 0.04010416666666667 0.06944444444444445
0 0.25625 0.22824074074074074 0.08958333333333333 0.4564814814814815
0 0.50703125 0.014351851851851852 0.06302083333333333 0.028703703703703703
0 0.5895833333333333 0.09444444444444444 0.13229166666666667 0.024074074074074074
0 0.43333333333333335 0.25092592592592594 0.04895833333333333 0.3148148148148148
0 0.59296875 0.15092592592592594 0.2578125 0.03888888888888889
0 0.6065104166666667 0.2657407407407407 0.17552083333333332 0.09444444444444444
0 0.21328125 0.5550925925925926 0.22760416666666666 0.44166666666666665
0 0.5815104166666667 0.5398148148148149 0.4630208333333333 0.07777777777777778
0 0.6697916666666667 0.6777777777777778 0.384375 0.11481481481481481
0 0.35494791666666664 0.8125 0.04010416666666667 0.375
0 0.2565104166666667 0.9361111111111111 0.050520833333333334 0.12777777777777777
0 0.64765625 0.9569444444444445 0.4744791666666667 0.08611111111111111
