0 0.4296875 0.10648148148148148 0.03229166666666667 0.21296296296296297
0 0.34036458333333336 0.06805555555555555 0.12239583333333333 0.05092592592592592
0 0.5911458333333334 0.13703703703703704 0.19479166666666667 0.1
0 0.21770833333333334 0.16944444444444445 0.13229166666666667 0.06481481481481481
0 0.35234375 0.2601851851851852 0.2630208333333333 0.03888888888888889
0 0.678125 0.5986111111111111 0.40625 0.5453703703703704
0 0.19036458333333334 0.7217592592592592 0.12447916666666667 0.5564814814814815
0 0.31588541666666664 0.8296296296296296 0.04635416666666667 0.34074074074074073
0 0.60859375 0.9287037037037037 0.5036458333333333 0.1425925925925926
0 0.025520833333333333 0.9393518518518519 0.051041666666666666 0.07685185185185185
