0 0.22083333333333333 0.01574074074074074 0.04895833333333333 0.03148148148148148
0 0.3106770833333333 0.03009259259259259 0.0921875 0.04722222222222222
0 0.5872395833333334 0.04861111111111111 0.22864583333333333 0.025
0 0.6697916666666667 0.10925925925925926 0.109375 0.06666666666666667
0 0.48880208333333336 0.14351851851851852 0.1109375 0.06111111111111111
0 0.27578125 0.18194444444444444 0.3078125 0.04537037037037037
0 0.6864583333333333 0.30833333333333335 0.18020833333333333 0.2111111111111111
0 0.09270833333333334 0.3990740740740741 0.14166666666666666 0.07407407407407407
0 0.58203125 0.562962962962963 0.47239583333333335 0.07962962962962963
0 0.3541666666666667 0.825925925925926 0.036458333333333336 0.34814814814814815
