0 0.35442708333333334 0.01898148148148148 0.10989583333333333 0.03796296296296296
0 0.43723958333333335 0.0712962962962963 0.0203125 0.1425925925925926
0 0.5875 0.07592592592592592 0.18229166666666666 0.08703703703703704
0 0.23880208333333333 0.10462962962962963 0.12447916666666667 0.05740740740740741
0 0.3653645833333333 0.18333333333333332 0.24427083333333333 0.03333333333333333
0 0.6630208333333333 0.46296296296296297 0.365625 0.44814814814814813
0 0.21484375 0.6189814814814815 0.12447916666666667 0.562037037037037
0 0.32526041666666666 0.7583333333333333 0.0671875 0.48333333333333334
0 0.6002604166666666 0.7388888888888889 0.4473958333333333 0.1259259259259259
0 0.05260416666666667 0.7453703703703703 0.10520833333333333 0.07222222222222222
