0 0.6466145833333333 0.04398148148148148 0.1328125 0.08796296296296297
0 0.20833333333333334 0.08055555555555556 0.10520833333333333 0.040740740740740744
0 0.56640625 0.16527777777777777 0.3328125 0.03981481481481482
0 0.40078125 0.41712962962962963 0.043229166666666666 0.41574074074074074
0 0.04921875 0.43472222222222223 0.0984375 0.3138888888888889
0 0.30078125 0.4148148148148148 0.13177083333333334 0.11666666666666667
0 0.6109375 0.40879629629629627 0.3302083333333333 0.05462962962962963
0 0.7192708333333333 0.49675925925925923 0.16145833333333334 0.07685185185185185
0 0.4765625 0.5513888888888889 0.13229166666666667 0.1675925925925926
0 0.190625 0.5574074074074075 0.13020833333333334 0.08888888888888889
0 0.04921875 0.7388888888888889 0.0984375 0.3962962962962963
0 0.6390625 0.8513888888888889 0.24583333333333332 0.075
0 0.35651041666666666 0.9273148148148148 0.027604166666666666 0.14537037037037037
