0 0.321875 0.09027777777777778 0.16458333333333333 0.18055555555555555
0 0.33125 0.02361111111111111 0.03125 0.04722222222222222
0 0.5630208333333333 0.08287037037037037 0.30416666666666664 0.03425925925925926
0 0.6205729166666667 0.14027777777777778 0.24635416666666668 0.04722222222222222
0 0.47239583333333335 0.2851851851851852 0.15 0.3333333333333333
0 0.09947916666666666 0.31203703703703706 0.09270833333333334 0.2759259259259259
0 0.3255208333333333 0.42777777777777776 0.115625 0.42407407407407405
0 0.60078125 0.2490740740740741 0.2838541666666667 0.03888888888888889
0 0.7052083333333333 0.3449074074074074 0.13958333333333334 0.10462962962962963
0 0.5825520833333333 0.6180555555555556 0.050520833333333334 0.562037037037037
0 0.15416666666666667 0.6916666666666667 0.15416666666666667 0.6166666666666667
0 0.7986979166666667 0.5981481481481481 0.09010416666666667 0.3814814814814815
0 0.033854166666666664 0.49907407407407406 0.04375 0.1259259259259259
0 0.37395833333333334 0.812962962962963 0.042708333333333334 0.37407407407407406
0 0.7229166666666667 0.8268518518518518 0.24166666666666667 0.17592592592592593
