0 0.36302083333333335 0.04675925925925926 0.10520833333333333 0.09351851851851851
0 0.5604166666666667 0.013888888888888888 0.2791666666666667 0.027777777777777776
0 0.19479166666666667 0.06620370370370371 0.07604166666666666 0.13055555555555556
0 0.28489583333333335 0.12731481481481483 0.10208333333333333 0.06018518518518518
0 0.59453125 0.15138888888888888 0.25677083333333334 0.032407407407407406
0 0.6875 0.22870370370370371 0.125 0.08518518518518518
0 0.4830729166666667 0.2726851851851852 0.12552083333333333 0.0787037037037037
0 0.23958333333333334 0.32222222222222224 0.35104166666666664 0.05925925925925926
0 0.7122395833333334 0.4930555555555556 0.21197916666666666 0.28425925925925927
0 0.04895833333333333 0.6310185185185185 0.09791666666666667 0.07314814814814814
0 0.5947916666666667 0.850462962962963 0.571875 0.11574074074074074
