0 0.4393229166666667 0.050462962962962966 0.015104166666666667 0.10092592592592593
0 0.5848958333333333 0.04027777777777778 0.175 0.08055555555555556
0 0.2513020833333333 0.06620370370370371 0.11927083333333334 0.05092592592592592
0 0.3734375 0.1375 0.23333333333333334 0.030555555555555555
0 0.6541666666666667 0.3861111111111111 0.34270833333333334 0.3962962962962963
0 0.23619791666666667 0.5222222222222223 0.10885416666666667 0.4888888888888889
0 0.33098958333333334 0.7175925925925926 0.07864583333333333 0.5648148148148148
0 0.06770833333333333 0.5990740740740741 0.13541666666666666 0.13333333333333333
0 0.5955729166666667 0.6291666666666667 0.4161458333333333 0.10833333333333334
0 0.0390625 0.9407407407407408 0.078125 0.11851851851851852
