0 0.3260416666666667 0.05694444444444444 0.06458333333333334 0.11388888888888889
0 0.4591145833333333 0.04398148148148148 0.034895833333333334 0.08796296296296297
0 0.5963541666666666 0.017592592592592594 0.115625 0.03518518518518519
0 0.30130208333333336 0.15925925925925927 0.1828125 0.22407407407407406
0 0.56640625 0.15601851851851853 0.3296875 0.041666666666666664
0 0.6286458333333333 0.22407407407407406 0.2677083333333333 0.05555555555555555
0 0.46536458333333336 0.4023148148148148 0.16822916666666668 0.4083333333333333
0 0.05416666666666667 0.4356481481481482 0.10833333333333334 0.33611111111111114
0 0.3033854166666667 0.5805555555555556 0.1296875 0.5333333333333333
0 0.6083333333333333 0.35509259259259257 0.3125 0.04722222222222222
0 0.725 0.4726851851851852 0.15625 0.13055555555555556
0 0.58984375 0.7319444444444444 0.058854166666666666 0.5361111111111111
0 0.13541666666666666 0.7597222222222222 0.12083333333333333 0.48055555555555557
0 0.8348958333333333 0.774074074074074 0.11145833333333334 0.45185185185185184
0 0.3625 0.9148148148148149 0.025 0.17037037037037037
