0 0.4276041666666667 0.04398148148148148 0.028125 0.08796296296296297
0 0.3223958333333333 0.06157407407407407 0.23958333333333334 0.11944444444444445
0 0.5619791666666667 0.07777777777777778 0.22083333333333333 0.027777777777777776
0 0.2799479166666667 0.25277777777777777 0.1953125 0.26851851851851855
0 0.5697916666666667 0.24768518518518517 0.3614583333333333 0.049074074074074076
0 0.08697916666666666 0.3402777777777778 0.11770833333333333 0.2212962962962963
0 0.20078125 0.449537037037037 0.13385416666666666 0.10648148148148148
0 0.6177083333333333 0.4925925925925926 0.35 0.05740740740740741
0 0.7502604166666667 0.6402777777777777 0.17864583333333334 0.16574074074074074
0 0.46328125 0.7277777777777777 0.1765625 0.15925925925925927
0 0.18203125 0.8305555555555556 0.3640625 0.12407407407407407
0 0.7747395833333334 0.9462962962962963 0.24427083333333333 0.10740740740740741
