0 0.34401041666666665 0.06759259259259259 0.1328125 0.13518518518518519
0 0.5619791666666667 0.046296296296296294 0.29270833333333335 0.03148148148148148
0 0.6169270833333333 0.09907407407407408 0.23489583333333333 0.04259259259259259
0 0.47604166666666664 0.2300925925925926 0.14166666666666666 0.30092592592592593
0 0.12083333333333333 0.25555555555555554 0.08333333333333333 0.24444444444444444
0 0.33567708333333335 0.3560185185185185 0.10885416666666667 0.3787037037037037
0 0.59765625 0.19814814814814816 0.2703125 0.03518518518518519
0 0.69609375 0.2847222222222222 0.13177083333333334 0.09351851851851851
0 0.5791666666666667 0.524074074074074 0.046875 0.49074074074074076
0 0.18072916666666666 0.5888888888888889 0.134375 0.5388888888888889
0 0.7822916666666667 0.5083333333333333 0.08125 0.3351851851851852
0 0.06380208333333333 0.4212962962962963 0.0390625 0.1111111111111111
0 0.37916666666666665 0.7671296296296296 0.05 0.46574074074074073
0 0.7088541666666667 0.7074074074074074 0.22291666666666668 0.15
0 0.0234375 0.774537037037037 0.046875 0.05462962962962963
