0 0.34401041666666665 0.05740740740740741 0.0328125 0.11481481481481481
0 0.4127604166666667 0.1125 0.033854166666666664 0.225
0 0.24427083333333333 0.05416666666666667 0.09270833333333334 0.05092592592592592
0 0.57109375 0.06527777777777778 0.2546875 0.03981481481481482
0 0.2921875 0.1912037037037037 0.2708333333333333 0.15648148148148147
0 0.56640625 0.21157407407407408 0.2546875 0.03611111111111111
0 0.23463541666666668 0.45601851851851855 0.21822916666666667 0.38055555555555554
0 0.5776041666666667 0.44537037037037036 0.43020833333333336 0.06666666666666667
0 0.036458333333333336 0.5416666666666666 0.07291666666666667 0.24444444444444444
0 0.125 0.7412037037037037 0.16041666666666668 0.16203703703703703
0 0.6393229166666666 0.8055555555555556 0.43697916666666664 0.08703703703703704
0 0.73046875 0.9550925925925926 0.07239583333333334 0.08981481481481482
