0 0.21510416666666668 0.024537037037037038 0.051041666666666666 0.049074074074074076
0 0.30625 0.04814814814814815 0.09479166666666666 0.05
0 0.5885416666666666 0.06712962962962964 0.234375 0.026851851851851852
0 0.67265625 0.1310185185185185 0.11197916666666667 0.06944444444444445
0 0.48723958333333334 0.16666666666666666 0.1140625 0.06481481481481481
0 0.26927083333333335 0.20694444444444443 0.315625 0.04722222222222222
0 0.690625 0.34074074074074073 0.18541666666666667 0.2222222222222222
0 0.07916666666666666 0.4375 0.14583333333333334 0.0787037037037037
0 0.584375 0.612037037037037 0.4895833333333333 0.08518518518518518
0 0.35052083333333334 0.8532407407407407 0.03125 0.2935185185185185
