0 0.3184895833333333 0.017592592592592594 0.08385416666666666 0.03518518518518519
0 0.5861979166666667 0.030555555555555555 0.22447916666666667 0.025925925925925925
0 0.66640625 0.08842592592592592 0.10677083333333333 0.06388888888888888
0 0.4895833333333333 0.12175925925925926 0.10833333333333334 0.058333333333333334
0 0.28203125 0.15787037037037038 0.30052083333333335 0.04351851851851852
0 0.68203125 0.2777777777777778 0.17447916666666666 0.19814814814814816
0 0.10546875 0.36435185185185187 0.13802083333333334 0.0712962962962963
0 0.58046875 0.5171296296296296 0.4557291666666667 0.075
0 0.35703125 0.8 0.0421875 0.4
0 0.24739583333333334 0.9518518518518518 0.08020833333333334 0.0962962962962963
0 0.7786458333333334 0.9787037037037037 0.07083333333333333 0.04259259259259259
