0 0.36640625 0.04537037037037037 0.10052083333333334 0.09074074074074075
0 0.5611979166666666 0.0125 0.27760416666666665 0.025
0 0.6130208333333333 0.05740740740740741 0.22395833333333334 0.03888888888888889
0 0.4791666666666667 0.17546296296296296 0.13333333333333333 0.26944444444444443
0 0.14375 0.19814814814814816 0.07291666666666667 0.21851851851851853
0 0.3463541666666667 0.2875 0.10208333333333333 0.33425925925925926
0 0.5940104166666667 0.1476851851851852 0.2557291666666667 0.030555555555555555
0 0.6869791666666667 0.225 0.12395833333333334 0.08333333333333333
0 0.57578125 0.43333333333333335 0.043229166666666666 0.42592592592592593
0 0.20651041666666667 0.4888888888888889 0.11614583333333334 0.4648148148148148
0 0.76640625 0.4203703703703704 0.07447916666666667 0.29074074074074074
0 0.09375 0.3449074074074074 0.035416666666666666 0.09907407407407408
0 0.38359375 0.7226851851851852 0.058854166666666666 0.5546296296296296
0 0.6955729166666667 0.5949074074074074 0.20572916666666666 0.12685185185185185
0 0.04192708333333333 0.6458333333333334 0.08385416666666666 0.06574074074074074
