0 0.6786458333333333 0.025925925925925925 0.05520833333333333 0.05185185185185185
0 0.22213541666666667 0.04351851851851852 0.10052083333333334 0.037037037037037035
0 0.56484375 0.12175925925925926 0.3171875 0.03796296296296296
0 0.4083333333333333 0.3458333333333333 0.03958333333333333 0.3712962962962963
0 0.06015625 0.4 0.1203125 0.35555555555555557
0 0.3138020833333333 0.3453703703703704 0.12239583333333333 0.1037037037037037
0 0.60625 0.3398148148148148 0.31145833333333334 0.046296296296296294
0 0.7072916666666667 0.41805555555555557 0.15208333333333332 0.06759259259259259
0 0.47994791666666664 0.4666666666666667 0.1234375 0.14814814814814814
0 0.21223958333333334 0.47175925925925927 0.12239583333333333 0.0787037037037037
0 0.06276041666666667 0.7236111111111111 0.12552083333333333 0.5342592592592592
0 0.63125 0.7263888888888889 0.22916666666666666 0.06574074074074074
0 0.3651041666666667 0.8648148148148148 0.036458333333333336 0.27037037037037037
0 0.6408854166666667 0.9023148148148148 0.4640625 0.11944444444444445
