0 0.41510416666666666 0.09814814814814815 0.546875 0.1962962962962963
0 0.2520833333333333 0.031018518518518518 0.090625 0.04722222222222222
0 0.5346354166666667 0.03611111111111111 0.17239583333333333 0.04259259259259259
0 0.6559895833333333 0.04212962962962963 0.07552083333333333 0.03981481481481482
0 0.39609375 0.44074074074074077 0.050520833333333334 0.46111111111111114
0 0.271875 0.3837962962962963 0.16458333333333333 0.09537037037037037
0 0.61640625 0.5175925925925926 0.2734375 0.1962962962962963
0 0.08932291666666667 0.5819444444444445 0.17864583333333334 0.1287037037037037
0 0.26484375 0.774074074074074 0.39010416666666664 0.08518518518518518
0 0.9005208333333333 0.9606481481481481 0.030208333333333334 0.0787037037037037
