0 0.37265625 0.04027777777777778 0.0890625 0.08055555555555556
0 0.5979166666666667 0.00787037037037037 0.20104166666666667 0.01574074074074074
0 0.6122395833333333 0.04861111111111111 0.22239583333333332 0.03796296296296296
0 0.48020833333333335 0.1638888888888889 0.13125 0.26296296296296295
0 0.14947916666666666 0.18009259259259258 0.06770833333333333 0.20277777777777778
0 0.3484375 0.27314814814814814 0.10104166666666667 0.32407407407407407
0 0.5932291666666667 0.13703703703703704 0.253125 0.02962962962962963
0 0.6854166666666667 0.21203703703703702 0.12291666666666666 0.08148148148148149
0 0.5752604166666667 0.41435185185185186 0.0421875 0.41388888888888886
0 0.21145833333333333 0.4685185185185185 0.1125 0.45
0 0.7622395833333333 0.4023148148148148 0.07239583333333334 0.2824074074074074
0 0.09947916666666666 0.3296296296296296 0.034375 0.0962962962962963
0 0.384375 0.7134259259259259 0.0625 0.5731481481481482
0 0.6932291666666667 0.5712962962962963 0.203125 0.12222222222222222
0 0.04583333333333333 0.6157407407407407 0.09166666666666666 0.07222222222222222
