0 0.6609375 0.05092592592592592 0.10208333333333333 0.05925925925925926
0 0.49140625 0.08101851851851852 0.10364583333333334 0.05462962962962963
0 0.29401041666666666 0.11342592592592593 0.2869791666666667 0.03981481481481482
0 0.67421875 0.2212962962962963 0.16510416666666666 0.17777777777777778
0 0.12916666666666668 0.29907407407407405 0.13020833333333334 0.06296296296296296
0 0.57734375 0.43425925925925923 0.4265625 0.06666666666666667
0 0.3625 0.7532407407407408 0.052083333333333336 0.4935185185185185
0 0.21067708333333332 0.8773148148148148 0.1921875 0.21944444444444444
0 0.6421875 0.8629629629629629 0.45729166666666665 0.1
0 0.7205729166666667 0.9796296296296296 0.07864583333333333 0.040740740740740744
