0 0.3346354166666667 0.09074074074074075 0.044270833333333336 0.1814814814814815
0 0.7130208333333333 0.053703703703703705 0.034375 0.10740740740740741
0 0.40390625 0.17592592592592593 0.0390625 0.27037037037037037
0 0.22473958333333333 0.1125 0.0984375 0.05648148148148148
0 0.5736979166666667 0.125 0.27239583333333334 0.046296296296296294
0 0.27369791666666665 0.2712962962962963 0.2890625 0.18333333333333332
0 0.56953125 0.2949074074074074 0.2765625 0.041666666666666664
0 0.20546875 0.5907407407407408 0.23072916666666668 0.46296296296296297
0 0.5830729166666667 0.5740740740740741 0.47552083333333334 0.08148148148148149
0 0.013020833333333334 0.5847222222222223 0.026041666666666668 0.0824074074074074
0 0.03619791666666667 0.9208333333333333 0.07239583333333334 0.15833333333333333
0 0.13489583333333333 0.975925925925926 0.053125 0.04814814814814815
0 0.4830729166666667 0.9851851851851852 0.15364583333333334 0.02962962962962963
