0 0.29192708333333334 0.14074074074074075 0.07447916666666667 0.2814814814814815
0 0.44635416666666666 0.12407407407407407 0.041666666666666664 0.24444444444444444
0 0.5861979166666667 0.04722222222222222 0.2296875 0.03148148148148148
0 0.5971354166666667 0.1375 0.15364583333333334 0.07314814814814814
0 0.25807291666666665 0.35 0.20677083333333332 0.32037037037037036
0 0.5734375 0.3425925925925926 0.39479166666666665 0.05740740740740741
0 0.6484375 0.44074074074074077 0.32395833333333335 0.08148148148148149
0 0.41458333333333336 0.7018518518518518 0.15416666666666667 0.5962962962962963
0 0.24322916666666666 0.7875 0.16979166666666667 0.425
0 0.6278645833333333 0.6388888888888888 0.39114583333333336 0.07222222222222222
0 0.7783854166666667 0.8273148148148148 0.20364583333333333 0.21203703703703702
0 0.5778645833333333 0.9050925925925926 0.018229166666666668 0.18981481481481483
0 0.08411458333333334 0.9518518518518518 0.0265625 0.0962962962962963
0 0.5328125 0.9726851851851852 0.042708333333333334 0.05462962962962963
