0 0.5619791666666667 0.043055555555555555 0.290625 0.032407407407407406
0 0.421875 0.22361111111111112 0.03125 0.29907407407407405
0 0.10104166666666667 0.2972222222222222 0.11770833333333333 0.34074074074074073
0 0.3372395833333333 0.22592592592592592 0.1078125 0.08148148148148149
0 0.5984375 0.2212962962962963 0.278125 0.03888888888888889
0 0.6888020833333334 0.28379629629629627 0.13489583333333333 0.05462962962962963
0 0.4856770833333333 0.32175925925925924 0.10989583333333333 0.11574074074074074
0 0.24869791666666666 0.32592592592592595 0.10989583333333333 0.06111111111111111
0 0.0984375 0.6569444444444444 0.146875 0.6861111111111111
0 0.6171875 0.5222222222222223 0.196875 0.05185185185185185
0 0.37552083333333336 0.7615740740740741 0.057291666666666664 0.47685185185185186
0 0.625 0.6504629629629629 0.39479166666666665 0.08796296296296297
0 0.5942708333333333 0.9083333333333333 0.16770833333333332 0.18333333333333332
0 0.13463541666666667 0.9685185185185186 0.0390625 0.06296296296296296
