0 0.3390625 0.04814814814814815 0.05520833333333333 0.0962962962962963
0 0.4625 0.037037037037037035 0.03333333333333333 0.07407407407407407
0 0.26953125 0.13657407407407407 0.2640625 0.20462962962962963
0 0.47239583333333335 0.3 0.5510416666666667 0.4722222222222222
0 0.06796875 0.4310185185185185 0.1359375 0.39351851851851855
0 0.2671875 0.638425925925926 0.365625 0.7231481481481481
0 0.71015625 0.41805555555555557 0.1453125 0.11574074074074074
0 0.5841145833333333 0.7050925925925926 0.0546875 0.5898148148148148
0 0.7057291666666666 0.7537037037037037 0.015625 0.4925925925925926
0 0.37213541666666666 0.8648148148148148 0.030729166666666665 0.27037037037037037
0 0.8700520833333333 0.8930555555555556 0.0484375 0.21388888888888888
