0 0.29244791666666664 0.0712962962962963 0.2421875 0.1425925925925926
0 0.4765625 0.18935185185185185 0.496875 0.3787037037037037
0 0.13411458333333334 0.2574074074074074 0.0796875 0.23703703703703705
0 0.2942708333333333 0.5046296296296297 0.33229166666666665 0.662962962962963
0 0.68984375 0.2865740740740741 0.12760416666666666 0.09166666666666666
0 0.5770833333333333 0.5157407407407407 0.04583333333333333 0.4722222222222222
0 0.68125 0.6282407407407408 0.029166666666666667 0.5435185185185185
0 0.07942708333333333 0.41759259259259257 0.03802083333333333 0.10925925925925926
0 0.38255208333333335 0.762962962962963 0.050520833333333334 0.4740740740740741
0 0.84609375 0.7837962962962963 0.0890625 0.4324074074074074
0 0.03177083333333333 0.7569444444444444 0.06354166666666666 0.06018518518518518
