0 0.3497395833333333 0.020833333333333332 0.0859375 0.041666666666666664
0 0.28958333333333336 0.1425925925925926 0.3645833333333333 0.2851851851851852
0 0.3723958333333333 0.07546296296296297 0.08645833333333333 0.05648148148148148
0 0.5848958333333333 0.07361111111111111 0.22708333333333333 0.028703703703703703
0 0.6578125 0.11481481481481481 0.109375 0.037037037037037035
0 0.49296875 0.13935185185185187 0.09010416666666667 0.0787037037037037
0 0.2557291666666667 0.4708333333333333 0.27395833333333336 0.6731481481481482
0 0.6020833333333333 0.35324074074074074 0.3020833333333333 0.35462962962962963
0 0.41015625 0.5 0.06197916666666667 0.46111111111111114
0 0.028645833333333332 0.3282407407407407 0.03958333333333333 0.06944444444444445
0 0.06015625 0.36064814814814816 0.07552083333333333 0.12314814814814815
0 0.07786458333333333 0.4564814814814815 0.0703125 0.1648148148148148
0 0.3216145833333333 0.4759259259259259 0.14010416666666667 0.1037037037037037
0 0.10052083333333334 0.8083333333333333 0.20104166666666667 0.38333333333333336
0 0.5958333333333333 0.8527777777777777 0.590625 0.29444444444444445
