0 0.38984375 0.07453703703703704 0.4390625 0.14907407407407408
0 0.54609375 0.21481481481481482 0.45364583333333336 0.42962962962962964
0 0.15286458333333333 0.26990740740740743 0.12239583333333333 0.058333333333333334
0 0.23307291666666666 0.3638888888888889 0.4036458333333333 0.12407407407407407
0 0.3692708333333333 0.7287037037037037 0.057291666666666664 0.5425925925925926
0 0.21536458333333333 0.6027777777777777 0.14427083333333332 0.13518518518518519
0 0.23489583333333333 0.7861111111111111 0.17604166666666668 0.19444444444444445
0 0.6325520833333333 0.775 0.42239583333333336 0.08888888888888889
0 0.7739583333333333 0.9254629629629629 0.21145833333333333 0.13425925925925927
0 0.39765625 0.937962962962963 0.04635416666666667 0.12407407407407407
0 0.020833333333333332 0.9805555555555555 0.041666666666666664 0.03888888888888889
