0 0.41067708333333336 0.5 0.7192708333333333 1.0
0 0.634375 0.03564814814814815 0.13229166666666667 0.032407407407407406
0 0.5190104166666667 0.10185185185185185 0.11822916666666666 0.07037037037037037
0 0.20078125 0.22037037037037038 0.10572916666666667 0.06851851851851852
0 0.5348958333333333 0.22870370370370371 0.20416666666666666 0.06111111111111111
0 0.35208333333333336 0.7449074074074075 0.134375 0.5101851851851852
0 0.63046875 0.7722222222222223 0.04739583333333333 0.45555555555555555
0 0.81796875 0.7986111111111112 0.2703125 0.20462962962962963
0 0.9609375 0.8763888888888889 0.078125 0.10833333333333334
0 0.5182291666666666 0.9217592592592593 0.1125 0.15648148148148147
0 0.19661458333333334 0.9458333333333333 0.16302083333333334 0.10833333333333334
