0 0.6518229166666667 0.019444444444444445 0.1453125 0.03888888888888889
0 0.63984375 0.18101851851851852 0.2994791666666667 0.325
0 0.3966145833333333 0.03194444444444444 0.19739583333333333 0.025
0 0.4041666666666667 0.4041666666666667 0.2916666666666667 0.5435185185185185
0 0.15703125 0.3523148148148148 0.1171875 0.08796296296296297
0 0.58203125 0.37175925925925923 0.33177083333333335 0.0712962962962963
0 0.20520833333333333 0.7282407407407407 0.3541666666666667 0.5435185185185185
0 0.6322916666666667 0.7384259259259259 0.4625 0.5231481481481481
0 0.022916666666666665 0.8837962962962963 0.04583333333333333 0.04537037037037037
0 0.34401041666666665 0.9824074074074074 0.0515625 0.03518518518518519
