0 0.30182291666666666 0.1162037037037037 0.3453125 0.2324074074074074
0 0.37890625 0.040740740740740744 0.0828125 0.05185185185185185
0 0.5825520833333333 0.03796296296296296 0.21822916666666667 0.025925925925925925
0 0.6526041666666667 0.07685185185185185 0.10520833333333333 0.03518518518518519
0 0.49505208333333334 0.09953703703703703 0.0859375 0.0712962962962963
0 0.2713541666666667 0.39166666666666666 0.25833333333333336 0.5944444444444444
0 0.5981770833333333 0.2912037037037037 0.28489583333333335 0.3175925925925926
0 0.41875 0.4212962962962963 0.057291666666666664 0.4074074074074074
0 0.05677083333333333 0.26481481481481484 0.035416666666666666 0.06296296296296296
0 0.08671875 0.29907407407407405 0.06822916666666666 0.10925925925925926
0 0.10546875 0.38333333333333336 0.0671875 0.14444444444444443
0 0.030208333333333334 0.38425925925925924 0.0375 0.06111111111111111
0 0.3341145833333333 0.4013888888888889 0.1328125 0.09166666666666666
0 0.12786458333333334 0.7620370370370371 0.2557291666666667 0.4759259259259259
0 0.5901041666666667 0.8004629629629629 0.54375 0.3990740740740741
0 0.8026041666666667 0.9597222222222223 0.19166666666666668 0.08055555555555556
