0 0.52109375 0.052314814814814814 0.0328125 0.10462962962962963
0 0.6651041666666667 0.07824074074074074 0.16770833333333332 0.15648148148148147
0 0.421875 0.18981481481481483 0.25 0.3685185185185185
0 0.22005208333333334 0.16203703703703703 0.09947916666666666 0.06111111111111111
0 0.5731770833333333 0.175 0.2755208333333333 0.05
0 0.23463541666666668 0.6083333333333333 0.3609375 0.75
0 0.5841145833333333 0.4898148148148148 0.4921875 0.48703703703703705
0 0.075 0.8337962962962963 0.15 0.33240740740740743
0 0.16015625 0.9305555555555556 0.03697916666666667 0.1388888888888889
0 0.309375 0.9740740740740741 0.08958333333333333 0.05185185185185185
