0 0.2872395833333333 0.013425925925925926 0.09635416666666667 0.026851851851851852
0 0.40989583333333335 0.5055555555555555 0.8197916666666667 0.9888888888888889
0 0.55078125 0.05092592592592592 0.10052083333333334 0.02962962962962963
0 0.65 0.1574074074074074 0.153125 0.044444444444444446
0 0.5174479166666667 0.24814814814814815 0.13697916666666668 0.09444444444444444
0 0.13671875 0.41435185185185186 0.1234375 0.09907407407407408
0 0.5359375 0.425462962962963 0.24479166666666666 0.08796296296296297
0 0.34140625 0.9120370370370371 0.030729166666666665 0.17592592592592593
0 0.23958333333333334 0.9518518518518518 0.04583333333333333 0.0962962962962963
0 0.6815104166666667 0.9555555555555556 0.018229166666666668 0.08888888888888889
