0 0.2713541666666667 0.018055555555555554 0.08229166666666667 0.03611111111111111
0 0.3606770833333333 0.03287037037037037 0.0296875 0.06574074074074074
0 0.4231770833333333 0.07916666666666666 0.028645833333333332 0.15833333333333333
0 0.56640625 0.02361111111111111 0.23177083333333334 0.03611111111111111
0 0.2942708333333333 0.2912037037037037 0.28854166666666664 0.4564814814814815
0 0.5705729166666667 0.22592592592592592 0.3796875 0.3074074074074074
0 0.18489583333333334 0.43842592592592594 0.22708333333333333 0.32685185185185184
0 0.6002604166666666 0.749537037037037 0.5296875 0.5009259259259259
0 0.45703125 0.9023148148148148 0.19322916666666667 0.19537037037037036
0 0.27291666666666664 0.9097222222222222 0.253125 0.18055555555555555
0 0.06536458333333334 0.9472222222222222 0.09635416666666667 0.10555555555555556
