0 0.540625 0.10925925925925926 0.37916666666666665 0.21851851851851853
0 0.21145833333333333 0.10833333333333334 0.10416666666666667 0.04259259259259259
0 0.28541666666666665 0.17314814814814813 0.3333333333333333 0.08703703703703704
0 0.21979166666666666 0.48518518518518516 0.4395833333333333 0.4962962962962963
0 0.27760416666666665 0.33194444444444443 0.11875 0.08611111111111111
0 0.30052083333333335 0.44675925925925924 0.13125 0.11944444444444445
0 0.6096354166666667 0.4398148148148148 0.32864583333333336 0.053703703703703705
0 0.7171875 0.5300925925925926 0.16041666666666668 0.08055555555555556
0 0.47578125 0.586574074074074 0.13177083333333334 0.17314814814814813
0 0.049479166666666664 0.7759259259259259 0.09895833333333333 0.40185185185185185
0 0.6549479166666666 0.8337962962962963 0.0234375 0.33240740740740743
0 0.35546875 0.9495370370370371 0.025520833333333333 0.10092592592592593
0 0.5979166666666667 0.9745370370370371 0.05416666666666667 0.05092592592592592
