0 0.2877604166666667 0.08101851851851852 0.24635416666666668 0.16203703703703703
0 0.47552083333333334 0.20972222222222223 0.5072916666666667 0.3990740740740741
0 0.10651041666666666 0.33240740740740743 0.1203125 0.35
0 0.28541666666666665 0.5472222222222223 0.3458333333333333 0.7055555555555556
0 0.69375 0.31203703703703706 0.13125 0.0962962962962963
0 0.578125 0.5564814814814815 0.046875 0.5018518518518519
0 0.6875 0.6759259259259259 0.030208333333333334 0.5796296296296296
0 0.37994791666666666 0.7824074074074074 0.0484375 0.4351851851851852
0 0.85078125 0.8046296296296296 0.0828125 0.3907407407407407
0 0.0234375 0.8115740740740741 0.046875 0.058333333333333334
