0 0.446875 0.06388888888888888 0.027083333333333334 0.12777777777777777
0 0.7044270833333334 0.10740740740740741 0.05572916666666667 0.21481481481481482
0 0.23411458333333332 0.15555555555555556 0.1265625 0.05925925925925926
0 0.36171875 0.5819444444444445 0.2484375 0.8361111111111111
0 0.5544270833333333 0.22083333333333333 0.12239583333333333 0.041666666666666664
0 0.67890625 0.38287037037037036 0.19114583333333332 0.06574074074074074
0 0.5145833333333333 0.5268518518518519 0.175 0.15185185185185185
0 0.32395833333333335 0.8004629629629629 0.05625 0.3990740740740741
0 0.72265625 0.8175925925925925 0.3984375 0.3648148148148148
0 0.5395833333333333 0.8300925925925926 0.328125 0.1527777777777778
0 0.042708333333333334 0.8569444444444444 0.08541666666666667 0.08055555555555556
