0 0.5388020833333333 0.06481481481481481 0.3484375 0.12962962962962962
0 0.2375 0.037037037037037035 0.09583333333333334 0.037037037037037035
0 0.3072916666666667 0.09212962962962963 0.303125 0.07314814814814814
0 0.22578125 0.3685185185185185 0.4515625 0.44814814814814813
0 0.3026041666666667 0.22268518518518518 0.10833333333333334 0.0712962962962963
0 0.3265625 0.31342592592592594 0.11458333333333333 0.09351851851851851
0 0.60078125 0.30925925925925923 0.2921875 0.044444444444444446
0 0.6958333333333333 0.37962962962962965 0.14166666666666666 0.06296296296296296
0 0.48203125 0.42268518518518516 0.1171875 0.13240740740740742
0 0.16432291666666668 0.7069444444444445 0.32864583333333336 0.5861111111111111
0 0.6315104166666666 0.7425925925925926 0.42864583333333334 0.5148148148148148
0 0.3723958333333333 0.8287037037037037 0.041666666666666664 0.3425925925925926
