0 0.29609375 0.1287037037037037 0.3546875 0.2574074074074074
0 0.3575520833333333 0.0125 0.0765625 0.025
0 0.37604166666666666 0.05787037037037037 0.08541666666666667 0.05462962962962963
0 0.5841145833333333 0.05462962962962963 0.22239583333333332 0.025925925925925925
0 0.65546875 0.09490740740740741 0.1078125 0.03611111111111111
0 0.49453125 0.11898148148148148 0.08802083333333334 0.075
0 0.2640625 0.4305555555555556 0.265625 0.6314814814814815
0 0.6002604166666666 0.32083333333333336 0.29322916666666665 0.33611111111111114
0 0.41432291666666665 0.4587962962962963 0.059895833333333336 0.4324074074074074
0 0.0421875 0.29583333333333334 0.0375 0.06759259259259259
0 0.07395833333333333 0.3287037037037037 0.071875 0.11666666666666667
0 0.0921875 0.41805555555555557 0.06875 0.15462962962962962
0 0.0171875 0.41759259259259257 0.034375 0.05925925925925926
0 0.328125 0.4375 0.13645833333333332 0.09722222222222222
0 0.1140625 0.7842592592592592 0.228125 0.43148148148148147
0 0.5934895833333333 0.825925925925926 0.5671875 0.34814814814814815
