0 0.4015625 0.03518518518518519 0.40208333333333335 0.07037037037037037
0 0.54296875 0.14953703703703702 0.4078125 0.29907407407407405
0 0.18880208333333334 0.1699074074074074 0.1109375 0.049074074074074076
0 0.26536458333333335 0.2462962962962963 0.35885416666666664 0.1
0 0.2140625 0.624537037037037 0.428125 0.6083333333333333
0 0.25442708333333336 0.4337962962962963 0.12864583333333332 0.10462962962962963
0 0.030989583333333334 0.500462962962963 0.06197916666666667 0.1935185185185185
0 0.27630208333333334 0.5717592592592593 0.14739583333333334 0.14351851851851852
0 0.61796875 0.562962962962963 0.36302083333333335 0.06666666666666667
0 0.7375 0.6736111111111112 0.17916666666666667 0.09722222222222222
0 0.4700520833333333 0.7444444444444445 0.1453125 0.21481481481481482
0 0.02421875 0.8175925925925925 0.0484375 0.17777777777777778
0 0.6736979166666667 0.9226851851851852 0.0203125 0.15462962962962962
