0 0.32578125 0.02546296296296296 0.28072916666666664 0.05092592592592592
0 0.5591145833333333 0.02638888888888889 0.27447916666666666 0.05277777777777778
0 0.24088541666666666 0.2800925925925926 0.4401041666666667 0.4324074074074074
0 0.32395833333333335 0.1287037037037037 0.09791666666666667 0.05925925925925926
0 0.34765625 0.2023148148148148 0.1015625 0.07685185185185185
0 0.5934895833333333 0.19907407407407407 0.26197916666666665 0.037037037037037035
0 0.678125 0.25555555555555554 0.12708333333333333 0.05
0 0.4875 0.2898148148148148 0.10416666666666667 0.10555555555555556
0 0.196875 0.6412037037037037 0.32708333333333334 0.7175925925925926
0 0.6171875 0.6013888888888889 0.36666666666666664 0.525
0 0.38359375 0.7356481481481482 0.06614583333333333 0.5287037037037037
0 0.271875 0.7791666666666667 0.171875 0.16018518518518518
0 0.15104166666666666 0.9185185185185185 0.06458333333333334 0.16296296296296298
