0 0.44140625 0.10185185185185185 0.20677083333333332 0.2037037037037037
0 0.68359375 0.021296296296296296 0.059895833333333336 0.04259259259259259
0 0.25885416666666666 0.046296296296296294 0.08854166666666667 0.04814814814814815
0 0.56796875 0.05694444444444444 0.24114583333333334 0.03796296296296296
0 0.28125 0.35509259259259257 0.303125 0.5120370370370371
0 0.5736979166666667 0.2810185185185185 0.40260416666666665 0.3416666666666667
0 0.16302083333333334 0.5203703703703704 0.23541666666666666 0.37222222222222223
0 0.6080729166666666 0.7939814814814815 0.5734375 0.41203703703703703
0 0.7497395833333333 0.9083333333333333 0.13802083333333334 0.18333333333333332
0 0.37395833333333334 0.9717592592592592 0.05625 0.05648148148148148
0 0.13723958333333333 0.9810185185185185 0.0515625 0.03796296296296296
