0 0.25390625 0.010648148148148148 0.08177083333333333 0.021296296296296296
0 0.5606770833333333 0.04490740740740741 0.2869791666666667 0.08981481481481482
0 0.31640625 0.055092592592592596 0.2911458333333333 0.06574074074074074
0 0.22838541666666667 0.3333333333333333 0.45677083333333335 0.45925925925925926
0 0.3138020833333333 0.1736111111111111 0.10260416666666666 0.06574074074074074
0 0.3375 0.25555555555555554 0.10833333333333334 0.08518518518518518
0 0.5971354166666667 0.25092592592592594 0.2765625 0.040740740740740744
0 0.6864583333333333 0.3143518518518518 0.134375 0.05462962962962963
0 0.48515625 0.3527777777777778 0.10989583333333333 0.11851851851851852
0 0.17291666666666666 0.6722222222222223 0.3458333333333333 0.6555555555555556
0 0.6239583333333333 0.7041666666666667 0.3958333333333333 0.5916666666666667
0 0.3763020833333333 0.7791666666666667 0.05364583333333333 0.44166666666666665
0 0.24921875 0.9120370370370371 0.1859375 0.17592592592592593
