0 0.39609375 0.05416666666666667 0.4203125 0.10833333333333334
0 0.5442708333333334 0.18009259259259258 0.42916666666666664 0.36018518518518516
0 0.17135416666666667 0.2175925925925926 0.11666666666666667 0.053703703703703705
0 0.25052083333333336 0.3013888888888889 0.37916666666666665 0.11388888888888889
0 0.340625 0.6925925925925925 0.13020833333333334 0.6148148148148148
0 0.23645833333333333 0.5115740740740741 0.13541666666666666 0.1175925925925926
0 0.015625 0.5351851851851852 0.03125 0.11296296296296296
0 0.25703125 0.6708333333333333 0.1609375 0.16574074074074074
0 0.6247395833333333 0.6611111111111111 0.39010416666666664 0.07592592592592592
0 0.7541666666666667 0.7888888888888889 0.19375 0.11296296296296296
0 0.46510416666666665 0.8731481481481481 0.15729166666666666 0.2518518518518518
0 0.15130208333333334 0.8972222222222223 0.3026041666666667 0.20555555555555555
