0 0.5455729166666666 0.09907407407407408 0.43697916666666664 0.19814814814814816
0 0.6708333333333333 0.029166666666666667 0.12083333333333333 0.05277777777777778
0 0.24791666666666667 0.11203703703703703 0.12083333333333333 0.05555555555555555
0 0.6700520833333333 0.4203703703703704 0.37864583333333335 0.5018518518518519
0 0.3703125 0.1884259259259259 0.23645833333333333 0.03425925925925926
0 0.36041666666666666 0.6675925925925926 0.38958333333333334 0.6648148148148149
0 0.596875 0.7203703703703703 0.43125 0.12037037037037036
0 0.06015625 0.7199074074074074 0.1203125 0.0824074074074074
0 0.19609375 0.9384259259259259 0.0421875 0.12314814814814815
0 0.6341145833333334 0.9527777777777777 0.21510416666666668 0.09444444444444444
