0 0.3028645833333333 0.050462962962962966 0.2328125 0.10092592592592593
0 0.4783854166666667 0.15601851851851853 0.4734375 0.31203703703703706
0 0.15546875 0.20416666666666666 0.0703125 0.21388888888888888
0 0.31223958333333335 0.41944444444444445 0.3046875 0.5796296296296296
0 0.68125 0.22962962962962963 0.11979166666666667 0.08148148148148149
0 0.5739583333333333 0.43148148148148147 0.041666666666666664 0.4111111111111111
0 0.66953125 0.5277777777777778 0.027604166666666666 0.4685185185185185
0 0.10625 0.34629629629629627 0.034375 0.0962962962962963
0 0.3859375 0.7212962962962963 0.06041666666666667 0.5574074074074075
0 0.8453125 0.7398148148148148 0.12395833333333334 0.5203703703703704
0 0.04895833333333333 0.6259259259259259 0.09791666666666667 0.08333333333333333
0 0.03411458333333333 0.7388888888888889 0.06822916666666666 0.04814814814814815
