0 0.696875 0.0625 0.035416666666666666 0.125
0 0.259375 0.07592592592592592 0.115625 0.05
0 0.3580729166666667 0.5412037037037037 0.2640625 0.9175925925925926
0 0.5526041666666667 0.13055555555555556 0.11041666666666666 0.03518518518518519
0 0.6638020833333333 0.26157407407407407 0.17135416666666667 0.05277777777777778
0 0.5161458333333333 0.37407407407407406 0.15416666666666667 0.11851851851851852
0 0.6942708333333333 0.7287037037037037 0.33958333333333335 0.5425925925925926
0 0.07942708333333333 0.5884259259259259 0.13802083333333334 0.1287037037037037
0 0.5372395833333333 0.6032407407407407 0.28177083333333336 0.11388888888888889
0 0.13619791666666667 0.9666666666666667 0.27239583333333334 0.06666666666666667
