0 0.3190104166666667 0.08009259259259259 0.31927083333333334 0.16018518518518518
0 0.6450520833333333 0.02546296296296296 0.0984375 0.030555555555555555
0 0.4973958333333333 0.04537037037037037 0.08020833333333334 0.06296296296296296
0 0.2911458333333333 0.29074074074074074 0.240625 0.5
0 0.59296875 0.20925925925925926 0.2630208333333333 0.27037037037037037
0 0.42916666666666664 0.31851851851851853 0.051041666666666666 0.34074074074074073
0 0.09609375 0.18287037037037038 0.0296875 0.05462962962962963
0 0.12109375 0.21712962962962962 0.059895833333333336 0.09351851851851851
0 0.14140625 0.2884259259259259 0.0640625 0.12314814814814815
0 0.07265625 0.28935185185185186 0.03177083333333333 0.05092592592592592
0 0.3502604166666667 0.30462962962962964 0.12239583333333333 0.07777777777777778
0 0.15755208333333334 0.6532407407407408 0.3151041666666667 0.49537037037037035
0 0.5981770833333333 0.7347222222222223 0.5130208333333334 0.5305555555555556
0 0.209375 0.8643518518518518 0.41875 0.2712962962962963
