0 0.22135416666666666 0.024537037037037038 0.034375 0.049074074074074076
0 0.3229166666666667 0.16111111111111112 0.21145833333333333 0.32222222222222224
0 0.5848958333333333 0.0912037037037037 0.228125 0.1824074074074074
0 0.44557291666666665 0.1597222222222222 0.0421875 0.25092592592592594
0 0.17604166666666668 0.08703703703703704 0.046875 0.07037037037037037
0 0.196875 0.14074074074074075 0.058333333333333334 0.09259259259259259
0 0.37578125 0.1527777777777778 0.10677083333333333 0.05925925925925926
0 0.19348958333333333 0.3925925925925926 0.33177083333333335 0.3333333333333333
0 0.46171875 0.6351851851851852 0.7296875 0.7296296296296296
0 0.2375 0.8134259259259259 0.175 0.3731481481481482
0 0.7817708333333333 0.8902777777777777 0.209375 0.21944444444444444
0 0.5776041666666667 0.937037037037037 0.01875 0.1259259259259259
