0 0.5447916666666667 0.0875 0.4270833333333333 0.175
0 0.6768229166666667 0.01898148148148148 0.1015625 0.03796296296296296
0 0.25364583333333335 0.09259259259259259 0.11770833333333333 0.05185185185185185
0 0.6653645833333334 0.38425925925925924 0.3671875 0.4722222222222222
0 0.37421875 0.16527777777777777 0.23072916666666668 0.032407407407407406
0 0.3671875 0.6527777777777778 0.37395833333333334 0.6944444444444444
0 0.06744791666666666 0.6351851851851852 0.13489583333333333 0.13703703703703704
0 0.5947916666666667 0.6657407407407407 0.4166666666666667 0.11296296296296296
0 0.19713541666666667 0.9055555555555556 0.06614583333333333 0.18888888888888888
0 0.6502604166666667 0.9185185185185185 0.29635416666666664 0.16296296296296298
0 0.013541666666666667 0.9643518518518519 0.027083333333333334 0.0712962962962963
