0 0.440625 0.09675925925925925 0.029166666666666667 0.1935185185185185
0 0.25885416666666666 0.026851851851851852 0.10104166666666667 0.03333333333333333
0 0.7166666666666667 0.1685185185185185 0.0625 0.2537037037037037
0 0.21119791666666668 0.22592592592592592 0.13489583333333333 0.06851851851851852
0 0.34713541666666664 0.6175925925925926 0.26927083333333335 0.7648148148148148
0 0.5567708333333333 0.3023148148148148 0.13125 0.049074074074074076
0 0.6934895833333333 0.49444444444444446 0.20989583333333334 0.07962962962962963
0 0.5130208333333334 0.6717592592592593 0.19270833333333334 0.18796296296296297
0 0.31171875 0.8814814814814815 0.034895833333333334 0.23703703703703705
0 0.8317708333333333 0.9027777777777778 0.05 0.19444444444444445
0 0.6135416666666667 0.9421296296296297 0.18333333333333332 0.11574074074074074
0 0.39869791666666665 0.9777777777777777 0.0890625 0.044444444444444446
