0 0.45208333333333334 0.03518518518518519 0.025 0.07037037037037037
0 0.6984375 0.07361111111111111 0.040625 0.14722222222222223
0 0.253125 0.09398148148148149 0.11875 0.05277777777777778
0 0.37395833333333334 0.5509259259259259 0.23125 0.8981481481481481
0 0.5533854166666666 0.15138888888888888 0.1140625 0.03611111111111111
0 0.6669270833333333 0.2898148148148148 0.17552083333333332 0.05555555555555555
0 0.515625 0.40925925925925927 0.15833333333333333 0.1259259259259259
0 0.7005208333333334 0.749537037037037 0.353125 0.5009259259259259
0 0.06692708333333333 0.6398148148148148 0.13385416666666666 0.1388888888888889
0 0.53828125 0.6546296296296297 0.29322916666666665 0.12222222222222222
