0 0.275 0.015277777777777777 0.07708333333333334 0.030555555555555555
0 0.5255208333333333 0.3296296296296296 0.709375 0.6592592592592592
0 0.5348958333333333 0.016666666666666666 0.15729166666666666 0.03333333333333333
0 0.72421875 0.32175925925925924 0.17135416666666667 0.09537037037037037
0 0.12942708333333333 0.48333333333333334 0.16614583333333333 0.10740740740740741
0 0.8794270833333333 0.6203703703703703 0.0359375 0.044444444444444446
0 0.6786458333333333 0.8013888888888889 0.4479166666666667 0.3972222222222222
0 0.29270833333333335 0.6425925925925926 0.3489583333333333 0.07037037037037037
0 0.91328125 0.6476851851851851 0.03177083333333333 0.05092592592592592
0 0.9583333333333334 0.6763888888888889 0.03958333333333333 0.04351851851851852
