0 0.29661458333333335 0.06296296296296296 0.23802083333333332 0.1259259259259259
0 0.47734375 0.17592592592592593 0.4869791666666667 0.35185185185185186
0 0.14270833333333333 0.23703703703703705 0.07604166666666666 0.22777777777777777
0 0.30130208333333336 0.4699074074074074 0.32135416666666666 0.6287037037037037
0 0.6861979166666666 0.2638888888888889 0.12447916666666667 0.08888888888888889
0 0.57578125 0.48194444444444445 0.044270833333333336 0.44722222222222224
0 0.6765625 0.587037037037037 0.028125 0.5111111111111111
0 0.08984375 0.38842592592592595 0.03697916666666667 0.10277777777777777
0 0.38359375 0.7458333333333333 0.05572916666666667 0.5083333333333333
0 0.8427083333333333 0.7662037037037037 0.09791666666666667 0.4675925925925926
0 0.038802083333333334 0.7092592592592593 0.07760416666666667 0.05925925925925926
0 0.022395833333333334 0.8125 0.04479166666666667 0.03425925925925926
