0 0.33515625 0.12175925925925926 0.1984375 0.24351851851851852
0 0.4513020833333333 0.10555555555555556 0.0390625 0.2111111111111111
0 0.58203125 0.06157407407407407 0.21510416666666668 0.12314814814814815
0 0.19661458333333334 0.0375 0.0421875 0.06388888888888888
0 0.21744791666666666 0.08472222222222223 0.05572916666666667 0.08055555555555556
0 0.3848958333333333 0.09537037037037037 0.1 0.05185185185185185
0 0.22109375 0.30185185185185187 0.3067708333333333 0.2851851851851852
0 0.46510416666666665 0.5523148148148148 0.6645833333333333 0.7064814814814815
0 0.027604166666666666 0.5194444444444445 0.05520833333333333 0.1648148148148148
0 0.26796875 0.7490740740740741 0.15364583333333334 0.5018518518518519
0 0.7549479166666667 0.7148148148148148 0.18489583333333334 0.1814814814814815
0 0.5729166666666666 0.850462962962963 0.017708333333333333 0.29907407407407405
0 0.06901041666666667 0.8893518518518518 0.13802083333333334 0.2212962962962963
0 0.7578125 0.9277777777777778 0.013541666666666667 0.14444444444444443
0 0.33177083333333335 0.9777777777777777 0.08125 0.044444444444444446
