0 0.3296875 0.1 0.20729166666666668 0.2
0 0.5609375 0.059722222222222225 0.2947916666666667 0.11944444444444445
0 0.26458333333333334 0.15 0.18958333333333333 0.19074074074074074
0 0.33359375 0.3648148148148148 0.6223958333333334 0.38333333333333336
0 0.634375 0.5939814814814814 0.5 0.812037037037037
0 0.4783854166666667 0.39861111111111114 0.1359375 0.09537037037037037
0 0.44609375 0.8407407407407408 0.4630208333333333 0.31851851851851853
0 0.022135416666666668 0.837037037037037 0.044270833333333336 0.07407407407407407
0 0.084375 0.9527777777777777 0.03958333333333333 0.09444444444444444
0 0.43854166666666666 0.9537037037037037 0.04375 0.09259259259259259
