0 0.60625 0.1986111111111111 0.49375 0.39537037037037037
0 0.28411458333333334 0.037037037037037035 0.13489583333333333 0.044444444444444446
0 0.5255208333333333 0.17083333333333334 0.090625 0.08611111111111111
0 0.3078125 0.17222222222222222 0.3125 0.08333333333333333
0 0.2328125 0.48009259259259257 0.465625 0.4898148148148148
0 0.31953125 0.4439814814814815 0.12760416666666666 0.1175925925925926
0 0.9236979166666667 0.6018518518518519 0.15260416666666668 0.42962962962962964
0 0.6265625 0.43148148148148147 0.32708333333333334 0.053703703703703705
0 0.065625 0.787962962962963 0.109375 0.42407407407407405
0 0.6822916666666666 0.8282407407407407 0.017708333333333333 0.3435185185185185
0 0.38984375 0.9458333333333333 0.0234375 0.10833333333333334
0 0.6234375 0.9671296296296297 0.065625 0.06574074074074074
