0 0.28854166666666664 0.020833333333333332 0.13229166666666667 0.041666666666666664
0 0.6033854166666667 0.18101851851851852 0.48072916666666665 0.36203703703703705
0 0.5260416666666666 0.14907407407407408 0.08958333333333333 0.08148148148148149
0 0.31276041666666665 0.14953703703703702 0.3046875 0.0787037037037037
0 0.23385416666666667 0.44583333333333336 0.46770833333333334 0.47129629629629627
0 0.3260416666666667 0.4074074074074074 0.12291666666666666 0.1111111111111111
0 0.91875 0.5546296296296296 0.1625 0.4
0 0.6239583333333333 0.3958333333333333 0.31666666666666665 0.05092592592592592
0 0.06979166666666667 0.7657407407407407 0.128125 0.4685185185185185
0 0.6744791666666666 0.8037037037037037 0.021875 0.3925925925925926
0 0.3932291666666667 0.9120370370370371 0.028125 0.17592592592592593
0 0.575 0.9319444444444445 0.15208333333333332 0.1361111111111111
0 0.8393229166666667 0.9703703703703703 0.15052083333333333 0.05925925925925926
