0 0.42734375 0.05277777777777778 0.025520833333333333 0.10555555555555556
0 0.68046875 0.09166666666666666 0.04739583333333333 0.18333333333333332
0 0.7119791666666667 0.03981481481481482 0.07083333333333333 0.07962962962962963
0 0.7744791666666667 0.17777777777777778 0.11145833333333334 0.20555555555555555
0 0.21901041666666668 0.1337962962962963 0.1234375 0.05462962962962963
0 0.34375 0.5694444444444444 0.24166666666666667 0.8611111111111112
0 0.4903645833333333 0.4773148148148148 0.16614583333333333 0.13796296296296295
0 0.9317708333333333 0.7148148148148148 0.13645833333333332 0.45185185185185184
0 0.30026041666666664 0.774537037037037 0.06614583333333333 0.45092592592592595
0 0.7278645833333334 0.7861111111111111 0.13177083333333334 0.42777777777777776
0 0.5119791666666667 0.7541666666666667 0.31145833333333334 0.13055555555555556
0 0.03854166666666667 0.7898148148148149 0.07708333333333334 0.07407407407407407
