0 0.1953125 0.08657407407407407 0.11354166666666667 0.17314814814814813
0 0.33828125 0.16666666666666666 0.2140625 0.3333333333333333
0 0.6015625 0.09351851851851851 0.228125 0.18703703703703703
0 0.7645833333333333 0.011111111111111112 0.06666666666666667 0.022222222222222223
0 0.46770833333333334 0.16620370370370371 0.03958333333333333 0.25277777777777777
0 0.21276041666666667 0.15046296296296297 0.059895833333333336 0.09166666666666666
0 0.3932291666666667 0.1597222222222222 0.10729166666666666 0.05648148148148148
0 0.49583333333333335 0.637962962962963 0.7458333333333333 0.7240740740740741
0 0.19635416666666666 0.4 0.2947916666666667 0.07222222222222222
0 0.017708333333333333 0.6365740740740741 0.035416666666666666 0.125
0 0.27682291666666664 0.8222222222222222 0.1703125 0.35555555555555557
0 0.6260416666666667 0.9462962962962963 0.020833333333333332 0.10740740740740741
