0 0.5848958333333333 0.008796296296296297 0.20729166666666668 0.017592592592592594
0 0.7533854166666667 0.04583333333333333 0.0671875 0.09166666666666666
0 0.659375 0.056018518518518516 0.09791666666666667 0.05462962962962963
0 0.45260416666666664 0.10925925925925926 0.33125 0.09444444444444444
0 0.6395833333333333 0.4527777777777778 0.63125 0.6185185185185185
0 0.23515625 0.19490740740740742 0.15989583333333332 0.062037037037037036
0 0.5247395833333334 0.39537037037037037 0.11302083333333333 0.13148148148148148
0 0.25364583333333335 0.3962962962962963 0.384375 0.1259259259259259
0 0.3890625 0.7472222222222222 0.042708333333333334 0.5055555555555555
0 0.24713541666666666 0.8490740740740741 0.1796875 0.2111111111111111
0 0.9791666666666666 0.8740740740740741 0.041666666666666664 0.2518518518518518
0 0.6596354166666667 0.825 0.4359375 0.09444444444444444
