0 0.49166666666666664 0.05277777777777778 0.3302083333333333 0.10555555555555556
0 0.7484375 0.08287037037037037 0.06979166666666667 0.08611111111111111
0 0.5302083333333333 0.2912037037037037 0.10625 0.33611111111111114
0 0.3703125 0.14074074074074075 0.22604166666666667 0.02962962962962963
0 0.7768229166666667 0.5305555555555556 0.36822916666666666 0.6907407407407408
0 0.27317708333333335 0.3300925925925926 0.13177083333333334 0.10648148148148148
0 0.4002604166666667 0.7129629629629629 0.29739583333333336 0.5740740740740741
0 0.53046875 0.5837962962962963 0.2859375 0.05648148148148148
0 0.196875 0.8722222222222222 0.084375 0.25555555555555554
0 0.5916666666666667 0.8805555555555555 0.18125 0.2388888888888889
0 0.06640625 0.9222222222222223 0.1328125 0.15555555555555556
0 0.9817708333333334 0.9300925925925926 0.036458333333333336 0.1398148148148148
0 0.7033854166666667 0.9842592592592593 0.0515625 0.03148148148148148
