0 0.4171875 0.09722222222222222 0.05416666666666667 0.19444444444444445
0 0.47239583333333335 0.324537037037037 0.5114583333333333 0.649074074074074
0 0.7552083333333334 0.07037037037037037 0.08125 0.14074074074074075
0 0.24609375 0.0412037037037037 0.08802083333333334 0.04722222222222222
0 0.5192708333333333 0.043055555555555555 0.165625 0.03796296296296296
0 0.7807291666666667 0.2199074074074074 0.08333333333333333 0.1175925925925926
0 0.8833333333333333 0.5930555555555556 0.128125 0.2212962962962963
0 0.5375 0.8481481481481481 0.07708333333333334 0.3037037037037037
0 0.26119791666666664 0.7467592592592592 0.3765625 0.08055555555555556
0 0.8731770833333333 0.937037037037037 0.04010416666666667 0.1259259259259259
