0 0.3065104166666667 0.016203703703703703 0.20052083333333334 0.032407407407407406
0 0.5013020833333334 0.1476851851851852 0.4713541666666667 0.2953703703703704
0 0.17265625 0.2351851851851852 0.0859375 0.29074074074074074
0 0.3528645833333333 0.4 0.29322916666666665 0.562962962962963
0 0.60625 0.40694444444444444 0.052083333333333336 0.39537037037037037
0 0.7122395833333334 0.4976851851851852 0.022395833333333334 0.44722222222222224
0 0.4427083333333333 0.7111111111111111 0.046875 0.5777777777777777
0 0.08958333333333333 0.5736111111111111 0.11979166666666667 0.14351851851851852
0 0.24114583333333334 0.8694444444444445 0.14895833333333333 0.1685185185185185
0 0.8307291666666666 0.899074074074074 0.21770833333333334 0.20185185185185187
0 0.5955729166666667 0.9518518518518518 0.022395833333333334 0.0962962962962963
