0 0.33177083333333335 0.18333333333333332 0.22916666666666666 0.36666666666666664
0 0.4315104166666667 0.03796296296296296 0.025520833333333333 0.07592592592592592
0 0.7106770833333333 0.016666666666666666 0.0609375 0.03333333333333333
0 0.5609375 0.12824074074074074 0.284375 0.2490740740740741
0 0.8223958333333333 0.3439814814814815 0.2708333333333333 0.6342592592592593
0 0.22369791666666666 0.12361111111111112 0.0796875 0.06944444444444445
0 0.5713541666666667 0.40925925925925927 0.415625 0.11481481481481481
0 0.73984375 0.5666666666666667 0.16510416666666666 0.1425925925925926
0 0.4765625 0.649074074074074 0.16458333333333333 0.13703703703703704
0 0.4 0.7236111111111111 0.56875 0.2564814814814815
0 0.9833333333333333 0.9078703703703703 0.03333333333333333 0.18425925925925926
