0 0.34791666666666665 0.023148148148148147 0.09375 0.046296296296296294
0 0.5138020833333333 0.0412037037037037 0.025520833333333333 0.0824074074074074
0 0.6880208333333333 0.13148148148148148 0.22604166666666667 0.26296296296296295
0 0.44036458333333334 0.2023148148148148 0.2046875 0.2712962962962963
0 0.53046875 0.1398148148148148 0.19114583333333332 0.025925925925925925
0 0.27395833333333336 0.5564814814814815 0.28958333333333336 0.6925925925925925
0 0.57421875 0.44074074074074077 0.3921875 0.45
0 0.8770833333333333 0.5722222222222222 0.24583333333333332 0.6333333333333333
0 0.11979166666666667 0.42314814814814816 0.10208333333333333 0.12037037037037036
0 0.39765625 0.9351851851851852 0.2265625 0.12962962962962962
0 0.60078125 0.9763888888888889 0.044270833333333336 0.04722222222222222
