0 0.6731770833333334 0.04027777777777778 0.025520833333333333 0.08055555555555556
0 0.7473958333333334 0.0787037037037037 0.09479166666666666 0.1574074074074074
0 0.2513020833333333 0.040740740740740744 0.1109375 0.046296296296296294
0 0.36484375 0.48148148148148145 0.21510416666666668 0.8740740740740741
0 0.49583333333333335 0.30416666666666664 0.14375 0.10277777777777777
0 0.88671875 0.5365740740740741 0.14322916666666666 0.44722222222222224
0 0.56328125 0.687037037037037 0.4140625 0.6259259259259259
0 0.08671875 0.49953703703703706 0.13072916666666667 0.11018518518518519
0 0.5145833333333333 0.5032407407407408 0.2604166666666667 0.09166666666666666
0 0.91796875 0.9115740740740741 0.05260416666666667 0.17685185185185184
