0 0.4276041666666667 0.05694444444444444 0.026041666666666668 0.11388888888888889
0 0.7190104166666667 0.03287037037037037 0.06510416666666667 0.06574074074074074
0 0.32317708333333334 0.2337962962962963 0.23802083333333332 0.4064814814814815
0 0.5622395833333333 0.17175925925925925 0.2994791666666667 0.275
0 0.8440104166666667 0.4185185185185185 0.2953125 0.7148148148148148
0 0.20885416666666667 0.16620370370370371 0.08229166666666667 0.075
0 0.5747395833333333 0.4842592592592593 0.4432291666666667 0.12777777777777777
0 0.75546875 0.6652777777777777 0.17760416666666667 0.1638888888888889
0 0.47239583333333335 0.7611111111111111 0.178125 0.15925925925925927
0 0.38958333333333334 0.8490740740740741 0.6177083333333333 0.30185185185185187
