0 0.53046875 0.14027777777777778 0.09114583333333333 0.2490740740740741
0 0.39010416666666664 0.02962962962962963 0.196875 0.024074074074074074
0 0.7286458333333333 0.30324074074074076 0.290625 0.48055555555555557
0 0.30963541666666666 0.17222222222222222 0.1140625 0.07962962962962963
0 0.42083333333333334 0.4550925925925926 0.24895833333333334 0.4287037037037037
0 0.5307291666666667 0.350462962962963 0.23645833333333333 0.03796296296296296
0 0.20416666666666666 0.7296296296296296 0.35833333333333334 0.5407407407407407
0 0.5783854166666667 0.7347222222222223 0.3536458333333333 0.5305555555555556
0 0.9338541666666667 0.7666666666666667 0.12916666666666668 0.4666666666666667
0 0.0234375 0.8856481481481482 0.046875 0.04537037037037037
0 0.35963541666666665 0.9791666666666666 0.07760416666666667 0.041666666666666664
