0 0.29140625 0.14583333333333334 0.40572916666666664 0.2916666666666667
0 0.7739583333333333 0.05185185185185185 0.10208333333333333 0.1037037037037037
0 0.31640625 0.26157407407407407 0.23697916666666666 0.47314814814814815
0 0.6098958333333333 0.18055555555555555 0.25416666666666665 0.25555555555555554
0 0.4583333333333333 0.2851851851851852 0.04583333333333333 0.31851851851851853
0 0.17265625 0.26296296296296295 0.06510416666666667 0.11481481481481481
0 0.3765625 0.274537037037037 0.11979166666666667 0.0712962962962963
0 0.6203125 0.7125 0.48020833333333335 0.575
0 0.15598958333333332 0.5921296296296297 0.31197916666666664 0.08981481481481482
0 0.3296875 0.8342592592592593 0.559375 0.3314814814814815
0 0.8114583333333333 0.9856481481481482 0.05520833333333333 0.028703703703703703
