0 0.3796875 0.3277777777777778 0.196875 0.6555555555555556
0 0.7283854166666667 0.03657407407407407 0.08385416666666666 0.07314814814814814
0 0.49921875 0.19212962962962962 0.12864583333333332 0.0824074074074074
0 0.8424479166666666 0.3699074074074074 0.11822916666666666 0.3416666666666667
0 0.5580729166666667 0.6236111111111111 0.35052083333333334 0.7527777777777778
0 0.14036458333333332 0.3449074074074074 0.1171875 0.08425925925925926
0 0.5158854166666667 0.34814814814814815 0.22760416666666666 0.07037037037037037
0 0.9098958333333333 0.7185185185185186 0.14375 0.26481481481481484
0 0.29921875 0.8467592592592592 0.15364583333333334 0.30648148148148147
0 0.6416666666666667 0.8796296296296297 0.022916666666666665 0.24074074074074073
