0 0.5013020833333334 0.12731481481481483 0.4557291666666667 0.25462962962962965
0 0.18567708333333333 0.19907407407407407 0.07864583333333333 0.26851851851851855
0 0.35963541666666665 0.3490740740740741 0.28072916666666664 0.5166666666666667
0 0.6033854166666667 0.35648148148148145 0.049479166666666664 0.362962962962963
0 0.703125 0.4393518518518518 0.021875 0.4083333333333333
0 0.4466145833333333 0.6601851851851852 0.04739583333333333 0.575925925925926
0 0.11067708333333333 0.5101851851851852 0.1140625 0.12777777777777777
0 0.25729166666666664 0.7754629629629629 0.14166666666666666 0.14722222222222223
0 0.8125 0.8101851851851852 0.20208333333333334 0.1962962962962963
0 0.5911458333333334 0.9041666666666667 0.03854166666666667 0.19166666666666668
