0 0.5981770833333333 0.15046296296296297 0.45677083333333335 0.30092592592592593
0 0.52578125 0.1087962962962963 0.08489583333333334 0.075
0 0.32265625 0.10925925925925926 0.2911458333333333 0.07222222222222222
0 0.2359375 0.4074074074074074 0.471875 0.48703703703703705
0 0.3375 0.3416666666666667 0.115625 0.1
0 0.9098958333333333 0.46944444444444444 0.18020833333333333 0.35185185185185186
0 0.6184895833333334 0.33101851851851855 0.2984375 0.04537037037037037
0 0.13125 0.725925925925926 0.2625 0.5481481481481482
0 0.6666666666666666 0.7578703703703704 0.440625 0.4842592592592593
0 0.4015625 0.8523148148148149 0.03125 0.2953703703703704
0 0.2869791666666667 0.9550925925925926 0.07083333333333333 0.08981481481481482
