0 0.5270833333333333 0.02546296296296296 0.24479166666666666 0.05092592592592592
0 0.7354166666666667 0.034722222222222224 0.06458333333333334 0.06944444444444445
0 0.5302083333333333 0.2111111111111111 0.09791666666666667 0.28888888888888886
0 0.38046875 0.0824074074074074 0.20989583333333334 0.025925925925925925
0 0.7502604166666667 0.40555555555555556 0.32447916666666665 0.5722222222222222
0 0.29244791666666664 0.24537037037037038 0.12239583333333333 0.09074074074074075
0 0.41119791666666666 0.5879629629629629 0.2713541666666667 0.524074074074074
0 0.53046875 0.4564814814814815 0.25885416666666666 0.046296296296296294
0 0.18151041666666667 0.7939814814814815 0.36302083333333335 0.41203703703703703
0 0.584375 0.8 0.39791666666666664 0.4
0 0.9479166666666666 0.8393518518518519 0.07083333333333333 0.3212962962962963
