0 0.34791666666666665 0.1675925925925926 0.20104166666666667 0.3351851851851852
0 0.56015625 0.11342592592592593 0.27760416666666665 0.22685185185185186
0 0.8127604166666667 0.3106481481481482 0.2598958333333333 0.5990740740740741
0 0.23072916666666668 0.1037037037037037 0.078125 0.06481481481481481
0 0.5700520833333333 0.3736111111111111 0.4036458333333333 0.10648148148148148
0 0.7328125 0.5217592592592593 0.159375 0.13425925925925927
0 0.4783854166666667 0.5981481481481481 0.15885416666666666 0.12777777777777777
0 0.4049479166666667 0.6680555555555555 0.5473958333333333 0.23796296296296296
0 0.9736979166666667 0.8768518518518519 0.05260416666666667 0.2462962962962963
0 0.07760416666666667 0.9486111111111111 0.15520833333333334 0.09537037037037037
