0 0.37578125 0.13796296296296295 0.1515625 0.2759259259259259
0 0.55859375 0.08888888888888889 0.2640625 0.17777777777777778
0 0.7950520833333333 0.25925925925925924 0.24010416666666667 0.5185185185185185
0 0.24348958333333334 0.06666666666666667 0.07552083333333333 0.05925925925925926
0 0.5671875 0.3101851851851852 0.3802083333333333 0.09444444444444444
0 0.7200520833333334 0.44166666666666665 0.1484375 0.11666666666666667
0 0.48151041666666666 0.5083333333333333 0.14947916666666666 0.1111111111111111
0 0.41302083333333334 0.5685185185185185 0.5083333333333333 0.2074074074074074
0 0.95703125 0.8212962962962963 0.0859375 0.3574074074074074
0 0.09270833333333334 0.8087962962962963 0.18541666666666667 0.08055555555555556
0 0.29010416666666666 0.9319444444444445 0.2 0.1361111111111111
