0 0.4200520833333333 0.0837962962962963 0.027604166666666666 0.1675925925925926
0 0.68125 0.12962962962962962 0.16145833333333334 0.25925925925925924
0 0.7950520833333333 0.25416666666666665 0.1234375 0.23981481481481481
0 0.1953125 0.2023148148148148 0.13229166666666667 0.06388888888888888
0 0.32786458333333335 0.6041666666666666 0.26197916666666665 0.7916666666666666
0 0.4864583333333333 0.612037037037037 0.18333333333333332 0.1685185185185185
0 0.9502604166666667 0.812037037037037 0.09947916666666666 0.37592592592592594
0 0.2872395833333333 0.8495370370370371 0.044270833333333336 0.30092592592592593
0 0.7541666666666667 0.8643518518518518 0.14895833333333333 0.2712962962962963
0 0.4708333333333333 0.937962962962963 0.275 0.12407407407407407
0 0.6213541666666667 0.9629629629629629 0.07708333333333334 0.07407407407407407
