0 0.20442708333333334 0.044444444444444446 0.0609375 0.08888888888888889
0 0.35442708333333334 0.10925925925925926 0.19635416666666666 0.21851851851851853
0 0.4739583333333333 0.09305555555555556 0.035416666666666666 0.18611111111111112
0 0.5958333333333333 0.050462962962962966 0.209375 0.10092592592592593
0 0.24088541666666666 0.06944444444444445 0.05572916666666667 0.07777777777777778
0 0.40520833333333334 0.07731481481481481 0.09791666666666667 0.04722222222222222
0 0.49635416666666665 0.5027777777777778 0.65 0.662962962962963
0 0.2328125 0.27175925925925926 0.2635416666666667 0.058333333333333334
0 0.04895833333333333 0.5662037037037037 0.09791666666666667 0.3175925925925926
0 0.25625 0.7300925925925926 0.45 0.5398148148148149
0 0.6182291666666667 0.8222222222222222 0.03125 0.35555555555555557
0 0.7953125 0.8912037037037037 0.01875 0.2175925925925926
