0 0.26197916666666665 0.021296296296296296 0.07083333333333333 0.04259259259259259
0 0.3385416666666667 0.04259259259259259 0.046875 0.08518518518518518
0 0.38984375 0.09907407407407408 0.08697916666666666 0.19814814814814816
0 0.5567708333333333 0.05740740740740741 0.246875 0.11481481481481481
0 0.77265625 0.2013888888888889 0.21510416666666668 0.4027777777777778
0 0.5638020833333334 0.22685185185185186 0.3515625 0.08148148148148149
0 0.7036458333333333 0.3384259259259259 0.134375 0.09722222222222222
0 0.4859375 0.3939814814814815 0.13541666666666666 0.09166666666666666
0 0.4239583333333333 0.44305555555555554 0.459375 0.16944444444444445
0 0.9359375 0.7518518518518519 0.128125 0.4962962962962963
0 0.11119791666666666 0.6060185185185185 0.22239583333333332 0.125
0 0.46380208333333334 0.8398148148148148 0.46927083333333336 0.32037037037037036
0 0.4591145833333333 0.95 0.04739583333333333 0.1
0 0.10390625 0.9532407407407407 0.04114583333333333 0.09351851851851851
