0 0.67578125 0.06018518518518518 0.033854166666666664 0.12037037037037036
0 0.6994791666666667 0.014351851851851852 0.0625 0.028703703703703703
0 0.7575520833333333 0.11435185185185186 0.10052083333333334 0.1787037037037037
0 0.23880208333333333 0.0763888888888889 0.11614583333333334 0.049074074074074076
0 0.35651041666666666 0.5407407407407407 0.22552083333333334 0.9185185185185185
0 0.49375 0.3699074074074074 0.15208333333333332 0.11574074074074074
0 0.9140625 0.6370370370370371 0.16041666666666668 0.5166666666666667
0 0.7140625 0.7240740740740741 0.13229166666666667 0.5518518518518518
0 0.062239583333333334 0.5907407407407408 0.12447916666666667 0.1259259259259259
0 0.51328125 0.5953703703703703 0.2786458333333333 0.10555555555555556
