0 0.40546875 0.005092592592592593 0.16927083333333334 0.010185185185185186
0 0.53046875 0.10740740740740741 0.08697916666666666 0.21481481481481482
0 0.7166666666666667 0.2449074074074074 0.26979166666666665 0.4305555555555556
0 0.31979166666666664 0.1287037037037037 0.11041666666666666 0.07222222222222222
0 0.4265625 0.38101851851851853 0.23645833333333333 0.3787037037037037
0 0.5299479166666666 0.28935185185185186 0.2234375 0.03425925925925926
0 0.22447916666666667 0.6930555555555555 0.3385416666666667 0.6138888888888889
0 0.5880208333333333 0.6976851851851852 0.4979166666666667 0.6046296296296296
0 0.9229166666666667 0.725462962962963 0.15416666666666667 0.549074074074074
0 0.04244791666666667 0.7490740740740741 0.08489583333333334 0.07962962962962963
