0 0.26145833333333335 0.015277777777777777 0.07708333333333334 0.030555555555555555
0 0.42239583333333336 0.07407407407407407 0.051041666666666666 0.14814814814814814
0 0.5268229166666667 0.014351851851851852 0.1453125 0.028703703703703703
0 0.47604166666666664 0.2763888888888889 0.48125 0.5527777777777778
0 0.7458333333333333 0.050462962962962966 0.07916666666666666 0.10092592592592593
0 0.7682291666666666 0.17222222222222222 0.078125 0.10555555555555556
0 0.8598958333333333 0.5037037037037037 0.11666666666666667 0.1925925925925926
0 0.53046875 0.7967592592592593 0.17239583333333333 0.4064814814814815
0 0.28046875 0.638425925925926 0.3484375 0.0712962962962963
0 0.8583333333333333 0.8726851851851852 0.06041666666666667 0.25462962962962965
