0 0.2140625 0.01990740740740741 0.03854166666666667 0.03981481481481482
0 0.25729166666666664 0.02824074074074074 0.053125 0.05648148148148148
0 0.3416666666666667 0.07731481481481481 0.06458333333333334 0.15462962962962962
0 0.47734375 0.06296296296296296 0.0328125 0.1259259259259259
0 0.5895833333333333 0.025 0.029166666666666667 0.05
0 0.4122395833333333 0.03009259259259259 0.09322916666666667 0.041666666666666664
0 0.49713541666666666 0.3921296296296296 0.5994791666666667 0.5564814814814815
0 0.253125 0.20092592592592592 0.24583333333333332 0.05
0 0.06536458333333334 0.5310185185185186 0.13072916666666667 0.425
0 0.28567708333333336 0.6814814814814815 0.4015625 0.6370370370370371
0 0.6200520833333333 0.7578703703703704 0.04739583333333333 0.4842592592592593
0 0.771875 0.8148148148148148 0.022916666666666665 0.37037037037037035
0 0.4158854166666667 0.9546296296296296 0.0171875 0.09074074074074075
