0 0.3997395833333333 0.00787037037037037 0.15572916666666667 0.01574074074074074
0 0.696875 0.06388888888888888 0.16770833333333332 0.12777777777777777
0 0.24166666666666667 0.3 0.48333333333333334 0.5407407407407407
0 0.8395833333333333 0.2388888888888889 0.140625 0.23703703703703705
0 0.37083333333333335 0.15555555555555556 0.09375 0.06851851851851852
0 0.6036458333333333 0.14814814814814814 0.24791666666666667 0.03148148148148148
0 0.24505208333333334 0.6148148148148148 0.3109375 0.7703703703703704
0 0.6354166666666666 0.49953703703703706 0.3375 0.45092592592592595
0 0.4265625 0.6967592592592593 0.06875 0.6064814814814815
0 0.0390625 0.6402777777777777 0.078125 0.21388888888888888
0 0.3203125 0.6606481481481481 0.16145833333333334 0.13240740740740742
