0 0.30052083333333335 0.013425925925925926 0.115625 0.026851851851851852
0 0.60078125 0.16527777777777777 0.46822916666666664 0.33055555555555555
0 0.52578125 0.12824074074074074 0.08697916666666666 0.0787037037037037
0 0.3177083333333333 0.1287037037037037 0.29791666666666666 0.07592592592592592
0 0.23489583333333333 0.4356481481481482 0.46979166666666666 0.49907407407407406
0 0.33177083333333335 0.3736111111111111 0.11979166666666667 0.10462962962962963
0 0.9143229166666667 0.5106481481481482 0.17135416666666667 0.375
0 0.6213541666666667 0.36203703703703705 0.3072916666666667 0.046296296296296294
0 0.0734375 0.7449074074074075 0.146875 0.5101851851851852
0 0.6721354166666667 0.7800925925925926 0.45989583333333334 0.4398148148148148
0 0.39791666666666664 0.8814814814814815 0.029166666666666667 0.23703703703703705
