0 0.490625 0.0625 0.3375 0.125
0 0.7536458333333333 0.10231481481481482 0.07083333333333333 0.09166666666666666
0 0.5299479166666666 0.3212962962962963 0.10885416666666667 0.35555555555555557
0 0.3658854166666667 0.1625 0.23072916666666668 0.030555555555555555
0 0.7872395833333333 0.5782407407407407 0.3848958333333333 0.7398148148148148
0 0.265625 0.36157407407407405 0.134375 0.11388888888888889
0 0.39557291666666666 0.7314814814814815 0.3067708333333333 0.5370370370370371
0 0.5307291666666667 0.6314814814814815 0.29583333333333334 0.05925925925925926
0 0.19479166666666667 0.9037037037037037 0.065625 0.1925925925925926
0 0.5942708333333333 0.9115740740740741 0.18854166666666666 0.17685185185185184
0 0.013020833333333334 0.9643518518518519 0.026041666666666668 0.0712962962962963
