0 0.39296875 0.2518518518518518 0.09635416666666667 0.5037037037037037
0 0.5013020833333334 0.12083333333333333 0.11927083333333334 0.0712962962962963
0 0.8153645833333333 0.26944444444444443 0.10572916666666667 0.2851851851851852
0 0.5549479166666667 0.5842592592592593 0.31302083333333336 0.8314814814814815
0 0.17317708333333334 0.25046296296296294 0.1078125 0.0712962962962963
0 0.5169270833333334 0.25277777777777777 0.20885416666666667 0.05925925925925926
0 0.8669270833333333 0.5527777777777778 0.12239583333333333 0.20925925925925926
0 0.3265625 0.7671296296296296 0.1375 0.46574074074074073
0 0.6184895833333334 0.7930555555555555 0.04114583333333333 0.41388888888888886
0 0.4859375 0.9555555555555556 0.09270833333333334 0.08888888888888889
