0 0.42526041666666664 0.0625 0.0265625 0.125
0 0.6817708333333333 0.10277777777777777 0.052083333333333336 0.20555555555555555
0 0.715625 0.04861111111111111 0.07291666666666667 0.09722222222222222
0 0.7799479166666666 0.20046296296296295 0.11510416666666666 0.21574074074074073
0 0.21197916666666666 0.15416666666666667 0.12604166666666666 0.05648148148148148
0 0.33932291666666664 0.5800925925925926 0.2484375 0.8398148148148148
0 0.48932291666666666 0.5166666666666667 0.17135416666666667 0.14629629629629629
0 0.9372395833333333 0.7388888888888889 0.12552083333333333 0.4222222222222222
0 0.29713541666666665 0.7967592592592593 0.058854166666666666 0.4064814814814815
0 0.73515625 0.8087962962962963 0.13697916666666668 0.3824074074074074
0 0.5114583333333333 0.8134259259259259 0.3229166666666667 0.14166666666666666
0 0.029427083333333333 0.8472222222222222 0.058854166666666666 0.07222222222222222
