0 0.26614583333333336 0.01712962962962963 0.04895833333333333 0.03425925925925926
0 0.34713541666666664 0.06296296296296296 0.06197916666666667 0.1259259259259259
0 0.4205729166666667 0.014351851851851852 0.08072916666666667 0.028703703703703703
0 0.4786458333333333 0.05 0.03229166666666667 0.1
0 0.49765625 0.34629629629629627 0.5776041666666667 0.5148148148148148
0 0.26223958333333336 0.17037037037037037 0.23802083333333332 0.04814814814814815
0 0.07265625 0.513425925925926 0.1453125 0.46944444444444444
0 0.29791666666666666 0.6601851851851852 0.38229166666666664 0.6796296296296296
0 0.63125 0.7310185185185185 0.07604166666666666 0.537962962962963
0 0.7609375 0.7824074074074074 0.021875 0.4351851851851852
0 0.4200520833333333 0.9097222222222222 0.0203125 0.18055555555555555
