0 0.1890625 0.11527777777777778 0.15 0.23055555555555557
0 0.32786458333333335 0.2064814814814815 0.22552083333333334 0.412962962962963
0 0.4200520833333333 0.018518518518518517 0.1515625 0.037037037037037035
0 0.7690104166666667 0.03148148148148148 0.08489583333333334 0.06296296296296296
0 0.6057291666666667 0.13148148148148148 0.240625 0.22962962962962963
0 0.4630208333333333 0.22453703703703703 0.042708333333333334 0.28425925925925927
0 0.19296875 0.2050925925925926 0.06197916666666667 0.10277777777777777
0 0.3848958333333333 0.21574074074074073 0.11354166666666667 0.06296296296296296
0 0.49505208333333334 0.674074074074074 0.8151041666666666 0.6518518518518519
0 0.1703125 0.49074074074074076 0.315625 0.08333333333333333
0 0.27838541666666666 0.8893518518518518 0.13177083333333334 0.2212962962962963
