0 0.38958333333333334 0.03657407407407407 0.0375 0.07314814814814814
0 0.7375 0.11157407407407408 0.178125 0.22314814814814815
0 0.5588541666666667 0.09490740740740741 0.303125 0.062037037037037036
0 0.6783854166666666 0.1763888888888889 0.1140625 0.0712962962962963
0 0.44036458333333334 0.24768518518518517 0.3848958333333333 0.12685185185185185
0 0.6427083333333333 0.6472222222222223 0.7145833333333333 0.7055555555555556
0 0.18333333333333332 0.36527777777777776 0.1875 0.08425925925925926
0 0.5239583333333333 0.6546296296296297 0.1375 0.1962962962962963
0 0.21302083333333333 0.6560185185185186 0.42604166666666665 0.18981481481481483
0 0.3690104166666667 0.9023148148148148 0.019270833333333334 0.19537037037037036
