0 0.6932291666666667 0.053703703703703705 0.16354166666666667 0.10740740740740741
0 0.24244791666666668 0.27685185185185185 0.48489583333333336 0.5277777777777778
0 0.375 0.1337962962962963 0.09166666666666666 0.06574074074074074
0 0.83125 0.21296296296296297 0.13541666666666666 0.2222222222222222
0 0.6018229166666667 0.12685185185185185 0.2421875 0.02962962962962963
0 0.2546875 0.6023148148148149 0.3020833333333333 0.7953703703703704
0 0.6322916666666667 0.45740740740740743 0.32708333333333334 0.4222222222222222
0 0.43072916666666666 0.6412037037037037 0.065625 0.5638888888888889
0 0.05651041666666667 0.5893518518518519 0.07864583333333333 0.19907407407407407
0 0.32786458333333335 0.6092592592592593 0.15572916666666667 0.12407407407407407
0 0.7674479166666667 0.9416666666666667 0.025520833333333333 0.11666666666666667
