0 0.3924479166666667 0.027777777777777776 0.03802083333333333 0.05555555555555555
0 0.7328125 0.09953703703703703 0.17395833333333333 0.19907407407407407
0 0.5583333333333333 0.07685185185185185 0.296875 0.05925925925925926
0 0.6747395833333333 0.15462962962962962 0.1109375 0.06851851851851852
0 0.4427083333333333 0.2212962962962963 0.375 0.12037037037037036
0 0.6458333333333334 0.6333333333333333 0.7083333333333334 0.7333333333333333
0 0.19348958333333333 0.33240740740740743 0.1828125 0.07962962962962963
0 0.52421875 0.6032407407407407 0.1328125 0.1824074074074074
0 0.21510416666666668 0.6046296296296296 0.43020833333333336 0.17592592592592593
0 0.3736979166666667 0.8712962962962963 0.022395833333333334 0.2574074074074074
