0 0.42682291666666666 0.053703703703703705 0.0484375 0.10740740740740741
0 0.4783854166666667 0.23425925925925925 0.45364583333333336 0.4685185185185185
0 0.7557291666666667 0.03148148148148148 0.03854166666666667 0.06296296296296296
0 0.75703125 0.1287037037037037 0.0734375 0.0962962962962963
0 0.8390625 0.42453703703703705 0.10625 0.16944444444444445
0 0.528125 0.7518518518518519 0.1625 0.4962962962962963
0 0.2981770833333333 0.5416666666666666 0.3255208333333333 0.06111111111111111
0 0.8489583333333334 0.8175925925925925 0.08645833333333333 0.3648148148148148
0 0.05911458333333333 0.9222222222222223 0.0640625 0.15555555555555556
0 0.6682291666666667 0.9476851851851852 0.08229166666666667 0.10462962962962963
