0 0.56328125 0.09768518518518518 0.32447916666666665 0.1527777777777778
0 0.33671875 0.08101851851851852 0.0921875 0.06388888888888888
0 0.6372395833333333 0.22453703703703703 0.10260416666666666 0.0787037037037037
0 0.48984375 0.25972222222222224 0.3265625 0.13055555555555556
0 0.44817708333333334 0.3763888888888889 0.4036458333333333 0.16203703703703703
0 0.28203125 0.46944444444444444 0.40677083333333336 0.1685185185185185
0 0.6716145833333333 0.7759259259259259 0.5369791666666667 0.2777777777777778
0 0.20885416666666667 0.7578703703703704 0.115625 0.19722222222222222
0 0.6856770833333333 0.7342592592592593 0.2484375 0.15
0 0.041666666666666664 0.8384259259259259 0.08333333333333333 0.09166666666666666
0 0.11119791666666666 0.9592592592592593 0.10885416666666667 0.08148148148148149
