0 0.5106770833333333 0.03333333333333333 0.22552083333333334 0.06666666666666667
0 0.6192708333333333 0.015277777777777777 0.06875 0.030555555555555555
0 0.46640625 0.09490740740740741 0.30572916666666666 0.09166666666666666
0 0.346875 0.14629629629629629 0.3020833333333333 0.09259259259259259
0 0.6234375 0.3023148148148148 0.36666666666666664 0.13425925925925927
0 0.3072916666666667 0.29444444444444445 0.08541666666666667 0.0962962962962963
0 0.6393229166666666 0.2833333333333333 0.1734375 0.07407407407407407
0 0.15546875 0.36203703703703705 0.13385416666666666 0.10185185185185185
0 0.38229166666666664 0.6717592592592593 0.4166666666666667 0.6027777777777777
0 0.06875 0.7393518518518518 0.1375 0.5212962962962963
0 0.66640625 0.6555555555555556 0.3828125 0.06296296296296296
0 0.5544270833333333 0.9574074074074074 0.3453125 0.08518518518518518
0 0.14817708333333332 0.9611111111111111 0.14635416666666667 0.07777777777777778
0 0.33098958333333334 0.9611111111111111 0.059895833333333336 0.07777777777777778
