0 0.48125 0.03194444444444444 0.26145833333333335 0.06388888888888888
0 0.36276041666666664 0.06898148148148148 0.2765625 0.0787037037037037
0 0.61328125 0.1962962962962963 0.3296875 0.10925925925925926
0 0.32864583333333336 0.18981481481481483 0.078125 0.07962962962962963
0 0.6286458333333333 0.18101851851851852 0.15625 0.06018518518518518
0 0.1953125 0.24444444444444444 0.11770833333333333 0.08148148148148149
0 0.40234375 0.48009259259259257 0.3619791666666667 0.4564814814814815
0 0.11354166666666667 0.6310185185185185 0.13854166666666667 0.5879629629629629
0 0.6489583333333333 0.4736111111111111 0.3333333333333333 0.04722222222222222
0 0.56796875 0.6967592592592593 0.3265625 0.075
0 0.26536458333333335 0.7175925925925926 0.24322916666666666 0.09444444444444444
0 0.64296875 0.937037037037037 0.3953125 0.1111111111111111
0 0.08619791666666667 0.9708333333333333 0.1109375 0.058333333333333334
