0 0.49895833333333334 0.01712962962962963 0.19270833333333334 0.019444444444444445
0 0.5643229166666667 0.1962962962962963 0.025520833333333333 0.26851851851851855
0 0.38255208333333335 0.16157407407407406 0.3234375 0.15648148148148147
0 0.315625 0.17222222222222222 0.10104166666666667 0.07777777777777778
0 0.6145833333333334 0.19444444444444445 0.09479166666666666 0.0962962962962963
0 0.3171875 0.22685185185185186 0.240625 0.02962962962962963
0 0.3268229166666667 0.4546296296296296 0.2786458333333333 0.42777777777777776
0 0.5158854166666667 0.5745370370370371 0.3380208333333333 0.2064814814814815
0 0.16588541666666667 0.8018518518518518 0.26197916666666665 0.26296296296296295
0 0.5622395833333333 0.8717592592592592 0.4078125 0.0787037037037037
0 0.03307291666666667 0.8981481481481481 0.06614583333333333 0.06481481481481481
