0 0.44296875 0.028703703703703703 0.09947916666666666 0.05740740740740741
0 0.5229166666666667 0.031018518518518518 0.19791666666666666 0.062037037037037036
0 0.30390625 0.08425925925925926 0.20572916666666666 0.10740740740740741
0 0.24713541666666666 0.1050925925925926 0.0671875 0.06388888888888888
0 0.546875 0.12037037037037036 0.21875 0.024074074074074074
0 0.5729166666666666 0.31527777777777777 0.41041666666666665 0.23796296296296296
0 0.28932291666666665 0.2884259259259259 0.11197916666666667 0.09907407407407408
0 0.6690104166666667 0.5208333333333334 0.13489583333333333 0.13425925925925927
0 0.48046875 0.5833333333333334 0.4265625 0.22592592592592592
0 0.4239583333333333 0.7939814814814815 0.5458333333333333 0.30092592592592593
0 0.08229166666666667 0.9490740740740741 0.16458333333333333 0.10185185185185185
