0 0.5640625 0.11712962962962963 0.33229166666666665 0.16018518518518518
0 0.33203125 0.1 0.09427083333333333 0.06666666666666667
0 0.63984375 0.25 0.1046875 0.08333333333333333
0 0.48854166666666665 0.2884259259259259 0.33541666666666664 0.13796296296296295
0 0.44609375 0.4115740740740741 0.41510416666666666 0.17314814814814813
0 0.2734375 0.5101851851851852 0.4197916666666667 0.1814814814814815
0 0.678125 0.8402777777777778 0.5604166666666667 0.30277777777777776
0 0.6921875 0.7953703703703704 0.25833333333333336 0.16296296296296298
0 0.19583333333333333 0.8212962962962963 0.11979166666666667 0.21296296296296297
0 0.032552083333333336 0.8953703703703704 0.06510416666666667 0.07592592592592592
