0 0.5393229166666667 0.06898148148148148 0.015104166666666667 0.13796296296296295
0 0.28229166666666666 0.10046296296296296 0.11458333333333333 0.041666666666666664
0 0.32526041666666666 0.5268518518518519 0.13385416666666666 0.8537037037037037
0 0.2734375 0.2564814814814815 0.08125 0.11851851851851852
0 0.61875 0.26805555555555555 0.10833333333333334 0.12129629629629629
0 0.48151041666666666 0.4027777777777778 0.13802083333333334 0.12037037037037036
0 0.225 0.4351851851851852 0.15833333333333333 0.07777777777777778
0 0.6359375 0.5319444444444444 0.16666666666666666 0.14907407407407408
0 0.25442708333333336 0.7333333333333333 0.0921875 0.5333333333333333
0 0.03828125 0.6819444444444445 0.0765625 0.06388888888888888
0 0.6690104166666667 0.8375 0.20989583333333334 0.1361111111111111
