0 0.37161458333333336 0.24305555555555555 0.0796875 0.4861111111111111
0 0.32057291666666665 0.0712962962962963 0.06927083333333334 0.07962962962962963
0 0.6020833333333333 0.07916666666666666 0.0875 0.0824074074074074
0 0.490625 0.16574074074074074 0.11145833333333334 0.07777777777777778
0 0.2872395833333333 0.18703703703703703 0.12552083333333333 0.05
0 0.6127604166666667 0.24537037037037038 0.12864583333333332 0.09074074074074075
0 0.18385416666666668 0.40370370370370373 0.33229166666666665 0.3925925925925926
0 0.13567708333333334 0.31342592592592594 0.09635416666666667 0.0824074074074074
0 0.6333333333333333 0.42268518518518516 0.15625 0.075
0 0.5669270833333333 0.7574074074074074 0.13177083333333334 0.48518518518518516
0 0.30755208333333334 0.8185185185185185 0.12552083333333333 0.362962962962963
