0 0.39296875 0.07731481481481481 0.19114583333333332 0.15462962962962962
0 0.5216145833333333 0.11435185185185186 0.2203125 0.08981481481481482
0 0.2875 0.19537037037037036 0.20520833333333333 0.12407407407407407
0 0.2109375 0.21481481481481482 0.07395833333333333 0.08148148148148149
0 0.5489583333333333 0.23425925925925925 0.24791666666666667 0.03148148148148148
0 0.5807291666666666 0.4935185185185185 0.48020833333333335 0.32222222222222224
0 0.2518229166666667 0.45416666666666666 0.1265625 0.13055555555555556
0 0.6971354166666667 0.7787037037037037 0.1640625 0.19074074074074074
0 0.46484375 0.8527777777777777 0.4973958333333333 0.29444444444444445
0 0.11223958333333334 0.9782407407407407 0.09427083333333333 0.04351851851851852
0 0.3341145833333333 0.9787037037037037 0.04635416666666667 0.04259259259259259
