0 0.26901041666666664 0.022222222222222223 0.0828125 0.044444444444444446
0 0.6083333333333333 0.012037037037037037 0.228125 0.024074074074074074
0 0.43723958333333335 0.14814814814814814 0.26614583333333336 0.24814814814814815
0 0.23932291666666666 0.19444444444444445 0.05572916666666667 0.2388888888888889
0 0.6161458333333333 0.15092592592592594 0.24270833333333333 0.025925925925925925
0 0.5619791666666667 0.26342592592592595 0.23854166666666668 0.04537037037037037
0 0.34296875 0.2773148148148148 0.17135416666666667 0.04722222222222222
0 0.57265625 0.375 0.20052083333333334 0.03888888888888889
0 0.1921875 0.4078703703703704 0.04791666666666667 0.08055555555555556
0 0.51953125 0.6962962962962963 0.5505208333333333 0.6074074074074074
0 0.18880208333333334 0.7240740740740741 0.10572916666666667 0.5518518518518518
0 0.3059895833333333 0.9787037037037037 0.05364583333333333 0.04259259259259259
