0 0.33151041666666664 0.015277777777777777 0.10364583333333334 0.030555555555555555
0 0.3963541666666667 0.10092592592592593 0.0375 0.20185185185185187
0 0.50859375 0.012962962962962963 0.07135416666666666 0.025925925925925925
0 0.596875 0.05185185185185185 0.103125 0.05925925925925926
0 0.28177083333333336 0.14722222222222223 0.20520833333333333 0.24259259259259258
0 0.21484375 0.09583333333333334 0.0796875 0.05277777777777778
0 0.6109375 0.1638888888888889 0.121875 0.046296296296296294
0 0.565625 0.44166666666666665 0.11458333333333333 0.4462962962962963
0 0.2755208333333333 0.5541666666666667 0.2791666666666667 0.5305555555555556
0 0.56015625 0.6449074074074074 0.2671875 0.22870370370370371
0 0.465625 0.8842592592592593 0.40729166666666666 0.07962962962962963
