0 0.3182291666666667 0.04351851851851852 0.171875 0.08703703703703704
0 0.59765625 0.01574074074074074 0.10364583333333334 0.03148148148148148
0 0.5583333333333333 0.19675925925925927 0.090625 0.2861111111111111
0 0.33046875 0.26481481481481484 0.2140625 0.3277777777777778
0 0.553125 0.32592592592592595 0.20833333333333334 0.13703703703703704
0 0.48151041666666666 0.46574074074074073 0.30364583333333334 0.046296296296296294
0 0.5776041666666667 0.7902777777777777 0.023958333333333335 0.41944444444444445
0 0.28411458333333334 0.8194444444444444 0.5380208333333333 0.3611111111111111
0 0.15052083333333333 0.8912037037037037 0.16458333333333333 0.2175925925925926
0 0.6442708333333333 0.9106481481481481 0.09895833333333333 0.1787037037037037
