0 0.5984375 0.038425925925925926 0.27395833333333336 0.07685185185185185
0 0.3614583333333333 0.03425925925925926 0.06666666666666667 0.05555555555555555
0 0.6130208333333333 0.02824074074074074 0.13020833333333334 0.04351851851851852
0 0.253125 0.07222222222222222 0.09270833333333334 0.05555555555555555
0 0.42942708333333335 0.2212962962962963 0.28802083333333334 0.29074074074074074
0 0.21171875 0.2865740740740741 0.07239583333333334 0.30462962962962964
0 0.6244791666666667 0.22268518518518518 0.265625 0.030555555555555555
0 0.5471354166666667 0.3611111111111111 0.22552083333333334 0.040740740740740744
0 0.3265625 0.37175925925925923 0.18645833333333334 0.05462962962962963
0 0.4981770833333333 0.7208333333333333 0.6619791666666667 0.5583333333333333
0 0.5765625 0.48935185185185187 0.21875 0.049074074074074076
0 0.12161458333333333 0.7962962962962963 0.05677083333333333 0.4074074074074074
0 0.1796875 0.9550925925925926 0.046875 0.08981481481481482
