0 0.57890625 0.018518518518518517 0.23177083333333334 0.037037037037037035
0 0.6203125 0.07361111111111111 0.0875 0.05648148148148148
0 0.4947916666666667 0.09861111111111111 0.275 0.09351851851851851
0 0.46067708333333335 0.17962962962962964 0.33489583333333334 0.1111111111111111
0 0.32760416666666664 0.24166666666666667 0.3333333333333333 0.11296296296296296
0 0.6364583333333333 0.4356481481481482 0.41458333333333336 0.16944444444444445
0 0.2794270833333333 0.425462962962963 0.09322916666666667 0.12129629629629629
0 0.6526041666666667 0.4115740740740741 0.19479166666666667 0.09351851851851851
0 0.1046875 0.5120370370370371 0.15729166666666666 0.12962962962962962
0 0.3848958333333333 0.7606481481481482 0.43020833333333336 0.4787037037037037
0 0.039322916666666666 0.8199074074074074 0.07864583333333333 0.31203703703703706
0 0.68984375 0.9018518518518519 0.4505208333333333 0.08518518518518518
0 0.15364583333333334 0.9712962962962963 0.0875 0.05740740740740741
