0 0.55859375 0.06527777777777778 0.30364583333333334 0.13055555555555556
0 0.34453125 0.04583333333333333 0.0890625 0.058333333333333334
0 0.6317708333333333 0.1763888888888889 0.096875 0.0712962962962963
0 0.49114583333333334 0.2074074074074074 0.309375 0.11851851851851852
0 0.4518229166666667 0.31203703703703706 0.38177083333333334 0.14444444444444443
0 0.296875 0.39490740740740743 0.38229166666666664 0.14907407407407408
0 0.6591145833333333 0.6606481481481481 0.4953125 0.23796296296296296
0 0.6739583333333333 0.624537037037037 0.23125 0.13055555555555556
0 0.23307291666666666 0.6453703703703704 0.1078125 0.1685185185185185
0 0.058854166666666666 0.7324074074074074 0.11770833333333333 0.11481481481481481
0 0.2520833333333333 0.8916666666666667 0.3125 0.21666666666666667
