0 0.3927083333333333 0.15185185185185185 0.0625 0.3037037037037037
0 0.4953125 0.062037037037037036 0.09895833333333333 0.06111111111111111
0 0.31484375 0.0787037037037037 0.11197916666666667 0.03888888888888889
0 0.60234375 0.12407407407407407 0.11302083333333333 0.07037037037037037
0 0.23307291666666666 0.24027777777777778 0.2765625 0.2935185185185185
0 0.18567708333333333 0.17592592592592593 0.0859375 0.06296296296296296
0 0.61875 0.2574074074074074 0.134375 0.05555555555555555
0 0.5708333333333333 0.6138888888888889 0.13020833333333334 0.575925925925926
0 0.23619791666666667 0.7060185185185185 0.3265625 0.5879629629629629
0 0.5653645833333333 0.8611111111111112 0.30885416666666665 0.2777777777777778
