0 0.359375 0.11851851851851852 0.18125 0.23703703703703705
0 0.5541666666666667 0.08657407407407407 0.078125 0.17314814814814813
0 0.5489583333333333 0.16296296296296298 0.17708333333333334 0.1
0 0.48932291666666666 0.2625 0.25364583333333335 0.032407407407407406
0 0.5786458333333333 0.6125 0.03854166666666667 0.5416666666666666
0 0.3296875 0.5328703703703703 0.4375 0.30648148148148147
0 0.23046875 0.5504629629629629 0.13489583333333333 0.1527777777777778
0 0.7143229166666667 0.6393518518518518 0.26510416666666664 0.28055555555555556
0 0.22369791666666666 0.6587962962962963 0.34322916666666664 0.06018518518518518
0 0.2950520833333333 0.8444444444444444 0.13177083333333334 0.3111111111111111
