0 0.3640625 0.011574074074074073 0.06770833333333333 0.023148148148148147
0 0.5541666666666667 0.03564814814814815 0.28020833333333334 0.0712962962962963
0 0.6244791666666667 0.11157407407407408 0.090625 0.062037037037037036
0 0.4934895833333333 0.1388888888888889 0.28802083333333334 0.10185185185185185
0 0.45729166666666665 0.2273148148148148 0.35208333333333336 0.12314814814814815
0 0.31640625 0.2972222222222222 0.3515625 0.1259259259259259
0 0.64453125 0.5166666666666667 0.4432291666666667 0.1925925925925926
0 0.6604166666666667 0.487962962962963 0.20729166666666668 0.10555555555555556
0 0.2630208333333333 0.5046296296296297 0.09791666666666667 0.13703703703703704
0 0.07994791666666666 0.5981481481481481 0.15989583333333332 0.1388888888888889
0 0.37473958333333335 0.8074074074074075 0.4630208333333333 0.3851851851851852
0 0.020833333333333332 0.8680555555555556 0.041666666666666664 0.1787037037037037
