0 0.5546875 0.09907407407407408 0.07916666666666666 0.19814814814814816
0 0.35520833333333335 0.13796296296296295 0.18541666666666667 0.2537037037037037
0 0.5494791666666666 0.18796296296296297 0.18125 0.10555555555555556
0 0.48828125 0.29212962962962963 0.2609375 0.03425925925925926
0 0.5802083333333333 0.6675925925925926 0.040625 0.5851851851851851
0 0.3234375 0.5810185185185185 0.45208333333333334 0.3287037037037037
0 0.21953125 0.5995370370370371 0.1390625 0.1638888888888889
0 0.7216145833333333 0.6949074074074074 0.2765625 0.30462962962962964
0 0.21171875 0.7157407407407408 0.3567708333333333 0.06481481481481481
0 0.24270833333333333 0.8740740740740741 0.052083333333333336 0.2518518518518518
