0 0.6018229166666667 0.07361111111111111 0.2859375 0.08425925925925926
0 0.35442708333333334 0.06898148148148148 0.06927083333333334 0.06018518518518518
0 0.61640625 0.062037037037037036 0.1359375 0.046296296296296294
0 0.24088541666666666 0.11018518518518519 0.0984375 0.06111111111111111
0 0.4236979166666667 0.27546296296296297 0.3046875 0.32314814814814813
0 0.19166666666666668 0.35509259259259257 0.08333333333333333 0.3527777777777778
0 0.6299479166666667 0.2763888888888889 0.2796875 0.03425925925925926
0 0.56015625 0.4300925925925926 0.26510416666666664 0.049074074074074076
0 0.31354166666666666 0.44305555555555554 0.19791666666666666 0.062037037037037036
0 0.42161458333333335 0.7722222222222223 0.6317708333333333 0.45555555555555555
0 0.5947916666666667 0.5796296296296296 0.26458333333333334 0.05925925925925926
0 0.09791666666666667 0.8300925925925926 0.07708333333333334 0.3398148148148148
0 0.26927083333333335 0.9384259259259259 0.078125 0.12314814814814815
