0 0.44192708333333336 0.10925925925925926 0.2546875 0.21851851851851853
0 0.2546875 0.14212962962962963 0.04791666666666667 0.2064814814814815
0 0.5927083333333333 0.11527777777777778 0.19270833333333334 0.012037037037037037
0 0.5575520833333333 0.21064814814814814 0.2203125 0.03981481481481482
0 0.3528645833333333 0.2222222222222222 0.16197916666666667 0.04259259259259259
0 0.5666666666666667 0.30972222222222223 0.18125 0.03425925925925926
0 0.22005208333333334 0.33611111111111114 0.03802083333333333 0.06851851851851852
0 0.5255208333333333 0.5879629629629629 0.5010416666666667 0.524074074074074
0 0.20208333333333334 0.6574074074074074 0.12083333333333333 0.5814814814814815
0 0.03229166666666667 0.5814814814814815 0.06041666666666667 0.03333333333333333
0 0.24869791666666666 0.8907407407407407 0.20052083333333334 0.15555555555555556
