0 0.3765625 0.2222222222222222 0.075 0.4444444444444444
0 0.3255208333333333 0.05277777777777778 0.06770833333333333 0.07592592592592592
0 0.60078125 0.059722222222222225 0.08489583333333334 0.0787037037037037
0 0.49166666666666664 0.14305555555555555 0.10833333333333334 0.07314814814814814
0 0.29375 0.16203703703703703 0.12291666666666666 0.04814814814814815
0 0.6104166666666667 0.21805555555555556 0.125 0.08611111111111111
0 0.19505208333333332 0.36574074074074076 0.31927083333333334 0.3685185185185185
0 0.14713541666666666 0.28194444444444444 0.09427083333333333 0.07685185185185185
0 0.6296875 0.38564814814814813 0.15104166666666666 0.07314814814814814
0 0.578125 0.7351851851851852 0.15208333333333332 0.5296296296296297
0 0.31692708333333336 0.7916666666666666 0.1203125 0.4166666666666667
