0 0.44375 0.09675925925925925 0.24791666666666667 0.1935185185185185
0 0.26171875 0.11851851851851852 0.044270833333333336 0.1925925925925926
0 0.5846354166666666 0.09490740740740741 0.17447916666666666 0.012037037037037037
0 0.55859375 0.1865740740740741 0.21822916666666667 0.03796296296296296
0 0.3572916666666667 0.19814814814814816 0.15833333333333333 0.03888888888888889
0 0.21536458333333333 0.5662037037037037 0.1140625 0.6157407407407407
0 0.5546875 0.2791666666666667 0.15416666666666667 0.030555555555555555
0 0.5255208333333333 0.5402777777777777 0.48541666666666666 0.487962962962963
0 0.049479166666666664 0.5333333333333333 0.057291666666666664 0.037037037037037035
0 0.26067708333333334 0.8217592592592593 0.19114583333333332 0.14166666666666666
