0 0.3958333333333333 0.13842592592592592 0.06041666666666667 0.27685185185185185
0 0.49609375 0.04537037037037037 0.09739583333333333 0.05925925925925926
0 0.31953125 0.06111111111111111 0.10989583333333333 0.03888888888888889
0 0.6010416666666667 0.10462962962962963 0.11041666666666666 0.06851851851851852
0 0.24088541666666666 0.21574074074074073 0.2682291666666667 0.2796296296296296
0 0.19348958333333333 0.15462962962962962 0.08489583333333334 0.05925925925925926
0 0.6166666666666667 0.23287037037037037 0.13125 0.05277777777777778
0 0.56953125 0.5666666666666667 0.12552083333333333 0.5388888888888889
0 0.24713541666666666 0.6893518518518519 0.31302083333333336 0.6212962962962963
0 0.5640625 0.8125 0.296875 0.2861111111111111
