0 0.24921875 0.016203703703703703 0.0671875 0.032407407407407406
0 0.29348958333333336 0.07407407407407407 0.20364583333333333 0.14814814814814814
0 0.409375 0.04814814814814815 0.030208333333333334 0.0962962962962963
0 0.6020833333333333 0.06574074074074074 0.109375 0.037037037037037035
0 0.5606770833333333 0.2763888888888889 0.09739583333333333 0.33425925925925926
0 0.31276041666666665 0.3587962962962963 0.23489583333333333 0.38796296296296295
0 0.5549479166666667 0.4287037037037037 0.2265625 0.1648148148148148
0 0.4765625 0.5967592592592592 0.33645833333333336 0.05462962962962963
0 0.5770833333333333 0.8694444444444445 0.015625 0.2611111111111111
0 0.09114583333333333 0.9254629629629629 0.18229166666666666 0.14907407407407408
