0 0.5552083333333333 0.11157407407407408 0.08125 0.22314814814814815
0 0.35 0.16203703703703703 0.19166666666666668 0.26666666666666666
0 0.5502604166666667 0.21203703703703702 0.1859375 0.1111111111111111
0 0.48671875 0.3226851851851852 0.26927083333333335 0.03611111111111111
0 0.5822916666666667 0.7050925925925926 0.04375 0.5898148148148148
0 0.31614583333333335 0.6324074074074074 0.46770833333333334 0.3537037037037037
0 0.2078125 0.6518518518518519 0.14270833333333333 0.17777777777777778
0 0.7299479166666667 0.7564814814814815 0.2890625 0.3296296296296296
0 0.19817708333333334 0.7777777777777778 0.37135416666666665 0.07037037037037037
0 0.2296875 0.9060185185185186 0.05520833333333333 0.18796296296296297
