0 0.35234375 0.023148148148148147 0.08385416666666666 0.046296296296296294
0 0.47213541666666664 0.03287037037037037 0.1390625 0.06574074074074074
0 0.5611979166666666 0.06296296296296296 0.0171875 0.1259259259259259
0 0.6260416666666667 0.047685185185185185 0.12916666666666668 0.09537037037037037
0 0.35390625 0.056018518518518516 0.19947916666666668 0.021296296296296296
0 0.36822916666666666 0.20092592592592592 0.22395833333333334 0.2722222222222222
0 0.5197916666666667 0.28055555555555556 0.2625 0.1259259259259259
0 0.25104166666666666 0.40555555555555556 0.21458333333333332 0.16296296296296298
0 0.14140625 0.42592592592592593 0.08802083333333334 0.12037037037037036
0 0.5536458333333333 0.4532407407407407 0.303125 0.04351851851851852
0 0.5528645833333333 0.8013888888888889 0.4421875 0.3972222222222222
0 0.17473958333333334 0.8 0.1546875 0.21481481481481482
0 0.4239583333333333 0.937962962962963 0.28125 0.12407407407407407
