0 0.5307291666666667 0.02361111111111111 0.15833333333333333 0.04722222222222222
0 0.3658854166666667 0.05092592592592592 0.2713541666666667 0.07407407407407407
0 0.6109375 0.17314814814814813 0.32083333333333336 0.1037037037037037
0 0.33307291666666666 0.16712962962962963 0.0765625 0.075
0 0.6263020833333334 0.1587962962962963 0.15260416666666668 0.058333333333333334
0 0.20338541666666668 0.21944444444444444 0.11302083333333333 0.07777777777777778
0 0.40651041666666665 0.44027777777777777 0.3515625 0.4287037037037037
0 0.12786458333333334 0.5736111111111111 0.12864583333333332 0.5342592592592592
0 0.6450520833333333 0.4351851851851852 0.3234375 0.044444444444444446
0 0.5583333333333333 0.6462962962962963 0.29791666666666666 0.06481481481481481
0 0.2747395833333333 0.663425925925926 0.23385416666666667 0.08611111111111111
0 0.6203125 0.8606481481481482 0.34270833333333334 0.09166666666666666
0 0.22760416666666666 0.9282407407407407 0.38645833333333335 0.14351851851851852
