0 0.2981770833333333 0.04583333333333333 0.10677083333333333 0.03796296296296296
0 0.3463541666666667 0.3962962962962963 0.11041666666666666 0.7037037037037037
0 0.29296875 0.18009259259259258 0.0765625 0.10092592592592593
0 0.6122395833333333 0.18935185185185185 0.09947916666666666 0.10462962962962963
0 0.48541666666666666 0.30324074074074076 0.12708333333333333 0.10092592592592593
0 0.2513020833333333 0.33101851851851855 0.14427083333333332 0.06574074074074074
0 0.62578125 0.4101851851851852 0.15052083333333333 0.12222222222222222
0 0.16067708333333333 0.6370370370370371 0.32135416666666666 0.5611111111111111
0 0.06770833333333333 0.5018518518518519 0.11041666666666666 0.11296296296296296
0 0.6528645833333333 0.6560185185185186 0.1859375 0.10833333333333334
0 0.61484375 0.8949074074074074 0.0203125 0.2101851851851852
