0 0.3841145833333333 0.06111111111111111 0.021354166666666667 0.12222222222222222
0 0.5388020833333333 0.10138888888888889 0.018229166666666668 0.20277777777777778
0 0.26510416666666664 0.16018518518518518 0.121875 0.04814814814814815
0 0.31588541666666664 0.5796296296296296 0.1328125 0.8407407407407408
0 0.2515625 0.3416666666666667 0.08645833333333333 0.1388888888888889
0 0.6263020833333334 0.3541666666666667 0.11927083333333334 0.14351851851851852
0 0.47682291666666665 0.5152777777777777 0.1515625 0.14351851851851852
0 0.19505208333333332 0.5541666666666667 0.17239583333333333 0.09351851851851851
0 0.64765625 0.6712962962962963 0.18489583333333334 0.1814814814814815
0 0.24166666666666667 0.7962962962962963 0.07083333333333333 0.4074074074074074
0 0.703125 0.9851851851851852 0.078125 0.02962962962962963
