0 0.65078125 0.012962962962962963 0.05677083333333333 0.025925925925925925
0 0.38307291666666665 0.11296296296296296 0.2046875 0.22407407407407406
0 0.5208333333333334 0.17777777777777778 0.23645833333333333 0.1037037037037037
0 0.26901041666666664 0.27175925925925926 0.21822916666666667 0.14351851851851852
0 0.184375 0.2949074074074074 0.07916666666666666 0.09722222222222222
0 0.5505208333333333 0.31712962962962965 0.26875 0.03425925925925926
0 0.5875 0.6319444444444444 0.5354166666666667 0.39537037037037037
0 0.2234375 0.5814814814814815 0.1375 0.15925925925925927
0 0.665625 0.9333333333333333 0.08020833333333334 0.13333333333333333
0 0.25416666666666665 0.9476851851851852 0.15833333333333333 0.10462962962962963
