0 0.39010416666666664 0.08888888888888889 0.19479166666666667 0.17777777777777778
0 0.5216145833333333 0.13472222222222222 0.22552083333333334 0.09351851851851851
0 0.28229166666666666 0.22037037037037038 0.20833333333333334 0.12962962962962962
0 0.20260416666666667 0.24027777777777778 0.07604166666666666 0.08611111111111111
0 0.5497395833333333 0.2601851851851852 0.2546875 0.03148148148148148
0 0.5828125 0.5361111111111111 0.4979166666666667 0.34444444444444444
0 0.24322916666666666 0.4930555555555556 0.13020833333333334 0.1398148148148148
0 0.7033854166666667 0.8430555555555556 0.17135416666666667 0.2064814814814815
0 0.3885416666666667 0.8819444444444444 0.37083333333333335 0.2361111111111111
0 0.5942708333333333 0.9722222222222222 0.06145833333333333 0.05555555555555555
