0 0.6171875 0.038425925925925926 0.08229166666666667 0.05277777777777778
0 0.49609375 0.06111111111111111 0.2630208333333333 0.08518518518518518
0 0.4635416666666667 0.13425925925925927 0.31875 0.10185185185185185
0 0.3375 0.19166666666666668 0.31666666666666665 0.10185185185185185
0 0.6294270833333333 0.3648148148148148 0.3890625 0.15
0 0.6455729166666667 0.3435185185185185 0.1828125 0.08333333333333333
0 0.29375 0.35648148148148145 0.08958333333333333 0.10740740740740741
0 0.13177083333333334 0.43194444444444446 0.14479166666666668 0.11388888888888889
0 0.37005208333333334 0.7208333333333333 0.4505208333333333 0.5583333333333333
0 0.05520833333333333 0.7787037037037037 0.11041666666666666 0.42777777777777776
0 0.67734375 0.7685185185185185 0.4140625 0.07222222222222222
0 0.4671875 0.9611111111111111 0.07395833333333333 0.07777777777777778
