0 0.31354166666666666 0.04953703703703704 0.196875 0.09907407407407408
0 0.5223958333333333 0.014351851851851852 0.18854166666666666 0.028703703703703703
0 0.259375 0.06759259259259259 0.06458333333333334 0.05925925925925926
0 0.5458333333333333 0.08194444444444444 0.21041666666666667 0.023148148148148147
0 0.5703125 0.25787037037037036 0.3875 0.21388888888888888
0 0.3015625 0.2337962962962963 0.10729166666666666 0.08796296296296297
0 0.6606770833333333 0.44074074074074077 0.1265625 0.11666666666666667
0 0.4828125 0.49398148148148147 0.39895833333333336 0.19722222222222222
0 0.43046875 0.6759259259259259 0.5057291666666667 0.2574074074074074
0 0.23541666666666666 0.8398148148148148 0.4708333333333333 0.2574074074074074
