0 0.5625 0.07777777777777778 0.31666666666666665 0.14629629629629629
0 0.340625 0.0625 0.090625 0.062037037037037036
0 0.634375 0.19953703703703704 0.1 0.075
0 0.4901041666666667 0.2337962962962963 0.3177083333333333 0.125
0 0.45 0.34305555555555556 0.39166666666666666 0.1527777777777778
0 0.28958333333333336 0.43148148148148147 0.39479166666666665 0.15925925925925927
0 0.6651041666666667 0.7162037037037037 0.515625 0.2564814814814815
0 0.6799479166666667 0.6782407407407407 0.2390625 0.1398148148148148
0 0.22161458333333334 0.7 0.1109375 0.1814814814814815
0 0.050520833333333334 0.7842592592592592 0.10104166666666667 0.10555555555555556
0 0.17161458333333332 0.924074074074074 0.19010416666666666 0.15185185185185185
