0 0.36640625 0.022222222222222223 0.06302083333333333 0.044444444444444446
0 0.5979166666666667 0.02962962962962963 0.265625 0.05925925925925926
0 0.6166666666666667 0.016203703703703703 0.11666666666666667 0.032407407407407406
0 0.2591145833333333 0.053703703703703705 0.09010416666666667 0.053703703703703705
0 0.43203125 0.19583333333333333 0.28072916666666664 0.275
0 0.22135416666666666 0.2537037037037037 0.06666666666666667 0.2796296296296296
0 0.6221354166666667 0.19768518518518519 0.25885416666666666 0.030555555555555555
0 0.5458333333333333 0.3287037037037037 0.21666666666666667 0.03888888888888889
0 0.33255208333333336 0.33796296296296297 0.18177083333333333 0.05185185185185185
0 0.19270833333333334 0.43194444444444446 0.029166666666666667 0.06944444444444445
0 0.5856770833333333 0.449537037037037 0.2328125 0.04722222222222222
0 0.521875 0.7342592592592593 0.5895833333333333 0.5314814814814814
0 0.13463541666666667 0.7699074074074074 0.0609375 0.4601851851851852
0 0.18880208333333334 0.9189814814814815 0.05572916666666667 0.16203703703703703
