0 0.29296875 0.06296296296296296 0.10885416666666667 0.03888888888888889
0 0.33958333333333335 0.4375 0.11875 0.7509259259259259
0 0.28671875 0.20462962962962963 0.07760416666666667 0.10740740740740741
0 0.6143229166666667 0.21481481481481482 0.10260416666666666 0.10925925925925926
0 0.48385416666666664 0.3351851851851852 0.13125 0.10740740740740741
0 0.24244791666666668 0.3638888888888889 0.1484375 0.07037037037037037
0 0.6291666666666667 0.44814814814814813 0.15520833333333334 0.12962962962962962
0 0.15729166666666666 0.6949074074074074 0.3145833333333333 0.6083333333333333
0 0.05416666666666667 0.5472222222222223 0.10833333333333334 0.12037037037037036
0 0.6580729166666667 0.7125 0.19427083333333334 0.11574074074074074
0 0.61875 0.9287037037037037 0.020833333333333332 0.1425925925925926
