0 0.39921875 0.05648148148148148 0.18177083333333333 0.11296296296296296
0 0.5221354166666666 0.0763888888888889 0.2109375 0.0824074074074074
0 0.28854166666666664 0.14444444444444443 0.21770833333333334 0.12407407407407407
0 0.2265625 0.16805555555555557 0.07083333333333333 0.075
0 0.54765625 0.18472222222222223 0.2359375 0.028703703703703703
0 0.57734375 0.41574074074074074 0.44947916666666665 0.2833333333333333
0 0.26848958333333334 0.3819444444444444 0.1203125 0.11574074074074074
0 0.684375 0.6643518518518519 0.15104166666666666 0.1638888888888889
0 0.47682291666666665 0.7425925925925926 0.4765625 0.2814814814814815
0 0.2677083333333333 0.9078703703703703 0.32708333333333334 0.18425925925925926
