0 0.6161458333333333 0.02361111111111111 0.07916666666666666 0.04722222222222222
0 0.49661458333333336 0.044444444444444446 0.2578125 0.08333333333333333
0 0.46484375 0.11481481481481481 0.31197916666666664 0.0962962962962963
0 0.34270833333333334 0.1685185185185185 0.309375 0.09814814814814815
0 0.6263020833333334 0.33287037037037037 0.3776041666666667 0.14166666666666666
0 0.6421875 0.3125 0.178125 0.0787037037037037
0 0.30052083333333335 0.324537037037037 0.08645833333333333 0.10092592592592593
0 0.14401041666666667 0.3962962962962963 0.1390625 0.10740740740740741
0 0.3763020833333333 0.7023148148148148 0.4328125 0.5953703703703703
0 0.062239583333333334 0.7597222222222222 0.12447916666666667 0.48055555555555557
0 0.67109375 0.7092592592592593 0.3984375 0.06666666666666667
0 0.7716145833333333 0.9787037037037037 0.14427083333333332 0.040740740740740744
