0 0.3299479166666667 0.03518518518518519 0.06614583333333333 0.07037037037037037
0 0.38125 0.2023148148148148 0.07083333333333333 0.4046296296296296
0 0.59921875 0.040740740740740744 0.0828125 0.07407407407407407
0 0.49296875 0.12037037037037036 0.10572916666666667 0.07037037037037037
0 0.2994791666666667 0.13935185185185187 0.11979166666666667 0.04537037037037037
0 0.6080729166666666 0.19212962962962962 0.12135416666666667 0.08055555555555556
0 0.20651041666666667 0.3300925925925926 0.3078125 0.3472222222222222
0 0.15807291666666667 0.2523148148148148 0.0921875 0.07314814814814814
0 0.6268229166666667 0.3490740740740741 0.14635416666666667 0.06666666666666667
0 0.5768229166666666 0.7148148148148148 0.14635416666666667 0.5703703703703704
0 0.32083333333333336 0.7671296296296296 0.12604166666666666 0.46574074074074073
0 0.43020833333333336 0.962037037037037 0.07083333333333333 0.07592592592592592
