0 0.5229166666666667 0.022222222222222223 0.19479166666666667 0.044444444444444446
0 0.30807291666666664 0.06666666666666667 0.20260416666666667 0.1037037037037037
0 0.25338541666666664 0.08611111111111111 0.06510416666666667 0.06111111111111111
0 0.5463541666666667 0.10046296296296296 0.21458333333333332 0.023148148148148147
0 0.5716145833333334 0.2861111111111111 0.3984375 0.22592592592592592
0 0.29583333333333334 0.2601851851851852 0.109375 0.09259259259259259
0 0.66484375 0.4791666666666667 0.13072916666666667 0.125
0 0.48151041666666666 0.537962962962963 0.41302083333333334 0.2111111111111111
0 0.4276041666666667 0.7324074074074074 0.525 0.2777777777777778
0 0.17604166666666668 0.9111111111111111 0.35208333333333336 0.17777777777777778
0 0.359375 0.9634259259259259 0.11458333333333333 0.07314814814814814
