0 0.5393229166666667 0.0587962962962963 0.0140625 0.1175925925925926
0 0.28802083333333334 0.08148148148148149 0.11145833333333334 0.040740740740740744
0 0.33255208333333336 0.4810185185185185 0.12552083333333333 0.799074074074074
0 0.28020833333333334 0.2300925925925926 0.07916666666666666 0.11203703703703703
0 0.6166666666666667 0.24074074074074073 0.10520833333333333 0.11481481481481481
0 0.4828125 0.3680555555555556 0.134375 0.11388888888888889
0 0.23385416666666667 0.399537037037037 0.153125 0.075
0 0.6325520833333333 0.48842592592592593 0.1609375 0.13796296296296295
0 0.15390625 0.7138888888888889 0.3078125 0.5722222222222222
0 0.04635416666666667 0.624537037037037 0.09270833333333334 0.06944444444444445
0 0.6630208333333333 0.7731481481481481 0.20104166666666667 0.1259259259259259
