0 0.5393229166666667 0.016203703703703703 0.1609375 0.032407407407407406
0 0.46875 0.058333333333333334 0.29270833333333335 0.08518518518518518
0 0.35494791666666664 0.10555555555555556 0.2890625 0.08518518518518518
0 0.6174479166666667 0.24675925925925926 0.34739583333333335 0.12129629629629629
0 0.3182291666666667 0.23935185185185184 0.08125 0.08611111111111111
0 0.63359375 0.22962962962962963 0.1640625 0.06666666666666667
0 0.17630208333333333 0.3 0.12447916666666667 0.09074074074074075
0 0.39348958333333334 0.5685185185185185 0.3880208333333333 0.5222222222222223
0 0.08307291666666666 0.7018518518518518 0.1578125 0.5962962962962963
0 0.65703125 0.5574074074074075 0.3567708333333333 0.053703703703703705
0 0.5559895833333334 0.8189814814814815 0.32447916666666665 0.08055555555555556
0 0.24375 0.8407407407407408 0.2625 0.10925925925925926
