0 0.38645833333333335 0.05185185185185185 0.019791666666666666 0.1037037037037037
0 0.5385416666666667 0.09027777777777778 0.017708333333333333 0.18055555555555555
0 0.27109375 0.1398148148148148 0.11927083333333334 0.046296296296296294
0 0.31614583333333335 0.5694444444444444 0.13854166666666667 0.8611111111111112
0 0.2591145833333333 0.31203703703703706 0.08489583333333334 0.13148148148148148
0 0.6239583333333333 0.325 0.11458333333333333 0.13518518518518519
0 0.4783854166666667 0.4759259259259259 0.14635416666666667 0.13518518518518519
0 0.20520833333333333 0.513425925925926 0.16770833333333332 0.08981481481481482
0 0.64375 0.6222222222222222 0.17916666666666667 0.1685185185185185
0 0.24557291666666667 0.774074074074074 0.07864583333333333 0.45185185185185184
0 0.020572916666666666 0.7902777777777777 0.04114583333333333 0.062037037037037036
0 0.68203125 0.9495370370370371 0.22447916666666667 0.10092592592592593
