0 0.5239583333333333 0.005555555555555556 0.14166666666666666 0.011111111111111112
0 0.5638020833333334 0.17222222222222222 0.024479166666666666 0.25555555555555554
0 0.3846354166666667 0.1398148148148148 0.3171875 0.15
0 0.32083333333333336 0.15 0.09895833333333333 0.07407407407407407
0 0.609375 0.17037037037037037 0.08541666666666667 0.08888888888888889
0 0.3223958333333333 0.20185185185185187 0.234375 0.027777777777777776
0 0.33307291666666666 0.4162037037037037 0.2703125 0.4027777777777778
0 0.51640625 0.5296296296296297 0.3265625 0.1925925925925926
0 0.17552083333333332 0.7291666666666666 0.2625 0.2638888888888889
0 0.042708333333333334 0.8083333333333333 0.08541666666666667 0.10185185185185185
0 0.5606770833333333 0.8046296296296296 0.39114583333333336 0.07222222222222222
