0 0.46979166666666666 0.0412037037037037 0.2864583333333333 0.08055555555555556
0 0.35833333333333334 0.08611111111111111 0.2833333333333333 0.08148148148148149
0 0.6153645833333333 0.2212962962962963 0.3380208333333333 0.11481481481481481
0 0.6309895833333333 0.20416666666666666 0.15989583333333332 0.06388888888888888
0 0.32369791666666664 0.21388888888888888 0.0796875 0.08148148148148149
0 0.18567708333333333 0.2722222222222222 0.1203125 0.08518518518518518
0 0.39791666666666664 0.5226851851851851 0.375 0.487962962962963
0 0.09791666666666667 0.6851851851851852 0.15 0.6296296296296297
0 0.6526041666666667 0.5138888888888888 0.34479166666666666 0.05
0 0.5671875 0.7546296296296297 0.33541666666666664 0.07962962962962963
0 0.2546875 0.7768518518518519 0.2520833333333333 0.1
0 0.5395833333333333 0.9773148148148149 0.19583333333333333 0.04537037037037037
