0 0.53046875 0.11944444444444445 0.09010416666666667 0.2388888888888889
0 0.7002604166666667 0.013888888888888888 0.13072916666666667 0.027777777777777776
0 0.39296875 0.013888888888888888 0.19427083333333334 0.024074074074074074
0 0.72265625 0.274537037037037 0.28072916666666664 0.4564814814814815
0 0.31484375 0.14953703703703702 0.11302083333333333 0.075
0 0.4236979166666667 0.4166666666666667 0.24322916666666666 0.40370370370370373
0 0.53046875 0.3194444444444444 0.2296875 0.037037037037037035
0 0.21458333333333332 0.7106481481481481 0.3489583333333333 0.5787037037037037
0 0.5885416666666666 0.7152777777777778 0.5166666666666667 0.5694444444444444
0 0.9278645833333333 0.7449074074074075 0.14427083333333332 0.5101851851851852
0 0.03333333333333333 0.8921296296296296 0.06666666666666667 0.21574074074074073
0 0.6026041666666667 0.975925925925926 0.04479166666666667 0.04814814814814815
