0 0.40182291666666664 0.05416666666666667 0.42135416666666664 0.10833333333333334
0 0.6244791666666667 0.3 0.571875 0.6
0 0.7432291666666667 0.019444444444444445 0.05625 0.03888888888888889
0 0.25546875 0.12824074074074074 0.15052083333333333 0.05462962962962963
0 0.27708333333333335 0.29953703703703705 0.3541666666666667 0.10833333333333334
0 0.36302083333333335 0.6907407407407408 0.11770833333333333 0.6185185185185185
0 0.25338541666666664 0.5115740740740741 0.13802083333333334 0.11574074074074074
0 0.023697916666666666 0.5615740740740741 0.04739583333333333 0.16018518518518518
0 0.2794270833333333 0.6680555555555555 0.15677083333333333 0.1675925925925926
0 0.9546875 0.7759259259259259 0.090625 0.37777777777777777
0 0.6450520833333333 0.649074074074074 0.3880208333333333 0.07592592592592592
0 0.1703125 0.8888888888888888 0.340625 0.2222222222222222
0 0.016927083333333332 0.9226851851851852 0.033854166666666664 0.13425925925925927
