0 0.3171875 0.05185185185185185 0.2864583333333333 0.1037037037037037
0 0.5875 0.2662037037037037 0.6572916666666667 0.5324074074074074
0 0.7515625 0.10833333333333334 0.071875 0.09259259259259259
0 0.7833333333333333 0.21203703703703702 0.12395833333333334 0.07777777777777778
0 0.8294270833333334 0.38796296296296295 0.10364583333333334 0.16296296296296298
0 0.153125 0.3726851851851852 0.15416666666666667 0.08796296296296297
0 0.5283854166666667 0.7296296296296296 0.15677083333333333 0.5407407407407407
0 0.30572916666666666 0.4976851851851852 0.315625 0.058333333333333334
0 0.8458333333333333 0.7916666666666666 0.1 0.4166666666666667
0 0.14088541666666668 0.8893518518518518 0.18697916666666667 0.2212962962962963
0 0.6791666666666667 0.9125 0.11145833333333334 0.175
