0 0.59609375 0.13703703703703704 0.44635416666666666 0.2740740740740741
0 0.32708333333333334 0.09027777777777778 0.28541666666666665 0.0712962962962963
0 0.23697916666666666 0.3888888888888889 0.4739583333333333 0.4962962962962963
0 0.31588541666666664 0.22083333333333333 0.10885416666666667 0.06944444444444445
0 0.34322916666666664 0.3111111111111111 0.1125 0.09444444444444444
0 0.9005208333333333 0.43148148148148147 0.17916666666666667 0.3314814814814815
0 0.6161458333333333 0.3013888888888889 0.290625 0.04537037037037037
0 0.18255208333333334 0.7069444444444445 0.3651041666666667 0.5861111111111111
0 0.6609375 0.7379629629629629 0.4239583333333333 0.524074074074074
0 0.4049479166666667 0.825925925925926 0.033854166666666664 0.34814814814814815
