0 0.57109375 0.12685185185185185 0.5244791666666667 0.2537037037037037
0 0.7403645833333333 0.04583333333333333 0.1015625 0.05462962962962963
0 0.7697916666666667 0.16203703703703703 0.07916666666666666 0.10555555555555556
0 0.22526041666666666 0.1537037037037037 0.1265625 0.05925925925925926
0 0.5302083333333333 0.4222222222222222 0.11979166666666667 0.42407407407407405
0 0.3536458333333333 0.23287037037037037 0.24895833333333334 0.03611111111111111
0 0.8 0.6425925925925926 0.4 0.7148148148148148
0 0.24140625 0.4685185185185185 0.14635416666666667 0.13703703703703704
0 0.38125 0.7939814814814815 0.340625 0.41203703703703703
0 0.5307291666666667 0.7976851851851852 0.33229166666666665 0.07685185185185185
