0 0.3299479166666667 0.09953703703703703 0.20677083333333332 0.19907407407407407
0 0.5565104166666667 0.05740740740740741 0.24739583333333334 0.11481481481481481
0 0.77265625 0.20185185185185187 0.21614583333333334 0.40370370370370373
0 0.2674479166666667 0.15 0.19427083333333334 0.18888888888888888
0 0.3419270833333333 0.3699074074074074 0.6244791666666667 0.375
0 0.6940104166666666 0.5925925925925926 0.6119791666666666 0.8148148148148148
0 0.11119791666666666 0.6060185185185185 0.22239583333333332 0.12685185185185185
0 0.46458333333333335 0.8393518518518519 0.47291666666666665 0.3212962962962963
0 0.4591145833333333 0.9490740740740741 0.0484375 0.10185185185185185
0 0.10364583333333334 0.9523148148148148 0.042708333333333334 0.09537037037037037
