0 0.39921875 0.009259259259259259 0.15677083333333333 0.018518518518518517
0 0.6026041666666667 0.008796296296296297 0.190625 0.017592592592592594
0 0.696875 0.06435185185185185 0.16770833333333332 0.1287037037037037
0 0.24192708333333332 0.300462962962963 0.48385416666666664 0.5416666666666666
0 0.34453125 0.08935185185185185 0.0953125 0.05277777777777778
0 0.37083333333333335 0.15555555555555556 0.09375 0.07037037037037037
0 0.8393229166666667 0.23981481481481481 0.14114583333333333 0.2351851851851852
0 0.6044270833333333 0.14907407407407408 0.24947916666666667 0.03333333333333333
0 0.24505208333333334 0.6148148148148148 0.31197916666666664 0.7703703703703704
0 0.63515625 0.49953703703703706 0.3390625 0.4527777777777778
0 0.4265625 0.6962962962962963 0.06979166666666667 0.6074074074074074
0 0.039322916666666666 0.6402777777777777 0.07864583333333333 0.21574074074074073
0 0.32005208333333335 0.6606481481481481 0.16197916666666667 0.1361111111111111
