0 0.65234375 0.030555555555555555 0.24635416666666668 0.06111111111111111
0 0.53046875 0.1625 0.09427083333333333 0.262037037037037
0 0.38671875 0.04675925925925926 0.2015625 0.025
0 0.7354166666666667 0.33564814814814814 0.30104166666666665 0.5083333333333333
0 0.30416666666666664 0.19444444444444445 0.11770833333333333 0.08518518518518518
0 0.41770833333333335 0.49675925925925923 0.25729166666666664 0.4583333333333333
0 0.5302083333333333 0.3837962962962963 0.24375 0.041666666666666664
0 0.1921875 0.749537037037037 0.37083333333333335 0.5009259259259259
0 0.6333333333333333 0.7550925925925925 0.4739583333333333 0.4898148148148148
0 0.9380208333333333 0.7888888888888889 0.11145833333333334 0.4222222222222222
