0 0.32421875 0.15231481481481482 0.2515625 0.30462962962962964
0 0.5591145833333333 0.10185185185185185 0.2713541666666667 0.2037037037037037
0 0.66796875 0.0125 0.10260416666666666 0.025
0 0.80390625 0.2814814814814815 0.25052083333333336 0.562962962962963
0 0.240625 0.24675925925925926 0.20833333333333334 0.22870370370370371
0 0.33671875 0.5259259259259259 0.6734375 0.47962962962962963
0 0.6200520833333333 0.6449074074074074 0.4953125 0.7101851851851851
0 0.96484375 0.8472222222222222 0.0703125 0.3055555555555556
0 0.08541666666666667 0.8759259259259259 0.17083333333333334 0.08888888888888889
0 0.22552083333333334 0.9671296296296297 0.10104166666666667 0.06574074074074074
