0 0.17942708333333332 0.13055555555555556 0.15677083333333333 0.2611111111111111
0 0.39166666666666666 0.028703703703703703 0.20729166666666668 0.05740740740740741
0 0.7713541666666667 0.04212962962962963 0.09583333333333334 0.08425925925925926
0 0.3221354166666667 0.23194444444444445 0.2328125 0.44907407407407407
0 0.6078125 0.1574074074074074 0.24791666666666667 0.2462962962962963
0 0.46041666666666664 0.25555555555555554 0.04583333333333333 0.3037037037037037
0 0.18307291666666667 0.23333333333333334 0.0640625 0.1111111111111111
0 0.3807291666666667 0.2449074074074074 0.11770833333333333 0.06944444444444445
0 0.4953125 0.6925925925925925 0.8541666666666666 0.6148148148148148
0 0.16041666666666668 0.5393518518518519 0.32083333333333336 0.09166666666666666
0 0.30390625 0.9263888888888889 0.06302083333333333 0.14722222222222223
