0 0.4276041666666667 0.05277777777777778 0.026041666666666668 0.10555555555555556
0 0.68046875 0.09166666666666666 0.04739583333333333 0.18333333333333332
0 0.7119791666666667 0.04027777777777778 0.071875 0.08055555555555556
0 0.7747395833333334 0.17824074074074073 0.1109375 0.2064814814814815
0 0.21901041666666668 0.13472222222222222 0.1234375 0.05648148148148148
0 0.34401041666666665 0.5694444444444444 0.24322916666666666 0.8611111111111112
0 0.65 0.34074074074074073 0.18333333333333332 0.05925925925925926
0 0.4901041666666667 0.4773148148148148 0.16770833333333332 0.1398148148148148
0 0.9315104166666667 0.7143518518518519 0.13697916666666668 0.4546296296296296
0 0.30026041666666664 0.774074074074074 0.06614583333333333 0.45185185185185184
0 0.7278645833333334 0.7856481481481481 0.1328125 0.4287037037037037
0 0.5119791666666667 0.7541666666666667 0.31145833333333334 0.13240740740740742
0 0.03854166666666667 0.7898148148148149 0.07708333333333334 0.07592592592592592
