0 0.6760416666666667 0.06018518518518518 0.034375 0.12037037037037036
0 0.6997395833333333 0.014814814814814815 0.0640625 0.02962962962962963
0 0.7575520833333333 0.11435185185185186 0.1015625 0.18055555555555555
0 0.23880208333333333 0.07685185185185185 0.11614583333333334 0.05
0 0.35598958333333336 0.5398148148148149 0.22760416666666666 0.9203703703703704
0 0.6408854166666667 0.2550925925925926 0.16927083333333334 0.05092592592592592
0 0.49375 0.36944444444444446 0.15416666666666667 0.11666666666666667
0 0.9143229166666667 0.6370370370370371 0.16197916666666667 0.5185185185185185
0 0.7140625 0.7236111111111111 0.13333333333333333 0.5527777777777778
0 0.0625 0.5907407407407408 0.125 0.12777777777777777
0 0.5138020833333333 0.5958333333333333 0.2796875 0.10833333333333334
