0 0.23098958333333333 0.24675925925925926 0.4244791666666667 0.4935185185185185
0 0.6169270833333333 0.032407407407407406 0.13177083333333334 0.03148148148148148
0 0.50234375 0.09953703703703703 0.1171875 0.06759259259259259
0 0.8075520833333333 0.24027777777777778 0.10260416666666666 0.2712962962962963
0 0.5544270833333333 0.5722222222222222 0.30364583333333334 0.8555555555555555
0 0.1828125 0.2222222222222222 0.10625 0.06851851851851852
0 0.5169270833333334 0.225 0.20364583333333333 0.05740740740740741
0 0.8552083333333333 0.5060185185185185 0.11666666666666667 0.19537037037037036
0 0.334375 0.7439814814814815 0.134375 0.5120370370370371
0 0.6106770833333334 0.7680555555555556 0.0484375 0.4638888888888889
0 0.9091145833333333 0.7384259259259259 0.18177083333333333 0.1824074074074074
0 0.49973958333333335 0.9180555555555555 0.11302083333333333 0.1638888888888889
0 0.17864583333333334 0.9462962962962963 0.16666666666666666 0.10740740740740741
