0 0.5013020833333334 0.12777777777777777 0.45677083333333335 0.25555555555555554
0 0.18567708333333333 0.1986111111111111 0.0796875 0.26944444444444443
0 0.359375 0.3486111111111111 0.28229166666666666 0.5175925925925926
0 0.6963541666666667 0.1787037037037037 0.109375 0.07222222222222222
0 0.6033854166666667 0.35694444444444445 0.049479166666666664 0.3638888888888889
0 0.7033854166666667 0.4393518518518518 0.022395833333333334 0.4083333333333333
0 0.4466145833333333 0.6597222222222222 0.04739583333333333 0.5768518518518518
0 0.10807291666666667 0.5509259259259259 0.1203125 0.2111111111111111
0 0.25755208333333335 0.7759259259259259 0.1421875 0.14814814814814814
0 0.8125 0.8106481481481481 0.20208333333333334 0.19722222222222222
0 0.5911458333333334 0.9037037037037037 0.03854166666666667 0.1925925925925926
