0 0.28463541666666664 0.11944444444444445 0.3296875 0.2388888888888889
0 0.76015625 0.08148148148148149 0.0828125 0.16296296296296298
0 0.603125 0.42962962962962964 0.79375 0.8518518518518519
0 0.24010416666666667 0.058333333333333334 0.090625 0.04814814814814815
0 0.5192708333333333 0.060648148148148145 0.16979166666666667 0.03981481481481482
0 0.7875 0.24537037037037038 0.08645833333333333 0.12407407407407407
0 0.82890625 0.387037037037037 0.14947916666666666 0.10740740740740741
0 0.8963541666666667 0.6425925925925926 0.13541666666666666 0.2388888888888889
0 0.08255208333333333 0.6180555555555556 0.16510416666666666 0.13055555555555556
0 0.5372395833333333 0.8759259259259259 0.08072916666666667 0.24814814814814815
0 0.25 0.8074074074074075 0.39166666666666666 0.08888888888888889
