0 0.20677083333333332 0.032407407407407406 0.04479166666666667 0.06481481481481481
0 0.37838541666666664 0.09259259259259259 0.15364583333333334 0.18518518518518517
0 0.47578125 0.07777777777777778 0.034895833333333334 0.15555555555555556
0 0.5619791666666667 0.037037037037037035 0.13958333333333334 0.07407407407407407
0 0.24947916666666667 0.04490740740740741 0.05520833333333333 0.07314814814814814
0 0.40911458333333334 0.05277777777777778 0.09635416666666667 0.046296296296296294
0 0.496875 0.4449074074074074 0.6239583333333333 0.6064814814814815
0 0.24348958333333334 0.23472222222222222 0.2546875 0.05462962962962963
0 0.0578125 0.5597222222222222 0.115625 0.4009259259259259
0 0.27239583333333334 0.7037037037037037 0.42604166666666665 0.5925925925925926
0 0.77109375 0.5837962962962963 0.16927083333333334 0.14907407407407408
0 0.6182291666666667 0.7870370370370371 0.040625 0.42592592592592593
0 0.7828125 0.8495370370370371 0.021875 0.30092592592592593
