0 0.21953125 0.2953703703703704 0.4390625 0.5907407407407408
0 0.7260416666666667 0.017592592592592594 0.06770833333333333 0.03518518518518519
0 0.6208333333333333 0.06898148148148148 0.13854166666666667 0.03425925925925926
0 0.5005208333333333 0.14351851851851852 0.12291666666666666 0.07592592592592592
0 0.82421875 0.30092592592592593 0.10989583333333333 0.3037037037037037
0 0.5557291666666667 0.5962962962962963 0.325 0.8074074074074075
0 0.16276041666666666 0.2796296296296296 0.11302083333333333 0.07777777777777778
0 0.51640625 0.2828703703703704 0.21510416666666668 0.06388888888888888
0 0.8807291666666667 0.6041666666666666 0.12916666666666668 0.22685185185185186
0 0.31796875 0.7912037037037037 0.14427083333333332 0.41759259259259257
0 0.6252604166666667 0.8189814814814815 0.03697916666666667 0.36203703703703705
0 0.9213541666666667 0.8587962962962963 0.15729166666666666 0.1824074074074074
