0 0.6934895833333333 0.09398148148148149 0.17760416666666667 0.18796296296296297
0 0.44609375 0.1337962962962963 0.1921875 0.2361111111111111
0 0.53046875 0.08101851851851852 0.17864583333333334 0.023148148148148147
0 0.2677083333333333 0.4263888888888889 0.32083333333333336 0.5712962962962963
0 0.5791666666666667 0.3347222222222222 0.375 0.3768518518518518
0 0.8651041666666667 0.49398148148148147 0.26979166666666665 0.6268518518518519
0 0.14296875 0.612037037037037 0.2526041666666667 0.4203703703703704
0 0.6036458333333333 0.8421296296296297 0.5822916666666667 0.31574074074074077
0 0.9661458333333334 0.9296296296296296 0.06770833333333333 0.14074074074074075
0 0.7291666666666666 0.9694444444444444 0.05416666666666667 0.06111111111111111
