0 0.30703125 0.07268518518518519 0.2994791666666667 0.14537037037037037
0 0.5940104166666667 0.31296296296296294 0.7005208333333334 0.6259259259259259
0 0.75078125 0.0412037037037037 0.0578125 0.0824074074074074
0 0.7625 0.15 0.07604166666666666 0.10185185185185185
0 0.796875 0.26435185185185184 0.13125 0.08611111111111111
0 0.8489583333333334 0.4625 0.1125 0.18425925925925926
0 0.12916666666666668 0.44537037037037036 0.1625 0.1
0 0.5278645833333333 0.7731481481481481 0.1703125 0.4537037037037037
0 0.28958333333333336 0.5879629629629629 0.33645833333333336 0.06666666666666667
0 0.8544270833333333 0.8430555555555556 0.07552083333333333 0.3138888888888889
0 0.032552083333333336 0.9574074074074074 0.05364583333333333 0.08518518518518518
