0 0.23828125 0.38101851851851853 0.4765625 0.7620370370370371
0 0.7333333333333333 0.046296296296296294 0.0875 0.09259259259259259
0 0.6276041666666666 0.1310185185185185 0.14895833333333333 0.03981481481481482
0 0.4981770833333333 0.21851851851851853 0.1328125 0.08888888888888889
0 0.853125 0.4078703703703704 0.125 0.3675925925925926
0 0.5591145833333333 0.637962962962963 0.3651041666666667 0.7240740740740741
0 0.128125 0.3800925925925926 0.121875 0.09351851851851851
0 0.5153645833333333 0.38333333333333336 0.2359375 0.07777777777777778
0 0.9247395833333333 0.7828703703703703 0.15052083333333333 0.2898148148148148
0 0.30104166666666665 0.8777777777777778 0.084375 0.24444444444444444
0 0.6486979166666667 0.9125 0.022395833333333334 0.175
0 0.24661458333333333 0.9148148148148149 0.0765625 0.17037037037037037
