0 0.3580729166666667 0.03935185185185185 0.0453125 0.0787037037037037
0 0.48125 0.027314814814814816 0.03125 0.05462962962962963
0 0.49895833333333334 0.26851851851851855 0.5416666666666666 0.44814814814814813
0 0.27734375 0.11666666666666667 0.2265625 0.04259259259259259
0 0.10911458333333333 0.41203703703703703 0.1234375 0.40185185185185185
0 0.31744791666666666 0.6240740740740741 0.35052083333333334 0.7518518518518519
0 0.7330729166666666 0.3763888888888889 0.1390625 0.10648148148148148
0 0.62265625 0.6620370370370371 0.06822916666666666 0.5833333333333334
0 0.7520833333333333 0.7296296296296296 0.040625 0.5407407407407407
0 0.4278645833333333 0.8351851851851851 0.024479166666666666 0.3296296296296296
0 0.026822916666666665 0.9689814814814814 0.05364583333333333 0.062037037037037036
