0 0.5002604166666667 0.1712962962962963 0.48802083333333335 0.3425925925925926
0 0.29921875 0.040740740740740744 0.20677083333333332 0.03518518518518519
0 0.15755208333333334 0.2773148148148148 0.09427083333333333 0.31574074074074077
0 0.34479166666666666 0.4597222222222222 0.3072916666666667 0.6212962962962963
0 0.71015625 0.2518518518518518 0.1203125 0.08333333333333333
0 0.61015625 0.46574074074074073 0.05572916666666667 0.43703703703703706
0 0.7216145833333333 0.5657407407407408 0.0265625 0.5
0 0.4393229166666667 0.7393518518518518 0.0453125 0.5212962962962963
0 0.0640625 0.7013888888888888 0.128125 0.2657407407407407
0 0.17109375 0.9430555555555555 0.0578125 0.11388888888888889
0 0.7708333333333334 0.95 0.07291666666666667 0.1
