0 0.24375 0.2564814814814815 0.4875 0.512962962962963
0 0.7325520833333333 0.03518518518518519 0.06510416666666667 0.07037037037037037
0 0.35625 0.034722222222222224 0.08958333333333333 0.04722222222222222
0 0.38177083333333334 0.09351851851851851 0.08645833333333333 0.06111111111111111
0 0.8161458333333333 0.1648148148148148 0.128125 0.20185185185185187
0 0.5986979166666667 0.0875 0.23177083333333334 0.028703703703703703
0 0.27109375 0.5157407407407407 0.28489583333333335 0.7185185185185186
0 0.6263020833333334 0.38101851851851853 0.3078125 0.375
0 0.4388020833333333 0.5412037037037037 0.0609375 0.4898148148148148
0 0.08880208333333334 0.49907407407407406 0.07552083333333333 0.17407407407407408
0 0.34140625 0.5162037037037037 0.14739583333333334 0.10833333333333334
0 0.790625 0.8759259259259259 0.11041666666666666 0.24814814814814815
0 0.43984375 0.9745370370370371 0.2171875 0.05092592592592592
