0 0.4296875 0.047685185185185185 0.026041666666666668 0.09537037037037037
0 0.7151041666666667 0.024537037037037038 0.06458333333333334 0.049074074074074076
0 0.3106770833333333 0.20833333333333334 0.26927083333333335 0.387037037037037
0 0.5734375 0.14953703703703702 0.315625 0.262037037037037
0 0.8328125 0.37962962962962965 0.2833333333333333 0.674074074074074
0 0.2171875 0.3337962962962963 0.22083333333333333 0.26944444444444443
0 0.3458333333333333 0.6754629629629629 0.6916666666666667 0.5935185185185186
0 0.6104166666666667 0.6921296296296297 0.5041666666666667 0.6157407407407407
0 0.4747395833333333 0.7032407407407407 0.17239583333333333 0.14907407407407408
0 0.99296875 0.9412037037037037 0.0140625 0.1175925925925926
