0 0.49947916666666664 0.2074074074074074 0.5114583333333333 0.4
0 0.28984375 0.07407407407407407 0.21510416666666668 0.03888888888888889
0 0.13697916666666668 0.3351851851851852 0.10625 0.35185185185185186
0 0.33151041666666664 0.5453703703703704 0.32864583333333336 0.7055555555555556
0 0.7200520833333334 0.3055555555555556 0.12864583333333332 0.09259259259259259
0 0.6151041666666667 0.5486111111111112 0.06041666666666667 0.49722222222222223
0 0.7341145833333333 0.6648148148148149 0.0328125 0.5740740740740741
0 0.4315104166666667 0.7800925925925926 0.03177083333333333 0.4398148148148148
0 0.0484375 0.8069444444444445 0.096875 0.08611111111111111
0 0.03203125 0.9407407407407408 0.0640625 0.05925925925925926
