0 0.24140625 0.013888888888888888 0.0984375 0.027777777777777776
0 0.4200520833333333 0.08425925925925926 0.028645833333333332 0.1685185185185185
0 0.6815104166666667 0.1300925925925926 0.16197916666666667 0.2601851851851852
0 0.7953125 0.25462962962962965 0.12395833333333334 0.24259259259259258
0 0.19557291666666668 0.20185185185185187 0.1328125 0.06481481481481481
0 0.328125 0.6037037037037037 0.2625 0.7925925925925926
0 0.6614583333333334 0.44675925925925924 0.20104166666666667 0.0712962962962963
0 0.4864583333333333 0.612037037037037 0.184375 0.17037037037037037
0 0.95 0.8115740740740741 0.1 0.3768518518518518
0 0.2875 0.8490740740740741 0.04479166666666667 0.30185185185185187
0 0.7541666666666667 0.8638888888888889 0.15 0.2722222222222222
0 0.471875 0.9375 0.27708333333333335 0.125
0 0.6213541666666667 0.9625 0.07916666666666666 0.075
