0 0.44947916666666665 0.10092592592592593 0.184375 0.20185185185185187
0 0.6864583333333333 0.07222222222222222 0.17083333333333334 0.14444444444444443
0 0.53046875 0.04583333333333333 0.17135416666666667 0.021296296296296296
0 0.28151041666666665 0.3537037037037037 0.30364583333333334 0.5074074074074074
0 0.5778645833333333 0.274537037037037 0.3567708333333333 0.33796296296296297
0 0.8583333333333333 0.5685185185185185 0.2833333333333333 0.8629629629629629
0 0.1671875 0.5194444444444445 0.24270833333333333 0.36666666666666664
0 0.6145833333333334 0.7921296296296296 0.5739583333333333 0.41574074074074074
0 0.38958333333333334 0.9675925925925926 0.06458333333333334 0.06481481481481481
0 0.15208333333333332 0.9791666666666666 0.057291666666666664 0.041666666666666664
