0 0.27760416666666665 0.1763888888888889 0.43020833333333336 0.3527777777777778
0 0.38723958333333336 0.016203703703703703 0.0578125 0.032407407407407406
0 0.5916666666666667 0.007407407407407408 0.20833333333333334 0.014814814814814815
0 0.7841145833333333 0.07268518518518519 0.10989583333333333 0.14537037037037037
0 0.30494791666666665 0.3236111111111111 0.24947916666666667 0.5287037037037037
0 0.6138020833333333 0.23055555555555557 0.2682291666666667 0.2833333333333333
0 0.45416666666666666 0.3472222222222222 0.05 0.3592592592592593
0 0.15208333333333332 0.32083333333333336 0.06770833333333333 0.1287037037037037
0 0.36770833333333336 0.3333333333333333 0.12708333333333333 0.08148148148148149
0 0.6299479166666667 0.7513888888888889 0.5223958333333333 0.49722222222222223
0 0.14765625 0.7 0.2953125 0.0962962962962963
0 0.38958333333333334 0.8925925925925926 0.023958333333333335 0.21481481481481482
0 0.1328125 0.9120370370370371 0.246875 0.17592592592592593
