0 0.321875 0.04259259259259259 0.28020833333333334 0.08518518518518518
0 0.5848958333333333 0.24444444444444444 0.6364583333333333 0.4888888888888889
0 0.746875 0.08888888888888889 0.07083333333333333 0.08888888888888889
0 0.7770833333333333 0.1865740740740741 0.12083333333333333 0.075
0 0.8203125 0.3541666666666667 0.09895833333333333 0.1527777777777778
0 0.1640625 0.3398148148148148 0.15 0.08518518518518518
0 0.5286458333333334 0.711574074074074 0.15104166666666666 0.5768518518518518
0 0.31302083333333336 0.45694444444444443 0.30520833333333336 0.05462962962962963
0 0.84140625 0.7689814814814815 0.10885416666666667 0.462037037037037
0 0.15755208333333334 0.8324074074074074 0.1796875 0.22777777777777777
0 0.7010416666666667 0.8805555555555555 0.1625 0.2388888888888889
