0 0.27005208333333336 0.1925925925925926 0.4432291666666667 0.3851851851851852
0 0.39401041666666664 0.024537037037037038 0.07864583333333333 0.049074074074074076
0 0.78984375 0.08425925925925926 0.11302083333333333 0.1685185185185185
0 0.5932291666666667 0.018055555555555554 0.2125 0.025
0 0.29921875 0.35648148148148145 0.2557291666666667 0.5592592592592592
0 0.6158854166666666 0.2564814814814815 0.2755208333333333 0.3
0 0.4513020833333333 0.3814814814814815 0.0515625 0.3814814814814815
0 0.14114583333333333 0.35185185185185186 0.06875 0.13703703703703704
0 0.36302083333333335 0.3648148148148148 0.13020833333333334 0.08518518518518518
0 0.6348958333333333 0.7726851851851851 0.5447916666666667 0.4546296296296296
0 0.14296875 0.7592592592592593 0.2859375 0.1037037037037037
0 0.3880208333333333 0.925 0.014583333333333334 0.15
0 0.07421875 0.9462962962962963 0.1484375 0.10740740740740741
