0 0.5161458333333333 0.05138888888888889 0.03125 0.10277777777777777
0 0.6921875 0.14629629629629629 0.23229166666666667 0.29259259259259257
0 0.3416666666666667 0.034722222222222224 0.1 0.058333333333333334
0 0.43828125 0.22824074074074074 0.20989583333333334 0.287962962962963
0 0.5307291666666667 0.16203703703703703 0.19583333333333333 0.027777777777777776
0 0.234375 0.6074074074074074 0.36354166666666665 0.7462962962962963
0 0.5825520833333333 0.48148148148148145 0.42135416666666664 0.48148148148148145
0 0.88125 0.6106481481481482 0.2375 0.6564814814814814
0 0.07994791666666666 0.8333333333333334 0.15989583333333332 0.3333333333333333
0 0.16744791666666667 0.9300925925925926 0.04010416666666667 0.1398148148148148
0 0.32317708333333334 0.9717592592592592 0.10260416666666666 0.05648148148148148
