0 0.22109375 0.26990740740740743 0.4401041666666667 0.5398148148148149
0 0.6190104166666667 0.049074074074074076 0.13489583333333333 0.03518518518518519
0 0.5018229166666667 0.12083333333333333 0.1203125 0.0712962962962963
0 0.815625 0.26944444444444443 0.10625 0.28703703703703703
0 0.5552083333333333 0.5833333333333334 0.31354166666666666 0.8333333333333334
0 0.17317708333333334 0.25092592592592594 0.10885416666666667 0.07222222222222222
0 0.5169270833333334 0.25277777777777777 0.20885416666666667 0.06111111111111111
0 0.8674479166666667 0.5537037037037037 0.12239583333333333 0.2111111111111111
0 0.3265625 0.7671296296296296 0.13854166666666667 0.46574074074074073
0 0.61875 0.7925925925925926 0.041666666666666664 0.4148148148148148
0 0.91484375 0.8037037037037037 0.1703125 0.2
0 0.4861979166666667 0.9555555555555556 0.09427083333333333 0.08888888888888889
