0 0.2911458333333333 0.14629629629629629 0.40625 0.29259259259259257
0 0.7739583333333333 0.05185185185185185 0.103125 0.1037037037037037
0 0.31614583333333335 0.2625 0.23854166666666668 0.475
0 0.6098958333333333 0.18101851851851852 0.2552083333333333 0.2564814814814815
0 0.4588541666666667 0.2851851851851852 0.046875 0.32037037037037036
0 0.17265625 0.26296296296296295 0.06510416666666667 0.11666666666666667
0 0.37578125 0.274537037037037 0.12135416666666667 0.0712962962962963
0 0.6208333333333333 0.712037037037037 0.4822916666666667 0.575925925925926
0 0.15625 0.5921296296296297 0.3125 0.09166666666666666
0 0.3299479166666667 0.8347222222222223 0.5609375 0.33055555555555555
0 0.81171875 0.9851851851851852 0.05677083333333333 0.02962962962962963
