0 0.353125 0.05138888888888889 0.058333333333333334 0.10277777777777777
0 0.48020833333333335 0.038425925925925926 0.03229166666666667 0.07685185185185185
0 0.4986979166666667 0.30462962962962964 0.5588541666666667 0.47962962962962963
0 0.2703125 0.14212962962962963 0.23229166666666667 0.04722222222222222
0 0.09192708333333334 0.4597222222222222 0.1328125 0.4324074074074074
0 0.30885416666666665 0.6412037037037037 0.365625 0.7175925925925926
0 0.74140625 0.4199074074074074 0.1453125 0.11574074074074074
0 0.6265625 0.7064814814814815 0.071875 0.587037037037037
0 0.7536458333333333 0.7541666666666667 0.026041666666666668 0.49166666666666664
0 0.4244791666666667 0.8694444444444445 0.021875 0.2611111111111111
