0 0.4296875 0.04351851851851852 0.026041666666666668 0.08703703703703704
0 0.6786458333333333 0.08148148148148149 0.04375 0.16296296296296298
0 0.7083333333333334 0.03148148148148148 0.06979166666666667 0.06296296296296296
0 0.76875 0.15601851851851853 0.10833333333333334 0.19722222222222222
0 0.22578125 0.11388888888888889 0.12135416666666667 0.053703703703703705
0 0.34817708333333336 0.5592592592592592 0.23697916666666666 0.8814814814814815
0 0.6466145833333333 0.3111111111111111 0.1796875 0.05740740740740741
0 0.49140625 0.4393518518518518 0.16197916666666667 0.13055555555555556
0 0.9263020833333333 0.6925925925925925 0.14739583333333334 0.48703703703703705
0 0.7208333333333333 0.7638888888888888 0.128125 0.4722222222222222
0 0.5125 0.6986111111111111 0.3 0.12314814814814815
0 0.047135416666666666 0.7314814814814815 0.09427083333333333 0.07037037037037037
