0 0.5005208333333333 0.15925925925925927 0.4791666666666667 0.31851851851851853
0 0.3033854166666667 0.027314814814814816 0.20364583333333333 0.03425925925925926
0 0.16588541666666667 0.25462962962962965 0.09010416666666667 0.30185185185185187
0 0.34869791666666666 0.4273148148148148 0.2994791666666667 0.5898148148148148
0 0.7059895833333333 0.2300925925925926 0.1171875 0.08055555555555556
0 0.6080729166666666 0.43425925925925923 0.05364583333333333 0.4148148148148148
0 0.71640625 0.5277777777777778 0.024479166666666666 0.4740740740740741
0 0.4421875 0.7236111111111111 0.046875 0.5527777777777778
0 0.07473958333333333 0.6560185185185186 0.13072916666666667 0.24722222222222223
0 0.23203125 0.9148148148148149 0.15364583333333334 0.17037037037037037
0 0.7947916666666667 0.9217592592592593 0.134375 0.15648148148148147
