0 0.4231770833333333 0.07175925925925926 0.027604166666666666 0.14351851851851852
0 0.6778645833333333 0.11481481481481481 0.1578125 0.22962962962962963
0 0.7869791666666667 0.22361111111111112 0.11875 0.22870370370370371
0 0.20442708333333334 0.17546296296296296 0.1296875 0.062037037037037036
0 0.3341145833333333 0.5902777777777778 0.2546875 0.8194444444444444
0 0.65703125 0.4046296296296296 0.19427083333333334 0.06666666666666667
0 0.48802083333333335 0.5578703703703703 0.178125 0.15833333333333333
0 0.9427083333333334 0.7689814814814815 0.11458333333333333 0.4027777777777778
0 0.2916666666666667 0.8185185185185185 0.05520833333333333 0.362962962962963
0 0.7427083333333333 0.8319444444444445 0.14375 0.33611111111111114
0 0.5109375 0.8768518518518519 0.33645833333333336 0.15555555555555556
0 0.020572916666666666 0.899074074074074 0.04114583333333333 0.05185185185185185
