0 0.5018229166666667 0.12453703703703704 0.4546875 0.2490740740740741
0 0.1875 0.19305555555555556 0.078125 0.2657407407407407
0 0.3606770833333333 0.3416666666666667 0.2796875 0.5111111111111111
0 0.6953125 0.17314814814814813 0.10833333333333334 0.07222222222222222
0 0.6028645833333334 0.34953703703703703 0.049479166666666664 0.35833333333333334
0 0.7018229166666666 0.4310185185185185 0.022395833333333334 0.4027777777777778
0 0.44765625 0.6481481481481481 0.04635416666666667 0.5685185185185185
0 0.11119791666666666 0.5407407407407407 0.11927083333333334 0.2074074074074074
0 0.2596354166666667 0.7625 0.14114583333333333 0.14537037037037037
0 0.8096354166666667 0.7962962962962963 0.20052083333333334 0.1925925925925926
0 0.5924479166666666 0.8967592592592593 0.0421875 0.2064814814814815
