0 0.40729166666666666 0.03518518518518519 0.40520833333333334 0.07037037037037037
0 0.6166666666666667 0.25555555555555554 0.5385416666666667 0.5111111111111111
0 0.26796875 0.08981481481481482 0.14427083333333332 0.05185185185185185
0 0.29010416666666666 0.2439814814814815 0.33645833333333336 0.09722222222222222
0 0.22864583333333333 0.6185185185185185 0.45729166666666665 0.6018518518518519
0 0.2703125 0.4324074074074074 0.13020833333333334 0.10185185185185185
0 0.29713541666666665 0.5689814814814815 0.14427083333333332 0.14537037037037037
0 0.940625 0.7166666666666667 0.11875 0.4351851851851852
0 0.63671875 0.5523148148148148 0.3609375 0.06574074074074074
0 0.036458333333333336 0.8648148148148148 0.07291666666666667 0.27037037037037037
0 0.7020833333333333 0.9152777777777777 0.020833333333333332 0.16944444444444445
