0 0.18880208333333334 0.11574074074074074 0.15052083333333333 0.23148148148148148
0 0.32734375 0.20694444444444443 0.2265625 0.41388888888888886
0 0.4197916666666667 0.019444444444444445 0.15208333333333332 0.03888888888888889
0 0.76875 0.03148148148148148 0.08541666666666667 0.06296296296296296
0 0.6052083333333333 0.13148148148148148 0.24270833333333333 0.23148148148148148
0 0.46328125 0.22453703703703703 0.043229166666666666 0.2861111111111111
0 0.19296875 0.20555555555555555 0.06302083333333333 0.10555555555555556
0 0.38515625 0.21574074074074073 0.1140625 0.06481481481481481
0 0.4953125 0.674074074074074 0.815625 0.6518518518518519
0 0.1703125 0.49074074074074076 0.31666666666666665 0.08518518518518518
0 0.278125 0.8893518518518518 0.13333333333333333 0.2212962962962963
