0 0.28828125 0.021296296296296296 0.13385416666666666 0.04259259259259259
0 0.6036458333333333 0.1814814814814815 0.48125 0.362962962962963
0 0.31302083333333336 0.15 0.30520833333333336 0.07962962962962963
0 0.23411458333333332 0.4449074074074074 0.46822916666666664 0.47314814814814815
0 0.2986979166666667 0.30092592592592593 0.1171875 0.08148148148148149
0 0.32578125 0.4078703703703704 0.1234375 0.11203703703703703
0 0.91875 0.5546296296296296 0.1625 0.40185185185185185
0 0.6236979166666666 0.39537037037037037 0.3171875 0.05185185185185185
0 0.06953125 0.7652777777777777 0.1296875 0.46944444444444444
0 0.67421875 0.8018518518518518 0.0234375 0.3962962962962963
0 0.39348958333333334 0.9115740740740741 0.028645833333333332 0.17685185185185184
0 0.575 0.9314814814814815 0.153125 0.13703703703703704
0 0.8393229166666667 0.9699074074074074 0.15052083333333333 0.06018518518518518
