0 0.39296875 0.08611111111111111 0.4505208333333333 0.17222222222222222
0 0.6393229166666666 0.38101851851851853 0.6328125 0.7620370370370371
0 0.7536458333333333 0.04583333333333333 0.06770833333333333 0.09166666666666666
0 0.23515625 0.1962962962962963 0.1609375 0.06481481481481481
0 0.25364583333333335 0.3962962962962963 0.3854166666666667 0.12777777777777777
0 0.3890625 0.7467592592592592 0.042708333333333334 0.5064814814814815
0 0.2234375 0.6527777777777778 0.15208333333333332 0.1425925925925926
0 0.24713541666666666 0.8490740740740741 0.18072916666666666 0.21296296296296297
0 0.9786458333333333 0.8731481481481481 0.042708333333333334 0.2537037037037037
0 0.6596354166666667 0.8245370370370371 0.43697916666666664 0.09537037037037037
