0 0.278125 0.014814814814814815 0.09791666666666667 0.02962962962962963
0 0.6182291666666667 0.040740740740740744 0.32708333333333334 0.08148148148148149
0 0.73125 0.02638888888888889 0.0625 0.05277777777777778
0 0.53046875 0.18611111111111112 0.09635416666666667 0.2759259259259259
0 0.38385416666666666 0.06435185185185185 0.20625 0.026851851851851852
0 0.7427083333333333 0.36944444444444446 0.31354166666666666 0.5407407407407407
0 0.2984375 0.2199074074074074 0.12083333333333333 0.08796296296296297
0 0.41458333333333336 0.5407407407407407 0.26458333333333334 0.4888888888888889
0 0.53046875 0.41944444444444445 0.2515625 0.044444444444444446
0 0.18541666666666667 0.7708333333333334 0.37083333333333335 0.4583333333333333
0 0.6369791666666667 0.7768518518518519 0.49270833333333336 0.4462962962962963
0 0.9440104166666666 0.812962962962963 0.0953125 0.37407407407407406
