0 0.39921875 0.06388888888888888 0.4317708333333333 0.12777777777777777
0 0.6291666666666667 0.32546296296296295 0.590625 0.6509259259259259
0 0.74453125 0.027777777777777776 0.0640625 0.05555555555555555
0 0.24921875 0.14953703703703702 0.15364583333333334 0.05648148148148148
0 0.26979166666666665 0.3300925925925926 0.3645833333333333 0.11388888888888889
0 0.39453125 0.7083333333333334 0.04739583333333333 0.5833333333333334
0 0.24453125 0.5560185185185185 0.1421875 0.125
0 0.015625 0.5833333333333334 0.03125 0.12037037037037036
0 0.26953125 0.7236111111111111 0.1640625 0.18055555555555555
0 0.9625 0.8185185185185185 0.075 0.362962962962963
0 0.65 0.7027777777777777 0.4041666666666667 0.08148148148148149
0 0.0984375 0.9305555555555556 0.196875 0.1388888888888889
