0 0.409375 0.02638888888888889 0.3958333333333333 0.05277777777777778
0 0.6127604166666667 0.23472222222222222 0.5223958333333333 0.46944444444444444
0 0.27317708333333335 0.0712962962962963 0.14114583333333333 0.04814814814814815
0 0.29609375 0.21851851851851853 0.32760416666666664 0.09444444444444444
0 0.23020833333333332 0.5689814814814815 0.46041666666666664 0.562037037037037
0 0.27838541666666666 0.3962962962962963 0.1265625 0.0962962962962963
0 0.30546875 0.524537037037037 0.1390625 0.1361111111111111
0 0.9346354166666667 0.6962962962962963 0.13072916666666667 0.4740740740740741
0 0.6333333333333333 0.5092592592592593 0.35 0.06296296296296296
0 0.04765625 0.837037037037037 0.08489583333333334 0.32592592592592595
0 0.6950520833333333 0.8837962962962963 0.019270833333333334 0.2324074074074074
