0 0.271875 0.14629629629629629 0.346875 0.29259259259259257
0 0.5174479166666667 0.013888888888888888 0.08072916666666667 0.027777777777777776
0 0.7705729166666667 0.10555555555555556 0.08697916666666666 0.2037037037037037
0 0.5916666666666667 0.5023148148148148 0.8166666666666667 0.9361111111111111
0 0.22760416666666666 0.09398148148148149 0.09375 0.05277777777777778
0 0.5190104166666667 0.0962962962962963 0.1765625 0.044444444444444446
0 0.8013020833333333 0.3 0.09322916666666667 0.13703703703703704
0 0.846875 0.4583333333333333 0.159375 0.12222222222222222
0 0.9247395833333333 0.7518518518518519 0.15052083333333333 0.2777777777777778
0 0.06848958333333334 0.7587962962962963 0.13697916666666668 0.0787037037037037
0 0.9552083333333333 0.9087962962962963 0.08958333333333333 0.08981481481481482
0 0.5729166666666666 0.9393518518518519 0.017708333333333333 0.12129629629629629
0 0.22552083333333334 0.9444444444444444 0.42604166666666665 0.10740740740740741
