0 0.25364583333333335 0.22962962962962963 0.471875 0.45925925925925926
0 0.36796875 0.0125 0.0765625 0.025
0 0.7236979166666667 0.018055555555555554 0.0609375 0.03611111111111111
0 0.38828125 0.05648148148148148 0.0828125 0.05555555555555555
0 0.80234375 0.12175925925925926 0.11927083333333334 0.18425925925925926
0 0.5955729166666667 0.050462962962962966 0.22239583333333332 0.026851851851851852
0 0.2859375 0.4300925925925926 0.26979166666666665 0.6305555555555555
0 0.6208333333333333 0.31527777777777777 0.290625 0.33240740740740743
0 0.44557291666666665 0.45555555555555555 0.05572916666666667 0.43148148148148147
0 0.11640625 0.4203703703703704 0.07239583333333334 0.1537037037037037
0 0.3528645833333333 0.4361111111111111 0.13802083333333334 0.0962962962962963
0 0.6309895833333333 0.8199074074074074 0.5651041666666666 0.36018518518518516
0 0.91953125 0.8541666666666666 0.030729166666666665 0.05277777777777778
0 0.13203125 0.8898148148148148 0.2640625 0.12037037037037036
0 0.8739583333333333 0.9888888888888889 0.140625 0.022222222222222223
