0 0.5674479166666667 0.17037037037037037 0.5828125 0.34074074074074073
0 0.7283854166666667 0.027314814814814816 0.06302083333333333 0.05462962962962963
0 0.7541666666666667 0.09953703703703703 0.10833333333333334 0.062037037037037036
0 0.7885416666666667 0.23425925925925925 0.08541666666666667 0.12222222222222222
0 0.20182291666666666 0.22314814814814815 0.1359375 0.06851851851851852
0 0.5294270833333333 0.5467592592592593 0.13072916666666667 0.5157407407407407
0 0.33880208333333334 0.31574074074074077 0.26927083333333335 0.044444444444444446
0 0.8018229166666667 0.6888888888888889 0.3890625 0.6222222222222222
0 0.2109375 0.5976851851851852 0.15833333333333333 0.1675925925925926
0 0.36302083333333335 0.8740740740740741 0.38229166666666664 0.2518518518518518
0 0.63359375 0.9814814814814815 0.05677083333333333 0.037037037037037035
