0 0.5307291666666667 0.07175925925925926 0.08229166666666667 0.14351851851851852
0 0.7010416666666667 0.17685185185185184 0.24583333333333332 0.3537037037037037
0 0.33359375 0.07037037037037037 0.10364583333333334 0.06481481481481481
0 0.43411458333333336 0.28425925925925927 0.2203125 0.32037037037037036
0 0.53046875 0.20879629629629629 0.20572916666666666 0.030555555555555555
0 0.21432291666666667 0.6449074074074074 0.38697916666666665 0.7101851851851851
0 0.5846354166666666 0.5731481481481482 0.4484375 0.5518518518518518
0 0.8924479166666667 0.6203703703703703 0.21510416666666668 0.5518518518518518
0 0.8919270833333334 0.9597222222222223 0.21614583333333334 0.08055555555555556
0 0.01953125 0.962037037037037 0.0390625 0.07592592592592592
