0 0.42526041666666664 0.062037037037037036 0.0265625 0.12407407407407407
0 0.68203125 0.1037037037037037 0.05260416666666667 0.2074074074074074
0 0.715625 0.049074074074074076 0.07291666666666667 0.09814814814814815
0 0.7809895833333333 0.20046296296296295 0.11510416666666666 0.2175925925925926
0 0.21197916666666666 0.15416666666666667 0.12604166666666666 0.058333333333333334
0 0.33880208333333334 0.5796296296296296 0.2484375 0.8407407407407408
0 0.6533854166666667 0.37222222222222223 0.1890625 0.06296296296296296
0 0.4890625 0.5166666666666667 0.171875 0.14814814814814814
0 0.93671875 0.7379629629629629 0.1265625 0.42407407407407405
0 0.29713541666666665 0.7958333333333333 0.058854166666666666 0.4083333333333333
0 0.7354166666666667 0.8078703703703703 0.1375 0.38425925925925924
0 0.5111979166666667 0.8134259259259259 0.32447916666666665 0.14351851851851852
0 0.0296875 0.8458333333333333 0.059375 0.075
