0 0.29661458333333335 0.09537037037037037 0.3140625 0.19074074074074074
0 0.6013020833333333 0.36712962962962964 0.7505208333333333 0.7342592592592593
0 0.75078125 0.060648148148148145 0.0796875 0.12129629629629629
0 0.2520833333333333 0.025925925925925925 0.08645833333333333 0.044444444444444446
0 0.5200520833333333 0.026851851851851852 0.16302083333333334 0.037037037037037035
0 0.7747395833333334 0.19583333333333333 0.08177083333333333 0.11203703703703703
0 0.8119791666666667 0.32222222222222224 0.13958333333333334 0.0962962962962963
0 0.8713541666666667 0.5467592592592593 0.12291666666666666 0.20833333333333334
0 0.10286458333333333 0.5268518518518519 0.17239583333333333 0.11481481481481481
0 0.5604166666666667 0.8208333333333333 0.12083333333333333 0.35833333333333334
0 0.27109375 0.6907407407407408 0.3619791666666667 0.07777777777777778
0 0.8653645833333333 0.9027777777777778 0.0515625 0.19444444444444445
