0 0.3307291666666667 0.024537037037037038 0.26875 0.049074074074074076
0 0.5799479166666667 0.2050925925925926 0.5994791666666667 0.4101851851851852
0 0.7375 0.05185185185185185 0.06666666666666667 0.08148148148148149
0 0.7651041666666667 0.1412037037037037 0.11458333333333333 0.06759259259259259
0 0.8036458333333333 0.29074074074074074 0.09166666666666666 0.13518518518518519
0 0.18385416666666668 0.27870370370370373 0.14270833333333333 0.07592592592592592
0 0.5291666666666667 0.6504629629629629 0.13958333333333334 0.5953703703703703
0 0.3268229166666667 0.3824074074074074 0.2859375 0.04814814814814815
0 0.80625 0.7263888888888889 0.3875 0.5472222222222223
0 0.18619791666666666 0.7064814814814815 0.16822916666666668 0.19444444444444445
0 0.29453125 0.9412037037037037 0.0203125 0.1175925925925926
0 0.20234375 0.9648148148148148 0.12760416666666666 0.07037037037037037
