0 0.5669270833333333 0.0912037037037037 0.4890625 0.1824074074074074
0 0.7419270833333333 0.011574074074074073 0.0671875 0.023148148148148147
0 0.7536458333333333 0.10138888888888889 0.071875 0.09166666666666666
0 0.24479166666666666 0.09259259259259259 0.11875 0.05185185185185185
0 0.53046875 0.32083333333333336 0.10989583333333333 0.35648148148148145
0 0.3658854166666667 0.1625 0.23072916666666668 0.032407407407407406
0 0.7872395833333333 0.5782407407407407 0.3859375 0.7398148148148148
0 0.26510416666666664 0.3611111111111111 0.13645833333333332 0.11481481481481481
0 0.3958333333333333 0.7314814814814815 0.3072916666666667 0.5370370370370371
0 0.5307291666666667 0.6310185185185185 0.296875 0.062037037037037036
0 0.19427083333333334 0.9023148148148148 0.06666666666666667 0.19537037037037036
0 0.6674479166666667 0.9111111111111111 0.3359375 0.17777777777777778
0 0.01328125 0.9648148148148148 0.0265625 0.07037037037037037
