0 0.4088541666666667 0.12777777777777777 0.08958333333333333 0.25555555555555554
0 0.5575520833333333 0.005092592592592593 0.19010416666666666 0.010185185185185186
0 0.34609375 0.05138888888888889 0.0796875 0.058333333333333334
0 0.5578125 0.11990740740740741 0.25833333333333336 0.07314814814814814
0 0.26197916666666665 0.20185185185185187 0.18645833333333334 0.19444444444444445
0 0.62109375 0.6180555555555556 0.48072916666666665 0.7638888888888888
0 0.4828125 0.4675925925925926 0.14479166666666668 0.10555555555555556
0 0.33125 0.5236111111111111 0.6625 0.1935185185185185
0 0.09947916666666666 0.7236111111111111 0.19895833333333332 0.12314814814814815
0 0.37604166666666666 0.8981481481481481 0.34375 0.2037037037037037
0 0.90859375 0.9115740740740741 0.04010416666666667 0.17685185185185184
0 0.5375 0.9564814814814815 0.0875 0.08703703703703704
