0 0.3546875 0.022685185185185187 0.07604166666666666 0.04537037037037037
0 0.3963541666666667 0.10185185185185185 0.03958333333333333 0.2037037037037037
0 0.5565104166666667 0.08194444444444444 0.24739583333333334 0.06574074074074074
0 0.2765625 0.1587962962962963 0.17604166666666668 0.16944444444444445
0 0.64296875 0.5930555555555556 0.5088541666666667 0.8138888888888889
0 0.4856770833333333 0.3939814814814815 0.13697916666666668 0.09166666666666666
0 0.3419270833333333 0.4425925925925926 0.6234375 0.17037037037037037
0 0.11119791666666666 0.6064814814814815 0.22239583333333332 0.1259259259259259
0 0.46458333333333335 0.8398148148148148 0.4708333333333333 0.32037037037037036
0 0.4591145833333333 0.9495370370370371 0.0484375 0.10092592592592593
0 0.10416666666666667 0.9523148148148148 0.041666666666666664 0.09537037037037037
