0 0.33151041666666664 0.1875 0.2296875 0.375
0 0.4317708333333333 0.038425925925925926 0.025 0.07685185185185185
0 0.6114583333333333 0.03148148148148148 0.18958333333333333 0.053703703703703705
0 0.5583333333333333 0.06435185185185185 0.20833333333333334 0.025
0 0.32890625 0.12685185185185185 0.08697916666666666 0.07037037037037037
0 0.5609375 0.20925925925925926 0.284375 0.08703703703703704
0 0.22942708333333334 0.3050925925925926 0.2078125 0.2490740740740741
0 0.6127604166666667 0.6754629629629629 0.5005208333333333 0.649074074074074
0 0.47604166666666664 0.6486111111111111 0.165625 0.13796296296296295
0 0.3421875 0.7231481481481481 0.684375 0.2574074074074074
