0 0.25390625 0.22916666666666666 0.4713541666666667 0.4583333333333333
0 0.36822916666666666 0.0125 0.07604166666666666 0.025
0 0.38776041666666666 0.05740740740740741 0.0828125 0.05555555555555555
0 0.5807291666666666 0.05462962962962963 0.19166666666666668 0.018518518518518517
0 0.2359375 0.4305555555555556 0.10833333333333334 0.6296296296296297
0 0.6203125 0.31527777777777777 0.290625 0.33240740740740743
0 0.44557291666666665 0.4550925925925926 0.05572916666666667 0.4287037037037037
0 0.11692708333333333 0.4203703703703704 0.07135416666666666 0.1537037037037037
0 0.3528645833333333 0.4361111111111111 0.13802083333333334 0.09444444444444444
0 0.62734375 0.8481481481481481 0.4505208333333333 0.09444444444444444
0 0.13203125 0.8893518518518518 0.2640625 0.11944444444444445
0 0.9502604166666667 0.9717592592592592 0.027604166666666666 0.05648148148148148
