0 0.3640625 0.06388888888888888 0.030208333333333334 0.12777777777777777
0 0.4317708333333333 0.03888888888888889 0.036458333333333336 0.07777777777777778
0 0.54765625 0.11435185185185186 0.2203125 0.028703703703703703
0 0.3072916666666667 0.12824074074074074 0.3 0.03425925925925926
0 0.51875 0.35694444444444445 0.55 0.4305555555555556
0 0.59140625 0.3861111111111111 0.23802083333333332 0.15185185185185185
0 0.12942708333333333 0.4444444444444444 0.16302083333333334 0.1
0 0.5278645833333333 0.7671296296296296 0.1703125 0.46574074074074073
0 0.28932291666666665 0.5875 0.33697916666666666 0.06574074074074074
0 0.8958333333333334 0.950925925925926 0.025 0.09814814814814815
0 0.03229166666666667 0.9578703703703704 0.05416666666666667 0.08425925925925926
