0 0.40078125 0.22268518518518518 0.0765625 0.44537037037037036
0 0.6208333333333333 0.06898148148148148 0.13854166666666667 0.03425925925925926
0 0.5005208333333333 0.14351851851851852 0.12291666666666666 0.07592592592592592
0 0.2989583333333333 0.3638888888888889 0.07291666666666667 0.3685185185185185
0 0.16302083333333334 0.2796296296296296 0.11145833333333334 0.07592592592592592
0 0.5169270833333334 0.2828703703703704 0.21510416666666668 0.06388888888888888
0 0.65234375 0.28888888888888886 0.06302083333333333 0.06296296296296296
0 0.5559895833333334 0.5226851851851851 0.3255208333333333 0.06018518518518518
0 0.21041666666666667 0.5537037037037037 0.42083333333333334 0.07037037037037037
0 0.31796875 0.7916666666666666 0.14427083333333332 0.4166666666666667
