0 0.26666666666666666 0.01712962962962963 0.05 0.03425925925925926
0 0.34713541666666664 0.06342592592592593 0.06302083333333333 0.12685185185185185
0 0.4205729166666667 0.014814814814814815 0.08072916666666667 0.02962962962962963
0 0.47890625 0.050462962962962966 0.0328125 0.10092592592592593
0 0.5848958333333333 0.16157407407407406 0.25625 0.032407407407407406
0 0.2625 0.1699074074074074 0.23854166666666668 0.04722222222222222
0 0.67578125 0.22777777777777777 0.1515625 0.05555555555555555
0 0.48880208333333336 0.40555555555555556 0.5598958333333334 0.3962962962962963
0 0.07265625 0.512962962962963 0.1453125 0.4703703703703704
0 0.29765625 0.6601851851851852 0.3828125 0.6796296296296296
0 0.7484375 0.46805555555555556 0.14895833333333333 0.12314814814814815
0 0.6315104166666666 0.7305555555555555 0.0765625 0.5388888888888889
0 0.71328125 0.600925925925926 0.1671875 0.15185185185185185
0 0.59140625 0.9037037037037037 0.0390625 0.1925925925925926
