0 0.40911458333333334 0.021296296296296296 0.3963541666666667 0.04259259259259259
0 0.5513020833333333 0.13287037037037036 0.39947916666666666 0.2657407407407407
0 0.27317708333333335 0.0712962962962963 0.14114583333333333 0.04814814814814815
0 0.32786458333333335 0.21435185185185185 0.09427083333333333 0.0824074074074074
0 0.21588541666666666 0.22453703703703703 0.15052083333333333 0.03611111111111111
0 0.22994791666666667 0.5694444444444444 0.45989583333333334 0.5611111111111111
0 0.27838541666666666 0.3962962962962963 0.1265625 0.0962962962962963
0 0.30390625 0.524537037037037 0.14010416666666667 0.1361111111111111
0 0.6330729166666667 0.5092592592592593 0.3494791666666667 0.06111111111111111
0 0.04739583333333333 0.8375 0.084375 0.325
0 0.6950520833333333 0.8837962962962963 0.019270833333333334 0.2324074074074074
