0 0.19505208333333332 0.08657407407407407 0.1140625 0.17314814814814813
0 0.3098958333333333 0.16666666666666666 0.075 0.3333333333333333
0 0.6018229166666667 0.09351851851851851 0.22864583333333333 0.18703703703703703
0 0.4671875 0.16666666666666666 0.040625 0.2537037037037037
0 0.21197916666666666 0.15092592592592594 0.06041666666666667 0.09259259259259259
0 0.3932291666666667 0.1597222222222222 0.10729166666666666 0.058333333333333334
0 0.5986979166666667 0.3861111111111111 0.31927083333333334 0.04814814814814815
0 0.19661458333333334 0.4 0.2953125 0.07407407407407407
0 0.7153645833333333 0.49212962962962964 0.1921875 0.08796296296296297
0 0.4830729166666667 0.7296296296296296 0.7203125 0.5407407407407407
0 0.01796875 0.6365740740740741 0.0359375 0.125
0 0.2765625 0.8222222222222222 0.16979166666666667 0.35555555555555557
0 0.78046875 0.8726851851851852 0.11822916666666666 0.15833333333333333
0 0.6263020833333334 0.9462962962962963 0.021354166666666667 0.10740740740740741
0 0.88515625 0.9689814814814814 0.08489583333333334 0.062037037037037036
