0 0.47369791666666666 0.08888888888888889 0.1359375 0.17777777777777778
0 0.53046875 0.029166666666666667 0.1671875 0.019444444444444445
0 0.30963541666666666 0.1486111111111111 0.2526041666666667 0.13240740740740742
0 0.6213541666666667 0.12129629629629629 0.2125 0.06481481481481481
0 0.5622395833333333 0.16296296296296298 0.23385416666666667 0.03148148148148148
0 0.35130208333333335 0.3824074074074074 0.0671875 0.37962962962962965
0 0.3033854166666667 0.24212962962962964 0.0953125 0.08796296296296297
0 0.5658854166666667 0.34953703703703703 0.3255208333333333 0.11388888888888889
0 0.1890625 0.49212962962962964 0.21666666666666667 0.31203703703703706
0 0.6096354166666667 0.7694444444444445 0.5505208333333333 0.46111111111111114
0 0.42265625 0.9319444444444445 0.1171875 0.1361111111111111
0 0.22760416666666666 0.9425925925925925 0.171875 0.11481481481481481
