0 0.1984375 0.07268518518518519 0.096875 0.14537037037037037
0 0.31692708333333336 0.14722222222222223 0.07239583333333334 0.29444444444444445
0 0.5997395833333333 0.07916666666666666 0.22239583333333332 0.15833333333333333
0 0.4700520833333333 0.1375 0.0390625 0.23796296296296296
0 0.22213541666666667 0.12222222222222222 0.058854166666666666 0.08703703703703704
0 0.39765625 0.1310185185185185 0.1046875 0.05462962962962963
0 0.5963541666666666 0.34305555555555556 0.3072916666666667 0.04537037037037037
0 0.20885416666666667 0.35555555555555557 0.284375 0.06851851851851852
0 0.7078125 0.44074074074074077 0.18541666666666667 0.08148148148148149
0 0.48411458333333335 0.7050925925925926 0.6901041666666666 0.5898148148148148
0 0.028645833333333332 0.6111111111111112 0.057291666666666664 0.19074074074074074
0 0.2890625 0.7898148148148149 0.16041666666666668 0.4203703703703704
0 0.8083333333333333 0.8162037037037037 0.19270833333333334 0.20462962962962963
0 0.6223958333333334 0.9013888888888889 0.023958333333333335 0.19722222222222222
0 0.14270833333333333 0.9532407407407407 0.022916666666666665 0.09351851851851851
0 0.6940104166666666 0.9555555555555556 0.0703125 0.08888888888888889
