0 0.55703125 0.21203703703703702 0.4557291666666667 0.42407407407407405
0 0.39609375 0.09027777777777778 0.4401041666666667 0.09166666666666666
0 0.2421875 0.17222222222222222 0.15729166666666666 0.05925925925925926
0 0.2989583333333333 0.3560185185185185 0.10625 0.10833333333333334
0 0.16979166666666667 0.36898148148148147 0.17291666666666666 0.04537037037037037
0 0.3921875 0.7263888888888889 0.04583333333333333 0.5472222222222223
0 0.23411458333333332 0.6023148148148149 0.14635416666666667 0.13240740740740742
0 0.2591145833333333 0.7828703703703703 0.17239583333333333 0.19537037037037036
0 0.6541666666666667 0.7611111111111111 0.4197916666666667 0.08703703703703704
0 0.034895833333333334 0.9708333333333333 0.06979166666666667 0.058333333333333334
