0 0.4276041666666667 0.052314814814814814 0.026041666666666668 0.10462962962962963
0 0.68046875 0.07777777777777778 0.04739583333333333 0.15555555555555556
0 0.21901041666666668 0.13425925925925927 0.1234375 0.05555555555555555
0 0.34348958333333335 0.5694444444444444 0.2421875 0.8611111111111112
0 0.65 0.34120370370370373 0.18333333333333332 0.058333333333333334
0 0.4903645833333333 0.4773148148148148 0.1671875 0.13796296296296295
0 0.2109375 0.7726851851851851 0.090625 0.4546296296296296
0 0.51171875 0.7546296296296297 0.31197916666666664 0.13333333333333333
0 0.7278645833333334 0.7666666666666667 0.1328125 0.12962962962962962
0 0.03854166666666667 0.7893518518518519 0.07708333333333334 0.075
