0 0.5690104166666666 0.03425925925925926 0.2796875 0.06851851851851852
0 0.36484375 0.03425925925925926 0.07864583333333333 0.05555555555555555
0 0.2752604166666667 0.041666666666666664 0.12239583333333333 0.024074074074074074
0 0.23958333333333334 0.33935185185185185 0.4791666666666667 0.5138888888888888
0 0.33125 0.15138888888888888 0.10208333333333333 0.06018518518518518
0 0.3575520833333333 0.22824074074074074 0.10260416666666666 0.08055555555555556
0 0.6020833333333333 0.21898148148148147 0.253125 0.03796296296296296
0 0.1390625 0.6574074074074074 0.12395833333333334 0.6851851851851852
0 0.6471354166666666 0.6467592592592593 0.3765625 0.562037037037037
0 0.4114583333333333 0.7555555555555555 0.04375 0.4888888888888889
0 0.29375 0.8449074074074074 0.18125 0.16944444444444445
0 0.17786458333333333 0.9546296296296296 0.050520833333333334 0.09074074074074075
