0 0.42942708333333335 0.04351851851851852 0.025520833333333333 0.08703703703703704
0 0.678125 0.06574074074074074 0.042708333333333334 0.13148148148148148
0 0.22578125 0.11435185185185186 0.12135416666666667 0.05277777777777778
0 0.34817708333333336 0.5597222222222222 0.23697916666666666 0.8805555555555555
0 0.6471354166666666 0.3111111111111111 0.17864583333333334 0.05740740740740741
0 0.49140625 0.4398148148148148 0.16197916666666667 0.12962962962962962
0 0.21614583333333334 0.7518518518518519 0.09895833333333333 0.4962962962962963
0 0.5125 0.6986111111111111 0.3 0.12314814814814815
0 0.7208333333333333 0.7101851851851851 0.128125 0.12037037037037036
0 0.046875 0.7310185185185185 0.09375 0.06944444444444445
