0 0.325 0.011111111111111112 0.16666666666666666 0.022222222222222223
0 0.5864583333333333 0.005555555555555556 0.18854166666666666 0.011111111111111112
0 0.6486979166666667 0.04537037037037037 0.1234375 0.03888888888888889
0 0.4861979166666667 0.15462962962962962 0.4348958333333333 0.2462962962962963
0 0.17838541666666666 0.2199074074074074 0.0828125 0.28055555555555556
0 0.35546875 0.5527777777777778 0.28802083333333334 0.8944444444444445
0 0.6997395833333333 0.19814814814814816 0.11302083333333333 0.07407407407407407
0 0.6059895833333333 0.3875 0.09114583333333333 0.3861111111111111
0 0.6697916666666667 0.2763888888888889 0.125 0.08796296296296297
0 0.0984375 0.5462962962962963 0.11770833333333333 0.13703703703703704
0 0.2484375 0.8291666666666667 0.146875 0.16018518518518518
0 0.8231770833333333 0.8662037037037037 0.21197916666666666 0.21203703703703702
0 0.5932291666666667 0.9310185185185185 0.040625 0.13796296296296295
