0 0.5307291666666667 0.11898148148148148 0.090625 0.23796296296296296
0 0.3927083333333333 0.014351851851851852 0.19375 0.023148148148148147
0 0.3151041666666667 0.14953703703703702 0.1125 0.075
0 0.7385416666666667 0.19814814814814816 0.041666666666666664 0.15185185185185185
0 0.63515625 0.1912037037037037 0.1890625 0.13240740740740742
0 0.4236979166666667 0.4166666666666667 0.24322916666666666 0.40370370370370373
0 0.5302083333333333 0.3189814814814815 0.23020833333333332 0.03796296296296296
0 0.21458333333333332 0.5611111111111111 0.3489583333333333 0.2777777777777778
0 0.6609375 0.5009259259259259 0.30625 0.13148148148148148
0 0.5765625 0.5879629629629629 0.34270833333333334 0.06666666666666667
0 0.28515625 0.8245370370370371 0.058854166666666666 0.3509259259259259
0 0.18697916666666667 0.7652777777777777 0.134375 0.20092592592592592
0 0.43723958333333335 0.9416666666666667 0.21302083333333333 0.11666666666666667
0 0.6020833333333333 0.975925925925926 0.04479166666666667 0.04814814814814815
