0 0.3463541666666667 0.007407407407407408 0.12604166666666666 0.014814814814814815
0 0.64765625 0.0375 0.12239583333333333 0.03611111111111111
0 0.4856770833333333 0.1449074074074074 0.42864583333333334 0.23981481481481481
0 0.18255208333333334 0.2074074074074074 0.08072916666666667 0.2740740740740741
0 0.3578125 0.5370370370370371 0.284375 0.8796296296296297
0 0.6979166666666666 0.18564814814814815 0.11041666666666666 0.07314814814814814
0 0.6049479166666667 0.37083333333333335 0.0890625 0.375
0 0.66796875 0.26342592592592595 0.1234375 0.08425925925925926
0 0.10546875 0.5259259259259259 0.11614583333333334 0.13333333333333333
0 0.25338541666666664 0.7976851851851852 0.14427083333333332 0.1527777777777778
0 0.8169270833333333 0.8337962962962963 0.20572916666666666 0.20092592592592592
0 0.5921875 0.9152777777777777 0.03958333333333333 0.16944444444444445
