0 0.40703125 0.02962962962962963 0.4036458333333333 0.05925925925925926
0 0.55234375 0.14675925925925926 0.40989583333333335 0.2935185185185185
0 0.2677083333333333 0.08842592592592592 0.14375 0.05092592592592592
0 0.3229166666666667 0.23935185185185184 0.09583333333333334 0.08796296296296297
0 0.20755208333333333 0.24953703703703703 0.1546875 0.03796296296296296
0 0.22838541666666667 0.6180555555555556 0.45677083333333335 0.6027777777777777
0 0.27057291666666666 0.4324074074074074 0.13072916666666667 0.10185185185185185
0 0.29713541666666665 0.5685185185185185 0.14322916666666666 0.14444444444444443
0 0.6369791666666667 0.5523148148148148 0.36041666666666666 0.06574074074074074
0 0.03619791666666667 0.8652777777777778 0.07239583333333334 0.26944444444444443
0 0.7020833333333333 0.9157407407407407 0.020833333333333332 0.1685185185185185
