0 0.17916666666666667 0.1310185185185185 0.15729166666666666 0.262037037037037
0 0.39140625 0.028703703703703703 0.20677083333333332 0.05740740740740741
0 0.28880208333333335 0.23194444444444445 0.08072916666666667 0.44722222222222224
0 0.6075520833333333 0.15555555555555556 0.2484375 0.24444444444444444
0 0.4609375 0.25462962962962965 0.04479166666666667 0.30185185185185187
0 0.18255208333333334 0.2337962962962963 0.0640625 0.11018518518518519
0 0.3807291666666667 0.2449074074074074 0.11770833333333333 0.06759259259259259
0 0.6067708333333334 0.5212962962962963 0.35833333333333334 0.05925925925925926
0 0.16041666666666668 0.5393518518518519 0.32083333333333336 0.09166666666666666
0 0.7411458333333333 0.6546296296296297 0.21979166666666666 0.11296296296296296
0 0.4817708333333333 0.8074074074074075 0.8260416666666667 0.3851851851851852
0 0.30390625 0.9263888888888889 0.06197916666666667 0.14722222222222223
