0 0.34765625 0.1712962962962963 0.2015625 0.3425925925925926
0 0.63828125 0.020370370370370372 0.12864583333333332 0.040740740740740744
0 0.5578125 0.046296296296296294 0.203125 0.025925925925925925
0 0.3338541666666667 0.10694444444444444 0.084375 0.06574074074074074
0 0.56015625 0.18518518518518517 0.27760416666666665 0.08333333333333333
0 0.23802083333333332 0.2773148148148148 0.20208333333333334 0.23425925925925925
0 0.6200520833333333 0.6592592592592592 0.5036458333333333 0.6814814814814815
0 0.4783854166666667 0.5990740740740741 0.15989583333333332 0.12777777777777777
0 0.3390625 0.6685185185185185 0.678125 0.2388888888888889
0 0.07760416666666667 0.9486111111111111 0.15520833333333334 0.09537037037037037
