0 0.5388020833333333 0.0375 0.26927083333333335 0.075
0 0.5895833333333333 0.016203703703703703 0.11979166666666667 0.032407407407407406
0 0.26901041666666664 0.024537037037037038 0.10677083333333333 0.04351851851851852
0 0.5302083333333333 0.20787037037037037 0.09895833333333333 0.2935185185185185
0 0.3807291666666667 0.08194444444444444 0.21145833333333333 0.026851851851851852
0 0.7291666666666666 0.17314814814814813 0.019791666666666666 0.07777777777777778
0 0.29270833333333335 0.24444444444444444 0.12291666666666666 0.09259259259259259
0 0.6471354166666666 0.2967592592592593 0.2109375 0.16203703703703703
0 0.76171875 0.31203703703703706 0.0453125 0.17592592592592593
0 0.4109375 0.5879629629629629 0.271875 0.524074074074074
0 0.53046875 0.4564814814814815 0.25885416666666666 0.046296296296296294
0 0.68125 0.6930555555555555 0.3541666666666667 0.17314814814814813
0 0.18177083333333333 0.7875 0.36354166666666665 0.3509259259259259
0 0.584375 0.8078703703703703 0.39791666666666664 0.08796296296296297
0 0.2677083333333333 0.9462962962962963 0.01875 0.10740740740740741
0 0.06927083333333334 0.9569444444444445 0.040625 0.08611111111111111
