0 0.41432291666666665 0.11342592592592593 0.043229166666666666 0.22685185185185186
0 0.5096354166666667 0.02175925925925926 0.09635416666666667 0.04351851851851852
0 0.34010416666666665 0.1675925925925926 0.051041666666666666 0.2537037037037037
0 0.22135416666666666 0.11342592592592593 0.09479166666666666 0.05462962962962963
0 0.51875 0.11435185185185186 0.18020833333333333 0.04722222222222222
0 0.6453125 0.11898148148148148 0.07916666666666666 0.04537037037037037
0 0.5510416666666667 0.2777777777777778 0.2625 0.03888888888888889
0 0.26510416666666664 0.2972222222222222 0.35520833333333335 0.046296296296296294
0 0.49947916666666664 0.6504629629629629 0.6552083333333333 0.6657407407407407
0 0.6080729166666666 0.6865740740740741 0.2994791666666667 0.24166666666666667
0 0.06041666666666667 0.8203703703703704 0.12083333333333333 0.08333333333333333
0 0.3380208333333333 0.9819444444444444 0.052083333333333336 0.03611111111111111
