0 0.42526041666666664 0.06712962962962964 0.027604166666666666 0.13425925925925927
0 0.31875 0.2662037037037037 0.24375 0.43796296296296294
0 0.6169270833333333 0.0824074074074074 0.20260416666666667 0.05925925925925926
0 0.56015625 0.12083333333333333 0.22239583333333332 0.028703703703703703
0 0.3143229166666667 0.19305555555555556 0.09114583333333333 0.08055555555555556
0 0.5638020833333334 0.2884259259259259 0.3078125 0.10277777777777777
0 0.21015625 0.41435185185185186 0.20572916666666666 0.275
0 0.6028645833333334 0.7287037037037037 0.5109375 0.5425925925925926
0 0.4700520833333333 0.8236111111111111 0.18489583333333334 0.17314814814814813
0 0.2911458333333333 0.8777777777777778 0.5822916666666667 0.24444444444444444
0 0.5895833333333333 0.9490740740740741 0.10416666666666667 0.10185185185185185
