0 0.28567708333333336 0.009259259259259259 0.1171875 0.018518518518518517
0 0.37734375 0.013888888888888888 0.06510416666666667 0.027777777777777776
0 0.5674479166666667 0.016666666666666666 0.2682291666666667 0.03333333333333333
0 0.24114583333333334 0.3074074074074074 0.4822916666666667 0.5222222222222223
0 0.34036458333333336 0.1087962962962963 0.09739583333333333 0.05462962962962963
0 0.3658854166666667 0.1787037037037037 0.09739583333333333 0.07222222222222222
0 0.5859375 0.17592592592592593 0.215625 0.024074074074074074
0 0.16276041666666666 0.6282407407407408 0.11197916666666667 0.7435185185185185
0 0.6390625 0.5453703703703704 0.35 0.48518518518518516
0 0.4231770833333333 0.7148148148148148 0.06927083333333334 0.5703703703703704
0 0.31197916666666664 0.7166666666666667 0.16770833333333332 0.14444444444444443
0 0.029947916666666668 0.7875 0.059895833333333336 0.04722222222222222
0 0.18828125 0.8861111111111111 0.08489583333333334 0.22777777777777777
