0 0.27734375 0.1763888888888889 0.4296875 0.3527777777777778
0 0.38697916666666665 0.016203703703703703 0.057291666666666664 0.032407407407407406
0 0.5760416666666667 0.007407407407407408 0.17708333333333334 0.014814814814814815
0 0.2643229166666667 0.32314814814814813 0.09322916666666667 0.5277777777777778
0 0.6140625 0.23055555555555557 0.2677083333333333 0.2833333333333333
0 0.45390625 0.3472222222222222 0.049479166666666664 0.3574074074074074
0 0.15208333333333332 0.32037037037037036 0.06770833333333333 0.12962962962962962
0 0.36770833333333336 0.3337962962962963 0.12708333333333333 0.0787037037037037
0 0.61640625 0.6685185185185185 0.39947916666666666 0.07592592592592592
0 0.14739583333333334 0.700925925925926 0.2947916666666667 0.09444444444444444
0 0.77578125 0.8171296296296297 0.2640625 0.18425925925925926
0 0.3893229166666667 0.8930555555555556 0.0234375 0.21388888888888888
0 0.13255208333333332 0.9120370370370371 0.24635416666666668 0.17592592592592593
