0 0.42526041666666664 0.062037037037037036 0.0265625 0.12407407407407407
0 0.6817708333333333 0.08935185185185185 0.052083333333333336 0.1787037037037037
0 0.21171875 0.15416666666666667 0.1265625 0.058333333333333334
0 0.33880208333333334 0.5791666666666667 0.2484375 0.8416666666666667
0 0.653125 0.37175925925925923 0.18958333333333333 0.062037037037037036
0 0.4890625 0.5162037037037037 0.171875 0.14722222222222223
0 0.20625 0.7944444444444444 0.08125 0.4111111111111111
0 0.51171875 0.8134259259259259 0.32447916666666665 0.14351851851851852
0 0.73515625 0.8263888888888888 0.13697916666666668 0.1398148148148148
0 0.0296875 0.8467592592592592 0.059375 0.0712962962962963
