0 0.41458333333333336 0.1527777777777778 0.065625 0.3055555555555556
0 0.62265625 0.007407407407407408 0.10677083333333333 0.014814814814814815
0 0.5033854166666667 0.06296296296296296 0.11197916666666667 0.06296296296296296
0 0.32526041666666666 0.2388888888888889 0.0578125 0.29259259259259257
0 0.2 0.17407407407407408 0.10104166666666667 0.06111111111111111
0 0.5182291666666666 0.1763888888888889 0.19479166666666667 0.05092592592592592
0 0.6479166666666667 0.1814814814814815 0.07291666666666667 0.05
0 0.5526041666666667 0.36527777777777776 0.284375 0.04537037037037037
0 0.24244791666666668 0.38842592592592595 0.3848958333333333 0.05462962962962963
0 0.32760416666666664 0.7050925925925926 0.39375 0.5898148148148148
0 0.6177083333333333 0.8564814814814815 0.33541666666666664 0.28703703703703703
0 0.5380208333333333 0.9537037037037037 0.090625 0.09259259259259259
