0 0.35572916666666665 0.014814814814814815 0.08333333333333333 0.02962962962962963
0 0.6221354166666667 0.03888888888888889 0.14739583333333334 0.07777777777777778
0 0.7020833333333333 0.044444444444444446 0.022916666666666665 0.08888888888888889
0 0.44244791666666666 0.17824074074074073 0.20052083333333334 0.2601851851851852
0 0.5307291666666667 0.11898148148148148 0.18645833333333334 0.025
0 0.28177083333333336 0.2708333333333333 0.28020833333333334 0.16944444444444445
0 0.6330729166666667 0.2351851851851852 0.24010416666666667 0.08148148148148149
0 0.5661458333333333 0.287962962962963 0.265625 0.040740740740740744
0 0.31953125 0.5875 0.09010416666666667 0.5231481481481481
0 0.27005208333333336 0.3921296296296296 0.10677083333333333 0.11574074074074074
0 0.5723958333333333 0.5365740740740741 0.37916666666666665 0.15462962962962962
0 0.12552083333333333 0.7453703703703703 0.23958333333333334 0.4351851851851852
0 0.5854166666666667 0.9009259259259259 0.5822916666666667 0.19814814814814816
0 0.87890625 0.9342592592592592 0.03802083333333333 0.13148148148148148
