0 0.36015625 0.020833333333333332 0.08697916666666666 0.041666666666666664
0 0.24479166666666666 0.2490740740740741 0.4875 0.4981481481481482
0 0.3854166666666667 0.07407407407407407 0.08541666666666667 0.05740740740740741
0 0.584375 0.07222222222222222 0.20104166666666667 0.018518518518518517
0 0.22447916666666667 0.47175925925925927 0.11458333333333333 0.6712962962962963
0 0.6236979166666666 0.34675925925925927 0.2994791666666667 0.3527777777777778
0 0.4421875 0.49675925925925923 0.057291666666666664 0.4583333333333333
0 0.10338541666666666 0.4583333333333333 0.0734375 0.16296296296296298
0 0.34713541666666664 0.475 0.1421875 0.10185185185185185
0 0.6315104166666666 0.9199074074074074 0.4713541666666667 0.10092592592592593
0 0.121875 0.9495370370370371 0.24375 0.10092592592592593
