0 0.5098958333333333 0.1 0.3927083333333333 0.2
0 0.5760416666666667 0.09861111111111111 0.17916666666666667 0.08611111111111111
0 0.23203125 0.13194444444444445 0.1234375 0.05462962962962963
0 0.5296875 0.38287037037037036 0.115625 0.4046296296296296
0 0.3578125 0.20787037037037037 0.24166666666666667 0.03425925925925926
0 0.7671875 0.3560185185185185 0.023958333333333335 0.09351851851851851
0 0.25 0.4305555555555556 0.14166666666666666 0.12777777777777777
0 0.6703125 0.5050925925925925 0.2552083333333333 0.2324074074074074
0 0.809375 0.5398148148148149 0.052083333333333336 0.22407407407407406
0 0.38671875 0.7722222222222223 0.32864583333333336 0.45555555555555555
0 0.5307291666666667 0.7384259259259259 0.31979166666666664 0.06944444444444445
