0 0.4315104166666667 0.03425925925925926 0.025520833333333333 0.06851851851851852
0 0.675 0.05555555555555555 0.03333333333333333 0.1111111111111111
0 0.23229166666666667 0.09490740740740741 0.11875 0.05092592592592592
0 0.35260416666666666 0.5273148148148148 0.23125 0.8564814814814815
0 0.64375 0.2828703703703704 0.17395833333333333 0.05277777777777778
0 0.49296875 0.4041666666666667 0.1578125 0.12314814814814815
0 0.22083333333333333 0.7319444444444444 0.10729166666666666 0.5361111111111111
0 0.5130208333333334 0.6453703703703704 0.28958333333333336 0.11481481481481481
0 0.7135416666666666 0.6560185185185186 0.12395833333333334 0.11203703703703703
0 0.054947916666666666 0.6736111111111112 0.10989583333333333 0.06944444444444445
