0 0.54765625 0.07314814814814814 0.35572916666666665 0.14629629629629629
0 0.35052083333333334 0.1050925925925926 0.08541666666666667 0.06574074074074074
0 0.2518229166666667 0.11342592592592593 0.13385416666666666 0.028703703703703703
0 0.23619791666666667 0.4074074074074074 0.47239583333333335 0.48703703703703705
0 0.3106770833333333 0.24583333333333332 0.1109375 0.07314814814814814
0 0.3375 0.3416666666666667 0.115625 0.1
0 0.61875 0.33101851851851855 0.3 0.04537037037037037
0 0.09635416666666667 0.725462962962963 0.125 0.549074074074074
0 0.6669270833333333 0.7583333333333333 0.44114583333333335 0.48333333333333334
0 0.4015625 0.8523148148148149 0.03125 0.2953703703703704
