0 0.5552083333333333 0.19398148148148148 0.44375 0.38796296296296295
0 0.39895833333333336 0.0712962962962963 0.43125 0.08703703703703704
0 0.24921875 0.15 0.15364583333333334 0.05555555555555555
0 0.30572916666666666 0.325 0.103125 0.1037037037037037
0 0.1796875 0.337037037037037 0.16770833333333332 0.044444444444444446
0 0.39453125 0.7083333333333334 0.04739583333333333 0.5833333333333334
0 0.24427083333333333 0.5550925925925926 0.14166666666666666 0.12314814814814815
0 0.015625 0.5833333333333334 0.03125 0.12037037037037036
0 0.26953125 0.7226851851851852 0.1640625 0.18055555555555555
0 0.6494791666666667 0.7037037037037037 0.403125 0.08148148148148149
0 0.09791666666666667 0.9305555555555556 0.19583333333333333 0.1388888888888889
