0 0.6463541666666667 0.027777777777777776 0.12083333333333333 0.03518518518518519
0 0.48515625 0.13240740740740742 0.42135416666666664 0.23333333333333334
0 0.18776041666666668 0.19305555555555556 0.07760416666666667 0.2657407407407407
0 0.3606770833333333 0.5087962962962963 0.2796875 0.8453703703703703
0 0.6953125 0.1726851851851852 0.10833333333333334 0.0712962962962963
0 0.6033854166666667 0.35138888888888886 0.08802083333333334 0.36203703703703705
0 0.6658854166666667 0.24814814814814815 0.12135416666666667 0.08148148148148149
0 0.11380208333333333 0.5009259259259259 0.1140625 0.12777777777777777
0 0.2598958333333333 0.7625 0.14166666666666666 0.14537037037037037
0 0.81015625 0.7962962962962963 0.20052083333333334 0.1925925925925926
0 0.5921875 0.8972222222222223 0.041666666666666664 0.20555555555555555
