0 0.4200520833333333 0.09027777777777778 0.04114583333333333 0.18055555555555555
0 0.3484375 0.1259259259259259 0.04583333333333333 0.23148148148148148
0 0.23541666666666666 0.07592592592592592 0.08958333333333333 0.05
0 0.5192708333333333 0.07731481481481481 0.17291666666666666 0.041666666666666664
0 0.6408854166666667 0.08148148148148149 0.07552083333333333 0.040740740740740744
0 0.55 0.2263888888888889 0.24895833333333334 0.03611111111111111
0 0.278125 0.24351851851851852 0.3385416666666667 0.04259259259259259
0 0.4869791666666667 0.5467592592592593 0.5822916666666667 0.5731481481481482
0 0.6028645833333334 0.586574074074074 0.2796875 0.2101851851851852
0 0.07552083333333333 0.7 0.15104166666666666 0.07592592592592592
0 0.5083333333333333 0.8976851851851851 0.025 0.20462962962962963
0 0.23828125 0.8722222222222222 0.4078125 0.09814814814814815
