0 0.42265625 0.07777777777777778 0.028645833333333332 0.15555555555555556
0 0.53046875 0.013425925925925926 0.1640625 0.019444444444444445
0 0.31354166666666666 0.12777777777777777 0.25 0.12777777777777777
0 0.6190104166666667 0.10185185185185185 0.2078125 0.06296296296296296
0 0.5611979166666666 0.1412037037037037 0.22760416666666666 0.030555555555555555
0 0.3567708333333333 0.3476851851851852 0.06354166666666666 0.35648148148148145
0 0.30911458333333336 0.21712962962962962 0.09322916666666667 0.08425925925925926
0 0.56484375 0.31851851851851853 0.31614583333333335 0.10740740740740741
0 0.19947916666666668 0.45231481481481484 0.21145833333333333 0.2916666666666667
0 0.6059895833333333 0.7486111111111111 0.5296875 0.5027777777777778
0 0.4671875 0.8916666666666667 0.19270833333333334 0.18888888888888888
0 0.29713541666666665 0.9087962962962963 0.2796875 0.1824074074074074
0 0.09114583333333333 0.9740740740740741 0.10416666666666667 0.05185185185185185
