0 0.63203125 0.02175925925925926 0.1140625 0.04351851851851852
0 0.44635416666666666 0.1337962962962963 0.19270833333333334 0.2361111111111111
0 0.5302083333333333 0.08009259259259259 0.17916666666666667 0.023148148148148147
0 0.29244791666666664 0.21851851851851853 0.2713541666666667 0.1537037037037037
0 0.62734375 0.1865740740740741 0.22864583333333333 0.075
0 0.5643229166666667 0.23472222222222222 0.2515625 0.03611111111111111
0 0.33359375 0.49675925925925923 0.0796875 0.4564814814814815
0 0.284375 0.3263888888888889 0.10208333333333333 0.10462962962962963
0 0.5697916666666667 0.45555555555555555 0.35625 0.13703703703703704
0 0.153125 0.6324074074074074 0.23125 0.37777777777777777
0 0.6036458333333333 0.8430555555555556 0.5822916666666667 0.3138888888888889
0 0.72890625 0.9699074074074074 0.05364583333333333 0.06018518518518518
