0 0.3065104166666667 0.016203703703703703 0.20052083333333334 0.032407407407407406
0 0.57578125 0.011111111111111112 0.2140625 0.022222222222222223
0 0.6505208333333333 0.05555555555555555 0.12604166666666666 0.037037037037037035
0 0.4856770833333333 0.16944444444444445 0.44114583333333335 0.2537037037037037
0 0.17265625 0.2351851851851852 0.0859375 0.28888888888888886
0 0.35260416666666666 0.5592592592592592 0.29270833333333335 0.8814814814814815
0 0.7028645833333333 0.2125 0.1140625 0.07685185185185185
0 0.6072916666666667 0.4097222222222222 0.09375 0.4009259259259259
0 0.6721354166666667 0.2935185185185185 0.12760416666666666 0.09074074074074075
0 0.08958333333333333 0.5740740740740741 0.11979166666666667 0.1425925925925926
0 0.24088541666666666 0.8699074074074075 0.14947916666666666 0.16944444444444445
0 0.8309895833333333 0.8986111111111111 0.21822916666666667 0.20277777777777778
0 0.5958333333333333 0.9523148148148148 0.022916666666666665 0.09537037037037037
