0 0.4114583333333333 0.16666666666666666 0.06770833333333333 0.3333333333333333
0 0.6145833333333334 0.014814814814814815 0.12916666666666668 0.02962962962962963
0 0.503125 0.07916666666666666 0.11458333333333333 0.06388888888888888
0 0.31953125 0.26481481481481484 0.0609375 0.3074074074074074
0 0.19322916666666667 0.19537037037037036 0.10104166666666667 0.06481481481481481
0 0.5177083333333333 0.19814814814814816 0.19791666666666666 0.053703703703703705
0 0.6518229166666667 0.2037037037037037 0.0765625 0.05185185185185185
0 0.553125 0.3976851851851852 0.29270833333333335 0.049074074074074076
0 0.23411458333333332 0.4222222222222222 0.3963541666666667 0.05740740740740741
0 0.2609375 0.7226851851851852 0.2916666666666667 0.5546296296296296
0 0.5559895833333334 0.8837962962962963 0.21822916666666667 0.2324074074074074
0 0.7682291666666666 0.9666666666666667 0.05625 0.06666666666666667
