0 0.2825520833333333 0.014814814814814815 0.09010416666666667 0.02962962962962963
0 0.5622395833333333 0.029166666666666667 0.2140625 0.058333333333333334
0 0.53046875 0.1837962962962963 0.09635416666666667 0.27870370370370373
0 0.3841145833333333 0.06435185185185185 0.20677083333333332 0.025
0 0.2984375 0.2199074074074074 0.11979166666666667 0.08796296296296297
0 0.64375 0.26805555555555555 0.20520833333333333 0.15462962962962962
0 0.7533854166666667 0.2814814814814815 0.0421875 0.1685185185185185
0 0.41458333333333336 0.5407407407407407 0.2635416666666667 0.4888888888888889
0 0.5307291666666667 0.41898148148148145 0.25104166666666666 0.04351851851851852
0 0.18515625 0.7162037037037037 0.3703125 0.3453703703703704
0 0.6755208333333333 0.6393518518518518 0.340625 0.16203703703703703
0 0.58203125 0.7467592592592592 0.3828125 0.0824074074074074
0 0.2721354166666667 0.9125 0.030729166666666665 0.175
0 0.09010416666666667 0.9217592592592593 0.051041666666666666 0.15648148148148147
