0 0.5166666666666667 0.04675925925925926 0.325 0.09351851851851851
0 0.5825520833333333 0.024074074074074074 0.1390625 0.04814814814814815
0 0.2625 0.040740740740740744 0.11145833333333334 0.046296296296296294
0 0.5302083333333333 0.2324074074074074 0.10104166666666667 0.30925925925925923
0 0.3770833333333333 0.10092592592592593 0.21666666666666667 0.027777777777777776
0 0.2859375 0.2722222222222222 0.12604166666666666 0.0962962962962963
0 0.6502604166666667 0.32685185185185184 0.2171875 0.17407407407407408
0 0.7682291666666666 0.34444444444444444 0.04791666666666667 0.18333333333333332
0 0.4075520833333333 0.6388888888888888 0.2796875 0.562962962962963
0 0.5302083333333333 0.4962962962962963 0.2677083333333333 0.05
0 0.6877604166666667 0.750462962962963 0.3692708333333333 0.18796296296296297
0 0.17369791666666667 0.8439814814814814 0.34739583333333335 0.31203703703703706
0 0.5869791666666667 0.874537037037037 0.415625 0.09537037037037037
