0 0.25755208333333335 0.022685185185185187 0.10989583333333333 0.04351851851851852
0 0.3684895833333333 0.3578703703703704 0.2109375 0.6620370370370371
0 0.6328125 0.17731481481481481 0.15625 0.04351851851851852
0 0.49661458333333336 0.274537037037037 0.14010416666666667 0.09722222222222222
0 0.25364583333333335 0.5814814814814815 0.10104166666666667 0.5203703703703704
0 0.10130208333333333 0.45787037037037037 0.12760416666666666 0.10462962962962963
0 0.51484375 0.46064814814814814 0.2515625 0.08796296296296297
0 0.67734375 0.4699074074074074 0.0828125 0.08611111111111111
0 0.5614583333333333 0.8032407407407407 0.39791666666666664 0.08981481481481482
0 0.19739583333333333 0.850462962962963 0.39479166666666665 0.10277777777777777
0 0.31588541666666664 0.9472222222222222 0.018229166666666668 0.10555555555555556
