0 0.5765625 0.020833333333333332 0.21666666666666667 0.023148148148148147
0 0.3033854166666667 0.027314814814814816 0.20364583333333333 0.03425925925925926
0 0.6520833333333333 0.06851851851851852 0.12708333333333333 0.03888888888888889
0 0.4864583333333333 0.18564814814814815 0.4510416666666667 0.262037037037037
0 0.16588541666666667 0.25462962962962965 0.0890625 0.3
0 0.3489583333333333 0.5662037037037037 0.2989583333333333 0.8675925925925926
0 0.7057291666666666 0.23055555555555557 0.11666666666666667 0.07962962962962963
0 0.6091145833333333 0.43657407407407406 0.09635416666666667 0.41944444444444445
0 0.675 0.31527777777777777 0.13020833333333334 0.09537037037037037
0 0.078125 0.6078703703703704 0.12291666666666666 0.15092592592592594
0 0.23229166666666667 0.9152777777777777 0.15416666666666667 0.16944444444444445
0 0.7947916666666667 0.9222222222222223 0.134375 0.15555555555555556
