0 0.5083333333333333 0.08842592592592592 0.3802083333333333 0.17685185185185184
0 0.575 0.08009259259259259 0.175 0.08425925925925926
0 0.23880208333333333 0.11296296296296296 0.12135416666666667 0.053703703703703705
0 0.5294270833333333 0.34953703703703703 0.11302083333333333 0.3824074074074074
0 0.3619791666666667 0.18425925925925926 0.23645833333333333 0.03333333333333333
0 0.759375 0.3199074074074074 0.022916666666666665 0.08796296296296297
0 0.25755208333333335 0.39490740740740743 0.13802083333333334 0.12129629629629629
0 0.6661458333333333 0.4652777777777778 0.24583333333333332 0.21944444444444444
0 0.80078125 0.4962962962962963 0.0515625 0.21481481481481482
0 0.39114583333333336 0.7513888888888889 0.3177083333333333 0.49722222222222223
0 0.5307291666666667 0.6828703703703703 0.3072916666666667 0.06574074074074074
0 0.6143229166666667 0.9490740740740741 0.21510416666666668 0.10185185185185185
