0 0.6458333333333334 0.013888888888888888 0.08020833333333334 0.027777777777777776
0 0.44817708333333334 0.11388888888888889 0.1890625 0.22592592592592592
0 0.53046875 0.06296296296296296 0.17447916666666666 0.022222222222222223
0 0.2984375 0.3958333333333333 0.26458333333333334 0.549074074074074
0 0.6252604166666667 0.1638888888888889 0.22239583333333332 0.07037037037037037
0 0.5638020833333334 0.20972222222222223 0.2453125 0.03425925925925926
0 0.2911458333333333 0.29768518518518516 0.10104166666666667 0.09722222222222222
0 0.5682291666666667 0.41759259259259257 0.34479166666666666 0.12777777777777777
0 0.16536458333333334 0.5819444444444445 0.2265625 0.35462962962962963
0 0.6049479166666667 0.8166666666666667 0.5692708333333333 0.36666666666666664
0 0.7416666666666667 0.9333333333333333 0.09375 0.13333333333333333
