0 0.20182291666666666 0.05787037037037037 0.07864583333333333 0.11574074074074074
0 0.32369791666666664 0.12777777777777777 0.06927083333333334 0.25555555555555554
0 0.47161458333333334 0.11018518518518519 0.03697916666666667 0.22037037037037038
0 0.59765625 0.06388888888888888 0.21614583333333334 0.12777777777777777
0 0.23177083333333334 0.09537037037037037 0.057291666666666664 0.08148148148148149
0 0.4015625 0.1037037037037037 0.10104166666666667 0.05
0 0.5934895833333333 0.300462962962963 0.2953125 0.041666666666666664
0 0.22135416666666666 0.31203703703703706 0.27395833333333336 0.06296296296296296
0 0.7002604166666667 0.38981481481481484 0.1765625 0.07592592592592592
0 0.48515625 0.6481481481481481 0.6588541666666666 0.5703703703703704
0 0.0390625 0.586574074074074 0.078125 0.25462962962962965
0 0.30234375 0.7583333333333333 0.1515625 0.48333333333333334
0 0.7924479166666667 0.7291666666666666 0.1796875 0.1824074074074074
0 0.6208333333333333 0.8597222222222223 0.028125 0.28055555555555556
0 0.15442708333333333 0.9050925925925926 0.0421875 0.18981481481481483
0 0.7229166666666667 0.9069444444444444 0.14270833333333333 0.18611111111111112
0 0.8416666666666667 0.9824074074074074 0.041666666666666664 0.03518518518518519
