0 0.44921875 0.10046296296296296 0.18489583333333334 0.20092592592592592
0 0.53046875 0.046296296296296294 0.17135416666666667 0.022222222222222223
0 0.30416666666666664 0.17083333333333334 0.25833333333333336 0.1398148148148148
0 0.6231770833333333 0.14212962962962963 0.2171875 0.06944444444444445
0 0.5627604166666667 0.18611111111111112 0.2390625 0.03333333333333333
0 0.34609375 0.41759259259259257 0.0703125 0.40185185185185185
0 0.29713541666666665 0.26944444444444443 0.09739583333333333 0.09259259259259259
0 0.56640625 0.38287037037037036 0.3359375 0.12129629629629629
0 0.17682291666666666 0.5351851851851852 0.2234375 0.3333333333333333
0 0.6143229166666667 0.7925925925925926 0.5734375 0.4148148148148148
0 0.3890625 0.9675925925925926 0.065625 0.06481481481481481
0 0.15182291666666667 0.9796296296296296 0.05677083333333333 0.040740740740740744
