0 0.2515625 0.040740740740740744 0.11145833333333334 0.046296296296296294
0 0.36484375 0.39675925925925926 0.21510416666666668 0.7046296296296296
0 0.6354166666666666 0.20277777777777778 0.16041666666666668 0.046296296296296294
0 0.49557291666666664 0.3037037037037037 0.14427083333333332 0.1037037037037037
0 0.24296875 0.6347222222222222 0.10989583333333333 0.5601851851851852
0 0.08697916666666666 0.49907407407407406 0.13125 0.1111111111111111
0 0.5143229166666666 0.5032407407407408 0.2609375 0.09351851851851851
0 0.6875 0.5120370370370371 0.09583333333333334 0.09074074074074075
0 0.56328125 0.8740740740740741 0.41510416666666666 0.0962962962962963
0 0.19453125 0.924537037037037 0.3890625 0.11388888888888889
