0 0.26979166666666665 0.1925925925925926 0.44375 0.3851851851851852
0 0.39401041666666664 0.024537037037037038 0.07864583333333333 0.049074074074074076
0 0.5776041666666667 0.021296296296296296 0.18125 0.016666666666666666
0 0.2557291666666667 0.35648148148148145 0.09791666666666667 0.5592592592592592
0 0.6161458333333333 0.2574074074074074 0.275 0.29814814814814816
0 0.4510416666666667 0.38055555555555554 0.052083333333333336 0.37962962962962965
0 0.14114583333333333 0.3523148148148148 0.06875 0.1361111111111111
0 0.36302083333333335 0.36574074074074076 0.13020833333333334 0.08333333333333333
0 0.61953125 0.7240740740740741 0.41510416666666666 0.07962962962962963
0 0.14296875 0.7583333333333333 0.2859375 0.10185185185185185
0 0.7869791666666667 0.8875 0.275 0.19537037037037036
0 0.3880208333333333 0.925 0.014583333333333334 0.15
0 0.07395833333333333 0.9472222222222222 0.14791666666666667 0.10555555555555556
