0 0.37942708333333336 0.26666666666666666 0.19635416666666666 0.5333333333333333
0 0.6255208333333333 0.10972222222222222 0.14479166666666668 0.03796296296296296
0 0.49921875 0.1925925925925926 0.1296875 0.08333333333333333
0 0.2830729166666667 0.4425925925925926 0.0828125 0.4222222222222222
0 0.14036458333333332 0.3449074074074074 0.1171875 0.08611111111111111
0 0.5158854166666667 0.3476851851851852 0.22864583333333333 0.0712962962962963
0 0.6635416666666667 0.35509259259259257 0.07395833333333333 0.06944444444444445
0 0.5578125 0.6226851851851852 0.35104166666666664 0.06944444444444445
0 0.20572916666666666 0.6592592592592592 0.4114583333333333 0.08148148148148149
0 0.29921875 0.8467592592592592 0.1546875 0.30648148148148147
