0 0.384375 0.14074074074074075 0.13541666666666666 0.2814814814814815
0 0.5565104166666667 0.014814814814814815 0.1953125 0.024074074074074074
0 0.3421875 0.06851851851851852 0.08125 0.06111111111111111
0 0.55859375 0.1412037037037037 0.26510416666666664 0.075
0 0.25442708333333336 0.22685185185185186 0.19114583333333332 0.2074074074074074
0 0.6184895833333334 0.6305555555555555 0.4828125 0.7388888888888889
0 0.48151041666666666 0.5083333333333333 0.14947916666666666 0.11296296296296296
0 0.33359375 0.5685185185185185 0.6671875 0.20925925925925926
0 0.09270833333333334 0.8092592592592592 0.18541666666666667 0.08148148148148149
0 0.2903645833333333 0.9314814814814815 0.20052083333333334 0.13703703703703704
0 0.9276041666666667 0.9462962962962963 0.03854166666666667 0.10740740740740741
