0 0.37604166666666666 0.2912037037037037 0.20208333333333334 0.5824074074074074
0 0.6278645833333333 0.13148148148148148 0.1484375 0.03888888888888889
0 0.4981770833333333 0.21712962962962962 0.1328125 0.08796296296296297
0 0.27369791666666665 0.48564814814814816 0.08802083333333334 0.45092592592592595
0 0.128125 0.37962962962962965 0.12083333333333333 0.09074074074074075
0 0.5153645833333333 0.38333333333333336 0.2359375 0.07592592592592592
0 0.6705729166666666 0.39166666666666666 0.0828125 0.07222222222222222
0 0.5591145833333333 0.6796296296296296 0.3651041666666667 0.07777777777777778
0 0.20338541666666668 0.7180555555555556 0.40677083333333336 0.08796296296296297
0 0.30078125 0.8777777777777778 0.08385416666666666 0.24444444444444444
0 0.24635416666666668 0.9148148148148149 0.07604166666666666 0.17037037037037037
