0 0.35625 0.0962962962962963 0.041666666666666664 0.1925925925925926
0 0.42473958333333334 0.06851851851851852 0.0390625 0.13703703703703704
0 0.24921875 0.041666666666666664 0.0828125 0.046296296296296294
0 0.5197916666666667 0.04351851851851852 0.16666666666666666 0.03888888888888889
0 0.6364583333333333 0.04722222222222222 0.07291666666666667 0.03888888888888889
0 0.5486979166666667 0.17824074074074073 0.23697916666666666 0.032407407407407406
0 0.2908854166666667 0.19444444444444445 0.32135416666666666 0.03888888888888889
0 0.5013020833333334 0.4648148148148148 0.5692708333333333 0.5111111111111111
0 0.59765625 0.49907407407407406 0.26197916666666665 0.18333333333333332
0 0.08880208333333334 0.5708333333333333 0.17760416666666667 0.12129629629629629
0 0.49322916666666666 0.8402777777777778 0.06875 0.3194444444444444
0 0.2609375 0.7462962962962963 0.37604166666666666 0.08333333333333333
