0 0.4114583333333333 0.1259259259259259 0.04479166666666667 0.2518518518518518
0 0.5044270833333333 0.03009259259259259 0.1078125 0.058333333333333334
0 0.33515625 0.19027777777777777 0.05260416666666667 0.2657407407407407
0 0.21432291666666667 0.13240740740740742 0.09739583333333333 0.05740740740740741
0 0.5182291666666666 0.13518518518518519 0.184375 0.04814814814814815
0 0.6479166666666667 0.1388888888888889 0.08020833333333334 0.046296296296296294
0 0.5513020833333333 0.3055555555555556 0.26927083333333335 0.040740740740740744
0 0.25755208333333335 0.3263888888888889 0.3651041666666667 0.049074074074074076
0 0.4666666666666667 0.6731481481481482 0.6145833333333334 0.6537037037037037
0 0.6111979166666667 0.7412037037037037 0.3109375 0.25833333333333336
0 0.052083333333333336 0.8851851851851852 0.10416666666666667 0.09074074074074075
