0 0.30546875 0.010185185185185186 0.09635416666666667 0.020370370370370372
0 0.43307291666666664 0.009722222222222222 0.08802083333333334 0.019444444444444445
0 0.39166666666666666 0.13796296296296295 0.03333333333333333 0.2388888888888889
0 0.2953125 0.07592592592592592 0.10729166666666666 0.03888888888888889
0 0.6276041666666666 0.24212962962962964 0.17708333333333334 0.24537037037037038
0 0.20911458333333333 0.3037037037037037 0.14739583333333334 0.07592592592592592
0 0.28541666666666665 0.6523148148148148 0.29270833333333335 0.6953703703703704
0 0.5122395833333333 0.3773148148148148 0.14114583333333333 0.05462962962962963
0 0.6671875 0.40370370370370373 0.103125 0.07777777777777778
0 0.65625 0.5976851851851852 0.22604166666666667 0.08796296296296297
0 0.45755208333333336 0.8162037037037037 0.20989583333333334 0.21944444444444444
