0 0.4158854166666667 0.062037037037037036 0.049479166666666664 0.12407407407407407
0 0.2677083333333333 0.06805555555555555 0.11666666666666667 0.04722222222222222
0 0.5380208333333333 0.10787037037037037 0.21979166666666666 0.028703703703703703
0 0.4513020833333333 0.3162037037037037 0.6005208333333333 0.38055555555555554
0 0.15130208333333334 0.44074074074074077 0.1640625 0.09814814814814815
0 0.7734375 0.5254629629629629 0.036458333333333336 0.05648148148148148
0 0.6674479166666667 0.5532407407407407 0.08072916666666667 0.03981481481481482
0 0.28229166666666666 0.5768518518518518 0.33541666666666664 0.06666666666666667
0 0.6421875 0.8217592592592593 0.41354166666666664 0.3527777777777778
0 0.12421875 0.950462962962963 0.024479166666666666 0.09907407407407408
0 0.028385416666666666 0.9518518518518518 0.05364583333333333 0.0962962962962963
0 0.5861979166666667 0.9708333333333333 0.0453125 0.058333333333333334
