0 0.39739583333333334 0.10648148148148148 0.03125 0.21296296296296297
0 0.30390625 0.04537037037037037 0.10260416666666666 0.03518518518518519
0 0.6229166666666667 0.19583333333333333 0.16875 0.22685185185185186
0 0.22395833333333334 0.25416666666666665 0.14166666666666666 0.06944444444444445
0 0.29765625 0.6277777777777778 0.27760416666666665 0.7444444444444445
0 0.51328125 0.32175925925925924 0.13385416666666666 0.049074074074074076
0 0.66015625 0.3449074074074074 0.0984375 0.06944444444444445
0 0.64921875 0.5180555555555556 0.21302083333333333 0.07685185185185185
0 0.4622395833333333 0.7101851851851851 0.19635416666666666 0.1925925925925926
0 0.25338541666666664 0.9060185185185186 0.0328125 0.18796296296296297
0 0.5361979166666667 0.9666666666666667 0.13802083333333334 0.06666666666666667
