0 0.38828125 0.011111111111111112 0.19322916666666667 0.022222222222222223
0 0.5911458333333334 0.08425925925925926 0.21979166666666666 0.1037037037037037
0 0.38359375 0.3578703703703704 0.3171875 0.49907407407407406
0 0.6427083333333333 0.1837962962962963 0.18958333333333333 0.13055555555555556
0 0.1625 0.31805555555555554 0.11666666666666667 0.08055555555555556
0 0.5723958333333333 0.3212962962962963 0.3177083333333333 0.06851851851851852
0 0.21510416666666668 0.5532407407407407 0.35 0.26944444444444443
0 0.66328125 0.48703703703703705 0.31302083333333336 0.12777777777777777
0 0.5752604166666667 0.5717592592592593 0.3390625 0.06574074074074074
0 0.033854166666666664 0.8731481481481481 0.06770833333333333 0.2537037037037037
0 0.4674479166666667 0.9337962962962963 0.2682291666666667 0.13240740740740742
0 0.359375 0.9574074074074074 0.13333333333333333 0.08518518518518518
0 0.615625 0.9652777777777778 0.06770833333333333 0.06944444444444445
0 0.11015625 0.9666666666666667 0.10260416666666666 0.06666666666666667
0 0.7466145833333333 0.9847222222222223 0.06302083333333333 0.030555555555555555
