0 0.59453125 0.11481481481481481 0.31614583333333335 0.22962962962962963
0 0.33046875 0.03333333333333333 0.3015625 0.06111111111111111
0 0.24739583333333334 0.3537037037037037 0.4947916666666667 0.5518518518518518
0 0.34088541666666666 0.1476851851851852 0.10260416666666666 0.06018518518518518
0 0.70703125 0.2689814814814815 0.12864583333333332 0.049074074074074076
0 0.5166666666666667 0.3101851851851852 0.11041666666666666 0.10740740740740741
0 0.23515625 0.6555555555555556 0.34739583333333335 0.6888888888888889
0 0.434375 0.750462962962963 0.035416666666666666 0.49907407407407406
0 0.665625 0.5898148148148148 0.371875 0.13333333333333333
0 0.1765625 0.8546296296296296 0.058333333333333334 0.29074074074074074
0 0.31927083333333334 0.8314814814814815 0.18229166666666666 0.1648148148148148
0 0.0234375 0.9111111111111111 0.046875 0.03888888888888889
0 0.20625 0.9481481481481482 0.053125 0.1037037037037037
