0 0.38828125 0.2111111111111111 0.09010416666666667 0.4222222222222222
0 0.6026041666666667 0.013888888888888888 0.128125 0.027777777777777776
0 0.490625 0.07824074074074074 0.11458333333333333 0.06574074074074074
0 0.6145833333333334 0.1875 0.234375 0.08055555555555556
0 0.17916666666666667 0.1986111111111111 0.10416666666666667 0.06388888888888888
0 0.50546875 0.19722222222222222 0.19739583333333333 0.05185185185185185
0 0.1875 0.324537037037037 0.15 0.08055555555555556
0 0.5403645833333334 0.39444444444444443 0.2921875 0.05
0 0.22604166666666667 0.7143518518518519 0.41041666666666665 0.5712962962962963
0 0.6096354166666667 0.7416666666666667 0.3515625 0.5166666666666667
0 0.7955729166666666 0.7851851851851852 0.09114583333333333 0.11296296296296296
