0 0.3697916666666667 0.019444444444444445 0.08541666666666667 0.03888888888888889
0 0.26119791666666664 0.24814814814814815 0.48072916666666665 0.4962962962962963
0 0.6057291666666667 0.038425925925925926 0.225 0.07685185185185185
0 0.6794270833333333 0.1037037037037037 0.1078125 0.03518518518518519
0 0.5184895833333333 0.13240740740740742 0.0921875 0.07592592592592592
0 0.21796875 0.5666666666666667 0.4359375 0.8666666666666667
0 0.46588541666666666 0.48842592592592593 0.0546875 0.4527777777777778
0 0.63828125 0.3189814814814815 0.2953125 0.08611111111111111
0 0.12369791666666667 0.4550925925925926 0.07552083333333333 0.16203703703703703
0 0.36640625 0.46805555555555556 0.14322916666666666 0.09907407407407408
0 0.7770833333333333 0.6537037037037037 0.17916666666666667 0.16111111111111112
0 0.6596354166666667 0.899074074074074 0.4557291666666667 0.1
