0 0.36276041666666664 0.024537037037037038 0.0734375 0.049074074074074076
0 0.5716145833333334 0.5050925925925925 0.5140625 0.9898148148148148
0 0.43984375 0.059722222222222225 0.07552083333333333 0.06759259259259259
0 0.49973958333333335 0.14212962962962963 0.1078125 0.05648148148148148
0 0.2955729166666667 0.1814814814814815 0.2984375 0.04259259259259259
0 0.2453125 0.2662037037037037 0.115625 0.08796296296296297
0 0.12786458333333334 0.3939814814814815 0.1390625 0.06944444444444445
0 0.225 0.5050925925925925 0.45 0.15092592592592594
0 0.39791666666666664 0.8106481481481481 0.027083333333333334 0.3787037037037037
0 0.20364583333333333 0.8212962962962963 0.16875 0.17592592592592593
0 0.30442708333333335 0.9652777777777778 0.05260416666666667 0.06944444444444445
0 0.8135416666666667 0.9824074074074074 0.0625 0.03518518518518519
