0 0.3223958333333333 0.05185185185185185 0.13645833333333332 0.1037037037037037
0 0.39401041666666664 0.02962962962962963 0.07135416666666666 0.05925925925925926
0 0.5786458333333333 0.5296296296296297 0.56875 0.9407407407407408
0 0.43359375 0.1162037037037037 0.08072916666666667 0.07685185185185185
0 0.4973958333333333 0.2111111111111111 0.115625 0.06666666666666667
0 0.27708333333333335 0.25601851851851853 0.321875 0.049074074074074076
0 0.21953125 0.35555555555555557 0.12760416666666666 0.1037037037037037
0 0.08828125 0.5101851851851852 0.15260416666666668 0.08333333333333333
0 0.2203125 0.6449074074074074 0.440625 0.18425925925925926
0 0.38671875 0.8939814814814815 0.018229166666666668 0.21203703703703702
0 0.6169270833333333 0.9439814814814815 0.1171875 0.11203703703703703
0 0.0921875 0.9657407407407408 0.057291666666666664 0.06851851851851852
