0 0.60234375 0.362962962962963 0.5213541666666667 0.725925925925926
0 0.5028645833333333 0.04675925925925926 0.09739583333333333 0.04722222222222222
0 0.32109375 0.07731481481481481 0.26614583333333336 0.03425925925925926
0 0.2796875 0.14351851851851852 0.09895833333333333 0.06851851851851852
0 0.18046875 0.24212962962962964 0.12239583333333333 0.05277777777777778
0 0.25807291666666665 0.32407407407407407 0.4078125 0.1111111111111111
0 0.31953125 0.7041666666666667 0.22239583333333332 0.5916666666666667
0 0.25885416666666666 0.5476851851851852 0.14270833333333333 0.12129629629629629
0 0.022916666666666665 0.6023148148148149 0.04583333333333333 0.16574074074074074
0 0.80078125 0.8166666666666667 0.20052083333333334 0.11296296296296296
0 0.47291666666666665 0.8935185185185185 0.09583333333333334 0.21296296296296297
0 0.12786458333333334 0.9171296296296296 0.2557291666666667 0.16574074074074074
0 0.01875 0.9587962962962963 0.03333333333333333 0.0824074074074074
0 0.33984375 0.9768518518518519 0.0453125 0.046296296296296294
