0 0.4234375 0.04537037037037037 0.18645833333333334 0.09074074074074075
0 0.6151041666666667 0.041666666666666664 0.2 0.053703703703703705
0 0.34479166666666666 0.07546296296296297 0.20208333333333334 0.09166666666666666
0 0.5583333333333333 0.0763888888888889 0.21145833333333333 0.028703703703703703
0 0.28567708333333336 0.24027777777777778 0.2109375 0.2657407407407407
0 0.4859375 0.2273148148148148 0.44375 0.08981481481481482
0 0.22135416666666666 0.3282407407407407 0.22291666666666668 0.2638888888888889
0 0.5994791666666667 0.6884259259259259 0.4739583333333333 0.6231481481481481
0 0.39348958333333334 0.48703703703703705 0.1109375 0.1537037037037037
0 0.4817708333333333 0.6884259259259259 0.17083333333333334 0.14537037037037037
0 0.19505208333333332 0.7921296296296296 0.39010416666666664 0.11203703703703703
0 0.1015625 0.9523148148148148 0.08333333333333333 0.09537037037037037
