0 0.26979166666666665 0.1 0.121875 0.05185185185185185
0 0.4192708333333333 0.10787037037037037 0.10833333333333334 0.03425925925925926
0 0.3690104166666667 0.28564814814814815 0.0453125 0.3212962962962963
0 0.2604166666666667 0.19907407407407407 0.12395833333333334 0.05185185185185185
0 0.6458333333333334 0.4013888888888889 0.21041666666666667 0.39537037037037037
0 0.14739583333333334 0.5111111111111111 0.17395833333333333 0.10925925925925926
0 0.23098958333333333 0.7569444444444444 0.3567708333333333 0.4861111111111111
0 0.5083333333333333 0.6185185185185185 0.16979166666666667 0.07962962962962963
0 0.6955729166666667 0.6578703703703703 0.1234375 0.11574074074074074
0 0.6890625 0.9425925925925925 0.28541666666666665 0.11481481481481481
