0 0.2989583333333333 0.15925925925925927 0.41041666666666665 0.31851851851851853
0 0.66484375 0.01574074074074074 0.09739583333333333 0.02962962962962963
0 0.5200520833333333 0.03935185185185185 0.0828125 0.062037037037037036
0 0.2791666666666667 0.5189814814814815 0.5583333333333333 0.962037037037037
0 0.47630208333333335 0.30787037037037035 0.0453125 0.33425925925925926
0 0.625 0.18518518518518517 0.25833333333333336 0.06666666666666667
0 0.18020833333333333 0.28703703703703703 0.06875 0.12037037037037036
0 0.3893229166666667 0.2967592592592593 0.12447916666666667 0.07314814814814814
0 0.7385416666666667 0.4310185185185185 0.14895833333333333 0.11574074074074074
0 0.6359375 0.600925925925926 0.3729166666666667 0.06851851851851852
0 0.7197916666666667 0.7560185185185185 0.23125 0.12129629629629629
