0 0.42109375 0.11018518518518519 0.23697916666666666 0.22037037037037038
0 0.6567708333333333 0.010648148148148148 0.06979166666666667 0.021296296296296296
0 0.24869791666666666 0.06111111111111111 0.09114583333333333 0.04814814814814815
0 0.5630208333333333 0.06342592592592593 0.24270833333333333 0.03981481481481482
0 0.2989583333333333 0.18935185185185185 0.265625 0.14166666666666666
0 0.62734375 0.15648148148148147 0.22864583333333333 0.07037037037037037
0 0.5625 0.2013888888888889 0.24270833333333333 0.03425925925925926
0 0.24661458333333333 0.449537037037037 0.2296875 0.33055555555555555
0 0.49921875 0.40694444444444444 0.5661458333333333 0.125
0 0.16067708333333333 0.5541666666666667 0.2515625 0.3824074074074074
0 0.5880208333333333 0.8106481481481481 0.5239583333333333 0.3787037037037037
0 0.3614583333333333 0.7893518518518519 0.134375 0.23425925925925925
