0 0.4921875 0.08194444444444444 0.36875 0.1638888888888889
0 0.24921875 0.12777777777777777 0.12552083333333333 0.05555555555555555
0 0.6638020833333333 0.17453703703703705 0.1265625 0.049074074074074076
0 0.3528645833333333 0.20092592592592592 0.24114583333333334 0.03518518518518519
0 0.6078125 0.31805555555555554 0.28125 0.1675925925925926
0 0.34713541666666664 0.6787037037037037 0.3984375 0.6425925925925926
0 0.6796875 0.48703703703703705 0.253125 0.22592592592592592
0 0.5869791666666667 0.736574074074074 0.43645833333333334 0.12685185185185185
0 0.05026041666666667 0.7699074074074074 0.10052083333333334 0.075
0 0.16848958333333333 0.9476851851851852 0.15052083333333333 0.10462962962962963
0 0.6338541666666667 0.9703703703703703 0.12708333333333333 0.05925925925925926
