0 0.5888020833333333 0.04814814814814815 0.20989583333333334 0.09444444444444444
0 0.3921875 0.29305555555555557 0.2989583333333333 0.44722222222222224
0 0.6375 0.1388888888888889 0.18020833333333333 0.11851851851851852
0 0.18151041666666667 0.2601851851851852 0.1109375 0.07222222222222222
0 0.5703125 0.26342592592592595 0.30104166666666665 0.06018518518518518
0 0.234375 0.4675925925925926 0.33125 0.23703703703703705
0 0.6549479166666666 0.41064814814814815 0.29322916666666665 0.11203703703703703
0 0.571875 0.48564814814814816 0.31666666666666665 0.05648148148148148
0 0.09088541666666666 0.7777777777777778 0.18177083333333333 0.4444444444444444
0 0.490625 0.8569444444444444 0.7854166666666667 0.23425925925925925
