0 0.40963541666666664 0.06157407407407407 0.027604166666666666 0.12314814814814815
0 0.61484375 0.10092592592592593 0.15260416666666668 0.20185185185185187
0 0.25286458333333334 0.15601851851851853 0.1296875 0.058333333333333334
0 0.321875 0.5791666666666667 0.24895833333333334 0.8416666666666667
0 0.5151041666666667 0.21157407407407408 0.12083333333333333 0.03981481481481482
0 0.6463541666666667 0.2300925925925926 0.08854166666666667 0.05648148148148148
0 0.63515625 0.36712962962962964 0.18802083333333333 0.06018518518518518
0 0.4708333333333333 0.5125 0.17083333333333334 0.14537037037037037
0 0.27682291666666664 0.7944444444444444 0.06197916666666667 0.4111111111111111
0 0.6697916666666667 0.7814814814814814 0.38645833333333335 0.20925925925925926
0 0.4908854166666667 0.8055555555555556 0.3223958333333333 0.13703703703703704
0 0.01953125 0.8356481481481481 0.0390625 0.049074074074074076
