0 0.41041666666666665 0.16666666666666666 0.26145833333333335 0.3333333333333333
0 0.6268229166666667 0.04583333333333333 0.15989583333333332 0.09166666666666666
0 0.22239583333333332 0.1398148148148148 0.09895833333333333 0.05740740740740741
0 0.5658854166666667 0.14212962962962963 0.26510416666666664 0.04722222222222222
0 0.27421875 0.2962962962962963 0.2921875 0.17592592592592593
0 0.6377604166666667 0.25416666666666665 0.25364583333333335 0.08425925925925926
0 0.5658854166666667 0.3106481481481482 0.2713541666666667 0.04351851851851852
0 0.21692708333333333 0.625462962962963 0.23177083333333334 0.44722222222222224
0 0.49557291666666664 0.5717592592592593 0.6463541666666667 0.16018518518518518
0 0.11953125 0.7870370370370371 0.2390625 0.42592592592592593
0 0.4361979166666667 0.9291666666666667 0.2911458333333333 0.14166666666666666
0 0.8356770833333333 0.9569444444444445 0.0296875 0.08611111111111111
0 0.2669270833333333 0.9638888888888889 0.028645833333333332 0.07222222222222222
0 0.6151041666666667 0.9666666666666667 0.06354166666666666 0.06666666666666667
