0 0.32135416666666666 0.08981481481481482 0.1875 0.17962962962962964
0 0.47291666666666665 0.07685185185185185 0.3375 0.06481481481481481
0 0.2794270833333333 0.15462962962962962 0.1796875 0.1685185185185185
0 0.64375 0.5902777777777778 0.5041666666666667 0.8194444444444444
0 0.41901041666666666 0.25601851851851853 0.09322916666666667 0.10277777777777777
0 0.49166666666666664 0.3851851851851852 0.13645833333333332 0.09074074074074075
0 0.22916666666666666 0.449537037037037 0.38333333333333336 0.06944444444444445
0 0.153125 0.5925925925925926 0.16145833333333334 0.15185185185185185
0 0.5078125 0.8347222222222223 0.5333333333333333 0.33055555555555555
0 0.0375 0.8402777777777778 0.075 0.09722222222222222
0 0.5302083333333333 0.9287037037037037 0.022916666666666665 0.1425925925925926
0 0.47317708333333336 0.9402777777777778 0.049479166666666664 0.11944444444444445
0 0.12005208333333334 0.9467592592592593 0.044270833333333336 0.10648148148148148
