0 0.6401041666666667 0.013425925925925926 0.10416666666666667 0.026851851851851852
0 0.38567708333333334 0.026851851851851852 0.19739583333333333 0.024074074074074074
0 0.5927083333333333 0.10231481481481482 0.225 0.10648148148148148
0 0.37916666666666665 0.39351851851851855 0.32708333333333334 0.5314814814814814
0 0.6453125 0.20787037037037037 0.19479166666666667 0.1361111111111111
0 0.15208333333333332 0.3490740740740741 0.11979166666666667 0.08703703703703704
0 0.5739583333333333 0.3527777777777778 0.32708333333333334 0.07222222222222222
0 0.2046875 0.600462962962963 0.36041666666666666 0.2898148148148148
0 0.6677083333333333 0.5291666666666667 0.32395833333333335 0.1361111111111111
0 0.5768229166666666 0.6203703703703703 0.35052083333333334 0.07037037037037037
0 0.022916666666666665 0.9268518518518518 0.04583333333333333 0.14629629629629629
0 0.38229166666666664 0.9694444444444444 0.11458333333333333 0.06111111111111111
