0 0.525 0.025925925925925925 0.22395833333333334 0.05185185185185185
0 0.2825520833333333 0.022222222222222223 0.10989583333333333 0.04259259259259259
0 0.6473958333333333 0.058333333333333334 0.11145833333333334 0.03888888888888889
0 0.37604166666666666 0.07731481481481481 0.21041666666666667 0.026851851851851852
0 0.5971354166666667 0.1648148148148148 0.24114583333333334 0.12222222222222222
0 0.36354166666666665 0.5138888888888888 0.36041666666666666 0.6407407407407407
0 0.65546875 0.2865740740740741 0.2109375 0.15833333333333333
0 0.11640625 0.4532407407407407 0.12864583333333332 0.10092592592592593
0 0.5776041666666667 0.45740740740740743 0.3572916666666667 0.08518518518518518
0 0.6838541666666667 0.6722222222222223 0.3614583333333333 0.1685185185185185
0 0.1828125 0.7726851851851851 0.365625 0.3398148148148148
0 0.5825520833333333 0.7851851851851852 0.3932291666666667 0.08888888888888889
