0 0.41901041666666666 0.12314814814814815 0.24322916666666666 0.2462962962962963
0 0.64140625 0.018518518518518517 0.1078125 0.037037037037037035
0 0.24270833333333333 0.07962962962962963 0.09270833333333334 0.05
0 0.5635416666666667 0.08148148148148149 0.24791666666666667 0.040740740740740744
0 0.29322916666666665 0.21342592592592594 0.271875 0.15092592592592594
0 0.6299479166666667 0.17824074074074073 0.23489583333333333 0.07314814814814814
0 0.56328125 0.2263888888888889 0.24947916666666667 0.03611111111111111
0 0.2484375 0.49537037037037035 0.2125 0.3425925925925926
0 0.4984375 0.4444444444444444 0.584375 0.13148148148148148
0 0.14765625 0.6023148148148149 0.25885416666666666 0.4101851851851852
0 0.5888020833333333 0.8356481481481481 0.5421875 0.3287037037037037
0 0.35390625 0.8560185185185185 0.14010416666666667 0.25462962962962965
0 0.7421875 0.9564814814814815 0.07291666666666667 0.08703703703703704
