0 0.5794270833333334 0.15555555555555556 0.3828125 0.3111111111111111
0 0.2518229166666667 0.03518518518518519 0.09739583333333333 0.03333333333333333
0 0.3184895833333333 0.08564814814814815 0.32135416666666666 0.06759259259259259
0 0.24557291666666667 0.4041666666666667 0.49114583333333334 0.537962962962963
0 0.32708333333333334 0.2152777777777778 0.109375 0.06944444444444445
0 0.7221354166666667 0.3560185185185185 0.1390625 0.058333333333333334
0 0.515625 0.4064814814814815 0.11979166666666667 0.12777777777777777
0 0.19973958333333333 0.7037037037037037 0.38697916666666665 0.5925925925925926
0 0.42734375 0.8185185185185185 0.03177083333333333 0.362962962962963
0 0.68125 0.7458333333333333 0.415625 0.16574074074074074
0 0.15182291666666667 0.9481481481481482 0.0234375 0.1037037037037037
0 0.21692708333333333 0.9736111111111111 0.0578125 0.05277777777777778
