0 0.5981770833333333 0.14166666666666666 0.3328125 0.2833333333333333
0 0.25729166666666664 0.018518518518518517 0.09583333333333334 0.03333333333333333
0 0.3223958333333333 0.06712962962962964 0.31354166666666666 0.06574074074074074
0 0.24609375 0.387037037037037 0.4921875 0.5425925925925926
0 0.33177083333333335 0.19166666666666668 0.10729166666666666 0.06481481481481481
0 0.71640625 0.32546296296296295 0.1359375 0.05462962962962963
0 0.5158854166666667 0.37175925925925923 0.11614583333333334 0.12129629629629629
0 0.21223958333333334 0.6861111111111111 0.3723958333333333 0.6277777777777778
0 0.4296875 0.7939814814814815 0.03333333333333333 0.41203703703703703
0 0.6755208333333333 0.6898148148148148 0.39895833333333336 0.15185185185185185
0 0.16015625 0.9143518518518519 0.03697916666666667 0.1712962962962963
0 0.25807291666666665 0.937037037037037 0.11197916666666667 0.1259259259259259
