0 0.6591145833333333 0.046296296296296294 0.0296875 0.09259259259259259
0 0.2828125 0.05740740740740741 0.115625 0.046296296296296294
0 0.346875 0.5203703703703704 0.21979166666666666 0.924074074074074
0 0.5169270833333334 0.1 0.10677083333333333 0.03148148148148148
0 0.6330729166666667 0.11481481481481481 0.07864583333333333 0.044444444444444446
0 0.621875 0.2199074074074074 0.16354166666666667 0.04722222222222222
0 0.4791666666666667 0.3277777777777778 0.146875 0.10740740740740741
0 0.6450520833333333 0.5189814814814815 0.3182291666666667 0.14537037037037037
0 0.062239583333333334 0.538425925925926 0.12447916666666667 0.11574074074074074
0 0.49713541666666666 0.5356481481481481 0.2671875 0.09351851851851851
0 0.07447916666666667 0.8199074074074074 0.14895833333333333 0.08425925925925926
0 0.5447916666666667 0.9259259259259259 0.42916666666666664 0.1037037037037037
