0 0.35911458333333335 0.05740740740740741 0.12760416666666666 0.11481481481481481
0 0.49713541666666666 0.026851851851851852 0.3578125 0.053703703703703705
0 0.2911458333333333 0.08981481481481482 0.18020833333333333 0.1537037037037037
0 0.5880208333333333 0.5578703703703703 0.6364583333333333 0.8842592592592593
0 0.4265625 0.18101851851851852 0.08645833333333333 0.08796296296296297
0 0.4947916666666667 0.29074074074074074 0.125 0.07592592592592592
0 0.2552083333333333 0.34444444444444444 0.35 0.05740740740740741
0 0.18984375 0.4634259259259259 0.1421875 0.125
0 0.062239583333333334 0.6620370370370371 0.12447916666666667 0.07777777777777778
0 0.21458333333333332 0.8194444444444444 0.42916666666666664 0.23148148148148148
