0 0.21458333333333332 0.05416666666666667 0.07083333333333333 0.10833333333333334
0 0.36822916666666666 0.5 0.5229166666666667 1.0
0 0.48776041666666664 0.1037037037037037 0.0359375 0.2074074074074074
0 0.6080729166666666 0.021296296296296296 0.21302083333333333 0.04259259259259259
0 0.24791666666666667 0.08703703703703704 0.059375 0.08148148148148149
0 0.4158854166666667 0.09351851851851851 0.1015625 0.05
0 0.6947916666666667 0.17962962962962964 0.115625 0.07222222222222222
0 0.6109375 0.2824074074074074 0.28541666666666665 0.04259259259259259
0 0.6723958333333333 0.37037037037037035 0.17395833333333333 0.06851851851851852
0 0.05364583333333333 0.6365740740740741 0.10729166666666666 0.3861111111111111
0 0.6763020833333333 0.5342592592592592 0.2859375 0.05
0 0.7791666666666667 0.6921296296296297 0.178125 0.1712962962962963
0 0.6549479166666666 0.8430555555555556 0.04010416666666667 0.3138888888888889
0 0.13359375 0.8907407407407407 0.17239583333333333 0.21851851851851853
0 0.43854166666666666 0.9740740740740741 0.115625 0.05185185185185185
