0 0.4861979166666667 0.04259259259259259 0.3223958333333333 0.08518518518518518
0 0.271875 0.05462962962962963 0.11458333333333333 0.046296296296296294
0 0.6518229166666667 0.09398148148148149 0.1171875 0.041666666666666664
0 0.36875 0.11527777777777778 0.21979166666666666 0.030555555555555555
0 0.6005208333333333 0.21064814814814814 0.253125 0.1361111111111111
0 0.35104166666666664 0.6087962962962963 0.3885416666666667 0.7324074074074074
0 0.6622395833333333 0.34675925925925927 0.2234375 0.17685185185185184
0 0.08932291666666667 0.5347222222222222 0.13697916666666668 0.11574074074074074
0 0.58046875 0.537962962962963 0.3807291666666667 0.0962962962962963
0 0.69609375 0.7870370370370371 0.39114583333333336 0.1962962962962963
0 0.12838541666666667 0.8722222222222222 0.25677083333333334 0.25555555555555554
0 0.5872395833333334 0.9189814814814815 0.4276041666666667 0.10277777777777777
0 0.2638020833333333 0.9425925925925925 0.07135416666666666 0.11481481481481481
