0 0.42109375 0.05462962962962963 0.19114583333333332 0.10925925925925926
0 0.615625 0.05925925925925926 0.20104166666666667 0.05740740740740741
0 0.3411458333333333 0.09305555555555556 0.20416666666666666 0.09537037037037037
0 0.5588541666666667 0.09490740740740741 0.215625 0.028703703703703703
0 0.27890625 0.2671296296296296 0.21614583333333334 0.28055555555555556
0 0.4864583333333333 0.25324074074074077 0.459375 0.09351851851851851
0 0.21276041666666667 0.36064814814814816 0.22760416666666666 0.27870370370370373
0 0.6020833333333333 0.7050925925925926 0.4895833333333333 0.5898148148148148
0 0.3890625 0.5291666666666667 0.11354166666666667 0.1638888888888889
0 0.48020833333333335 0.7444444444444445 0.17708333333333334 0.15555555555555556
0 0.1921875 0.8564814814814815 0.384375 0.12037037037037036
