0 0.4356770833333333 0.03611111111111111 0.16302083333333334 0.07222222222222222
0 0.6130208333333333 0.02546296296296296 0.19583333333333333 0.05092592592592592
0 0.3458333333333333 0.056018518518518516 0.203125 0.08981481481481482
0 0.5575520833333333 0.058333333333333334 0.20677083333333332 0.025925925925925925
0 0.2921875 0.21481481481481482 0.20625 0.2518518518518518
0 0.47942708333333334 0.20185185185185187 0.41822916666666665 0.08518518518518518
0 0.2296875 0.29768518518518516 0.21979166666666666 0.2490740740740741
0 0.5963541666666666 0.6717592592592593 0.45729166666666665 0.6564814814814814
0 0.39791666666666664 0.4476851851851852 0.10729166666666666 0.14537037037037037
0 0.48333333333333334 0.6361111111111111 0.16458333333333333 0.13518518518518519
0 0.19791666666666666 0.7314814814814815 0.3958333333333333 0.1037037037037037
0 0.08333333333333333 0.9175925925925926 0.15208333333333332 0.1648148148148148
