0 0.31536458333333334 0.008333333333333333 0.09427083333333333 0.016666666666666666
0 0.24453125 0.1837962962962963 0.13177083333333334 0.062037037037037036
0 0.4083333333333333 0.19305555555555556 0.11979166666666667 0.03796296296296296
0 0.3489583333333333 0.41435185185185186 0.05625 0.4009259259259259
0 0.23125 0.30324074074074076 0.1375 0.06018518518518518
0 0.6388020833333333 0.37592592592592594 0.19427083333333334 0.12962962962962962
0 0.7520833333333333 0.6550925925925926 0.0625 0.32685185185185184
0 0.09479166666666666 0.7023148148148148 0.18958333333333333 0.14537037037037037
0 0.19401041666666666 0.8527777777777777 0.3880208333333333 0.29444444444444445
0 0.5049479166666667 0.8458333333333333 0.1984375 0.10462962962962963
0 0.7229166666666667 0.899074074074074 0.14375 0.1537037037037037
