0 0.5830729166666667 0.22268518518518518 0.4348958333333333 0.44537037037037036
0 0.3109375 0.03148148148148148 0.084375 0.053703703703703705
0 0.22708333333333333 0.10601851851851851 0.10520833333333333 0.03981481481481482
0 0.29765625 0.16620370370370371 0.35052083333333334 0.08055555555555556
0 0.24244791666666668 0.4810185185185185 0.48489583333333336 0.5101851851851852
0 0.30442708333333335 0.325 0.1203125 0.08518518518518518
0 0.7473958333333334 0.5037037037037037 0.15833333333333333 0.07222222222222222
0 0.5138020833333333 0.5671296296296297 0.1359375 0.1638888888888889
0 0.08619791666666667 0.7833333333333333 0.10572916666666667 0.43333333333333335
0 0.415625 0.9365740740740741 0.023958333333333335 0.12685185185185185
0 0.6333333333333333 0.9550925925925926 0.08958333333333333 0.08981481481481482
