0 0.41067708333333336 0.0824074074074074 0.05260416666666667 0.1648148148148148
0 0.61328125 0.02175925925925926 0.16197916666666667 0.04351851851851852
0 0.24296875 0.022685185185185187 0.08802083333333334 0.04351851851851852
0 0.5096354166666667 0.02175925925925926 0.1609375 0.03611111111111111
0 0.2559895833333333 0.10462962962962963 0.12135416666666667 0.05185185185185185
0 0.5380208333333333 0.14907407407407408 0.23020833333333332 0.03148148148148148
0 0.45729166666666665 0.3819444444444444 0.6479166666666667 0.425
0 0.12682291666666667 0.5194444444444445 0.1734375 0.1111111111111111
0 0.8 0.6203703703703703 0.036458333333333336 0.05555555555555555
0 0.7020833333333333 0.6476851851851851 0.13645833333333332 0.04722222222222222
0 0.2640625 0.6754629629629629 0.36041666666666666 0.075
0 0.6174479166666667 0.8777777777777778 0.3015625 0.24444444444444444
0 0.8497395833333333 0.9777777777777777 0.05572916666666667 0.044444444444444446
