0 0.29322916666666665 0.013425925925925926 0.096875 0.026851851851851852
0 0.5270833333333333 0.01712962962962963 0.10416666666666667 0.03425925925925926
0 0.6447916666666667 0.040740740740740744 0.109375 0.037037037037037035
0 0.37890625 0.06018518518518518 0.20677083333333332 0.025925925925925925
0 0.5953125 0.14351851851851852 0.23541666666666666 0.11666666666666667
0 0.3690104166666667 0.4708333333333333 0.3484375 0.5990740740740741
0 0.6518229166666667 0.2587962962962963 0.2046875 0.15092592592592594
0 0.12890625 0.41712962962962963 0.12552083333333333 0.09722222222222222
0 0.5763020833333333 0.4199074074074074 0.3463541666666667 0.0787037037037037
0 0.18619791666666666 0.7050925925925926 0.3723958333333333 0.33240740740740743
0 0.678125 0.6217592592592592 0.34791666666666665 0.15648148148148147
0 0.58046875 0.7273148148148149 0.3776041666666667 0.0824074074074074
