0 0.26276041666666666 0.12222222222222222 0.12447916666666667 0.053703703703703705
0 0.4166666666666667 0.1300925925925926 0.11145833333333334 0.03611111111111111
0 0.36380208333333336 0.31805555555555554 0.04739583333333333 0.3398148148148148
0 0.253125 0.22546296296296298 0.12708333333333333 0.05277777777777778
0 0.684375 0.2708333333333333 0.020833333333333332 0.0787037037037037
0 0.6 0.31157407407407406 0.11875 0.04722222222222222
0 0.7296875 0.5055555555555555 0.059375 0.2962962962962963
0 0.13359375 0.5587962962962963 0.1796875 0.1175925925925926
0 0.21848958333333332 0.7805555555555556 0.37135416666666665 0.4388888888888889
0 0.5075520833333333 0.674074074074074 0.1765625 0.08703703703703704
0 0.70234375 0.7162037037037037 0.12864583333333332 0.12314814814814815
0 0.5817708333333333 0.9828703703703704 0.06979166666666667 0.03425925925925926
