0 0.5078125 0.021296296296296296 0.042708333333333334 0.04259259259259259
0 0.6283854166666667 0.009259259259259259 0.11197916666666667 0.018518518518518517
0 0.4036458333333333 0.20925925925925926 0.275 0.3814814814814815
0 0.6299479166666667 0.08009259259259259 0.16822916666666668 0.10277777777777777
0 0.20703125 0.18472222222222223 0.10364583333333334 0.062037037037037036
0 0.5677083333333334 0.1875 0.2791666666666667 0.05277777777777778
0 0.2591145833333333 0.3587962962962963 0.3067708333333333 0.19722222222222222
0 0.64375 0.31203703703703706 0.26875 0.09444444444444444
0 0.5682291666666667 0.37407407407407406 0.2875 0.04814814814814815
0 0.18697916666666667 0.7421296296296296 0.25416666666666665 0.5120370370370371
0 0.49375 0.6731481481481482 0.6958333333333333 0.18518518518518517
0 0.058333333333333334 0.8708333333333333 0.11666666666666667 0.25833333333333336
0 0.15 0.9611111111111111 0.025 0.07777777777777778
