0 0.41901041666666666 0.06481481481481481 0.19427083333333334 0.12962962962962962
0 0.6184895833333334 0.07685185185185185 0.20885416666666667 0.05925925925925926
0 0.33880208333333334 0.11342592592592593 0.2046875 0.09907407407407408
0 0.5591145833333333 0.11435185185185186 0.22239583333333332 0.030555555555555555
0 0.2716145833333333 0.29583333333333334 0.22135416666666666 0.2953703703703704
0 0.5010416666666667 0.28055555555555556 0.503125 0.09814814814814815
0 0.20598958333333334 0.39537037037037037 0.2265625 0.29444444444444445
0 0.60546875 0.7236111111111111 0.5067708333333333 0.5527777777777778
0 0.3846354166666667 0.5745370370370371 0.1171875 0.17685185185185184
0 0.4778645833333333 0.8060185185185185 0.18489583333333334 0.1675925925925926
0 0.1890625 0.9273148148148148 0.378125 0.13055555555555556
