0 0.2713541666666667 0.02546296296296296 0.05520833333333333 0.05092592592592592
0 0.44583333333333336 0.5 0.6447916666666667 1.0
0 0.49166666666666664 0.058333333333333334 0.03229166666666667 0.11666666666666667
0 0.42578125 0.022222222222222223 0.09322916666666667 0.04259259259259259
0 0.6799479166666667 0.09398148148148149 0.1046875 0.062037037037037036
0 0.6028645833333334 0.17824074074074073 0.2557291666666667 0.03425925925925926
0 0.6572916666666667 0.24814814814814815 0.15625 0.05555555555555555
0 0.08489583333333334 0.5564814814814815 0.14166666666666666 0.5018518518518519
0 0.75 0.4962962962962963 0.15833333333333333 0.12962962962962962
0 0.6682291666666667 0.7458333333333333 0.09479166666666666 0.5083333333333333
0 0.45807291666666666 0.937037037037037 0.0171875 0.1259259259259259
