0 0.30833333333333335 0.062037037037037036 0.15833333333333333 0.12407407407407407
0 0.38125 0.038425925925925926 0.09479166666666666 0.07685185185185185
0 0.5955729166666667 0.010648148148148148 0.1890625 0.021296296296296296
0 0.5815104166666667 0.5388888888888889 0.5901041666666667 0.9222222222222223
0 0.4315104166666667 0.13703703703703704 0.0828125 0.07962962962962963
0 0.49609375 0.2361111111111111 0.11927083333333334 0.07037037037037037
0 0.27005208333333336 0.28425925925925927 0.3307291666666667 0.05185185185185185
0 0.21067708333333332 0.38935185185185184 0.13177083333333334 0.11018518518518519
0 0.07630208333333334 0.5532407407407407 0.15260416666666668 0.08796296296296297
0 0.21848958333333332 0.6986111111111111 0.43697916666666664 0.19722222222222222
0 0.38333333333333336 0.9268518518518518 0.014583333333333334 0.14629629629629629
0 0.6619791666666667 0.9810185185185185 0.040625 0.03796296296296296
