0 0.4109375 0.01574074074074074 0.08645833333333333 0.03148148148148148
0 0.31145833333333334 0.12314814814814815 0.19479166666666667 0.20925925925925926
0 0.47421875 0.11481481481481481 0.3609375 0.07037037037037037
0 0.25807291666666665 0.19305555555555556 0.20364583333333333 0.20092592592592592
0 0.6567708333333333 0.6148148148148148 0.5447916666666667 0.7703703703703704
0 0.4127604166666667 0.31296296296296294 0.09739583333333333 0.11481481481481481
0 0.48932291666666666 0.45740740740740743 0.14427083333333332 0.1037037037037037
0 0.20885416666666667 0.5305555555555556 0.409375 0.07777777777777778
0 0.12395833333333334 0.6958333333333333 0.17708333333333334 0.175
0 0.4192708333333333 0.8925925925925926 0.40520833333333334 0.21481481481481482
0 0.017708333333333333 0.9574074074074074 0.035416666666666666 0.05740740740740741
