0 0.20052083333333334 0.1175925925925926 0.14583333333333334 0.2351851851851852
0 0.3 0.5 0.5375 1.0
0 0.42864583333333334 0.018518518518518517 0.15520833333333334 0.037037037037037035
0 0.48046875 0.22453703703703703 0.0421875 0.2861111111111111
0 0.6182291666666667 0.12037037037037036 0.240625 0.05740740740740741
0 0.20729166666666668 0.20833333333333334 0.06458333333333334 0.1037037037037037
0 0.39947916666666666 0.21712962962962962 0.115625 0.06388888888888888
0 0.7208333333333333 0.33055555555555555 0.13541666666666666 0.09814814814814815
0 0.6255208333333333 0.47175925925925927 0.33645833333333336 0.05648148148148148
0 0.7002604166666667 0.5962962962962963 0.2078125 0.0962962962962963
0 0.7111979166666667 0.8398148148148148 0.3546875 0.07407407407407407
0 0.75625 0.9763888888888889 0.04895833333333333 0.04722222222222222
