0 0.41822916666666665 0.05185185185185185 0.04791666666666667 0.1037037037037037
0 0.27317708333333335 0.05092592592592592 0.1140625 0.046296296296296294
0 0.5377604166666666 0.08888888888888889 0.21510416666666668 0.027777777777777776
0 0.4510416666666667 0.28703703703703703 0.5822916666666667 0.3592592592592593
0 0.1625 0.4041666666666667 0.159375 0.09166666666666666
0 0.7700520833333333 0.48148148148148145 0.04635416666666667 0.05740740740740741
0 0.6817708333333333 0.5106481481481482 0.115625 0.03981481481481482
0 0.2911458333333333 0.5310185185185186 0.32395833333333335 0.062037037037037036
0 0.63828125 0.7587962962962963 0.39739583333333334 0.325
0 0.13333333333333333 0.9157407407407407 0.03854166666666667 0.1685185185185185
0 0.05807291666666667 0.9175925925925926 0.07239583333333334 0.1648148148148148
0 0.6166666666666667 0.9351851851851852 0.10833333333333334 0.12962962962962962
