0 0.37942708333333336 0.016666666666666666 0.0453125 0.03333333333333333
0 0.6221354166666667 0.5 0.6036458333333333 1.0
0 0.44192708333333336 0.041666666666666664 0.07447916666666667 0.06481481481481481
0 0.5 0.12129629629629629 0.10625 0.053703703703703705
0 0.30130208333333336 0.15833333333333333 0.2911458333333333 0.040740740740740744
0 0.25286458333333334 0.2388888888888889 0.1109375 0.08333333333333333
0 0.13958333333333334 0.36018518518518516 0.13541666666666666 0.06481481481481481
0 0.2265625 0.4638888888888889 0.453125 0.14074074074074075
0 0.4005208333333333 0.7856481481481481 0.030208333333333334 0.4287037037037037
0 0.21666666666666667 0.7574074074074074 0.1625 0.1648148148148148
0 0.26666666666666666 0.9287037037037037 0.14583333333333334 0.1425925925925926
