0 0.2203125 0.029166666666666667 0.041666666666666664 0.058333333333333334
0 0.44765625 0.5 0.6942708333333333 1.0
0 0.40078125 0.014814814814814815 0.13489583333333333 0.02962962962962963
0 0.4903645833333333 0.07314814814814814 0.033854166666666664 0.14629629629629629
0 0.2638020833333333 0.03935185185185185 0.05572916666666667 0.07314814814814814
0 0.42239583333333336 0.04583333333333333 0.09583333333333334 0.04537037037037037
0 0.684375 0.12175925925925926 0.10833333333333334 0.06574074074074074
0 0.6049479166666667 0.2111111111111111 0.26510416666666664 0.037037037037037035
0 0.6619791666666667 0.28703703703703703 0.1625 0.05925925925925926
0 0.0703125 0.5990740740740741 0.140625 0.5
0 0.76015625 0.5569444444444445 0.16614583333333333 0.14166666666666666
0 0.65078125 0.7759259259259259 0.0515625 0.44814814814814813
