0 0.28828125 0.038425925925925926 0.11302083333333333 0.04537037037037037
0 0.42734375 0.04537037037037037 0.10052083333333334 0.027777777777777776
0 0.38307291666666665 0.19398148148148148 0.03802083333333333 0.2675925925925926
0 0.28229166666666666 0.12268518518518519 0.11354166666666667 0.04351851851851852
0 0.6346354166666667 0.3106481481481482 0.1890625 0.27870370370370373
0 0.18619791666666666 0.37962962962962965 0.15677083333333333 0.08888888888888889
0 0.26588541666666665 0.6907407407407408 0.31614583333333335 0.6185185185185185
0 0.5109375 0.4652777777777778 0.15104166666666666 0.062037037037037036
0 0.6768229166666667 0.4962962962962963 0.1109375 0.08888888888888889
0 0.6677083333333333 0.7245370370370371 0.246875 0.10277777777777777
0 0.37526041666666665 0.9277777777777778 0.08072916666666667 0.14444444444444443
