0 0.21145833333333333 0.06666666666666667 0.08541666666666667 0.13333333333333333
0 0.4625 0.5 0.7385416666666667 1.0
0 0.4861979166666667 0.12222222222222222 0.03697916666666667 0.22962962962962963
0 0.61015625 0.03935185185185185 0.21822916666666667 0.049074074074074076
0 0.23958333333333334 0.1111111111111111 0.06041666666666667 0.08518518518518518
0 0.4127604166666667 0.11712962962962963 0.10364583333333334 0.05277777777777778
0 0.6997395833333333 0.20925925925925926 0.11927083333333334 0.07777777777777778
0 0.6138020833333333 0.31805555555555554 0.2942708333333333 0.04351851851851852
0 0.678125 0.4125 0.18125 0.07314814814814814
0 0.0453125 0.6537037037037037 0.090625 0.32592592592592595
0 0.7955729166666666 0.7620370370370371 0.1953125 0.18888888888888888
0 0.6552083333333333 0.8777777777777778 0.03125 0.24444444444444444
0 0.18541666666666667 0.9296296296296296 0.029166666666666667 0.14074074074074075
