0 0.3927083333333333 0.19166666666666668 0.08541666666666667 0.38333333333333336
0 0.49166666666666664 0.0587962962962963 0.1125 0.062037037037037036
0 0.6125 0.16296296296296298 0.22916666666666666 0.07592592592592592
0 0.18828125 0.1736111111111111 0.1015625 0.062037037037037036
0 0.5059895833333333 0.17175925925925925 0.1921875 0.049074074074074076
0 0.19739583333333333 0.29259259259259257 0.14583333333333334 0.07592592592592592
0 0.53984375 0.3578703703703704 0.2828125 0.04722222222222222
0 0.2864583333333333 0.6944444444444444 0.4979166666666667 0.6111111111111112
0 0.6580729166666667 0.7208333333333333 0.4401041666666667 0.5583333333333333
0 0.7786458333333334 0.7129629629629629 0.07604166666666666 0.08888888888888889
0 0.534375 0.9467592592592593 0.109375 0.10648148148148148
