0 0.29296875 0.02361111111111111 0.1109375 0.04351851851851852
0 0.35494791666666664 0.43194444444444446 0.20989583333333334 0.8138888888888889
0 0.5177083333333333 0.06296296296296296 0.10208333333333333 0.02962962962962963
0 0.6291666666666667 0.07685185185185185 0.075 0.040740740740740744
0 0.6169270833333333 0.17222222222222222 0.15572916666666667 0.04259259259259259
0 0.48203125 0.26990740740740743 0.14010416666666667 0.09537037037037037
0 0.6377604166666667 0.4388888888888889 0.2984375 0.12962962962962962
0 0.08619791666666667 0.45601851851851855 0.12760416666666666 0.10277777777777777
0 0.49895833333333334 0.4537037037037037 0.25 0.08333333333333333
0 0.08854166666666667 0.6675925925925926 0.17708333333333334 0.13703703703703704
0 0.54375 0.7902777777777777 0.39375 0.08796296296296297
0 0.19635416666666666 0.9259259259259259 0.3927083333333333 0.14814814814814814
