0 0.35442708333333334 0.03935185185185185 0.028645833333333332 0.0787037037037037
0 0.42630208333333336 0.08611111111111111 0.22760416666666666 0.17222222222222222
0 0.2598958333333333 0.027777777777777776 0.08854166666666667 0.044444444444444446
0 0.56171875 0.02962962962962963 0.23385416666666667 0.037037037037037035
0 0.30911458333333336 0.1449074074074074 0.2557291666666667 0.13055555555555556
0 0.6229166666666667 0.11435185185185186 0.21770833333333334 0.06388888888888888
0 0.5609375 0.15555555555555556 0.23125 0.03148148148148148
0 0.2625 0.3763888888888889 0.21979166666666666 0.2935185185185185
0 0.50078125 0.34074074074074073 0.5338541666666666 0.1111111111111111
0 0.18880208333333334 0.47824074074074074 0.23072916666666668 0.3175925925925926
0 0.61328125 0.7638888888888888 0.5463541666666667 0.4722222222222222
0 0.3736979166666667 0.6736111111111112 0.12552083333333333 0.20092592592592592
0 0.4388020833333333 0.9226851851851852 0.13072916666666667 0.15462962962962962
0 0.5526041666666667 0.9731481481481481 0.041666666666666664 0.053703703703703705
