0 0.39869791666666665 0.1300925925925926 0.058854166666666666 0.2601851851851852
0 0.5075520833333333 0.010185185185185186 0.0765625 0.020370370370370372
0 0.6044270833333333 0.08055555555555556 0.2078125 0.06481481481481481
0 0.21927083333333333 0.08981481481481482 0.09479166666666666 0.05185185185185185
0 0.5078125 0.08842592592592592 0.175 0.041666666666666664
0 0.23046875 0.18703703703703703 0.1328125 0.06111111111111111
0 0.5388020833333333 0.23981481481481481 0.2526041666666667 0.037037037037037035
0 0.4578125 0.5365740740740741 0.7322916666666667 0.5416666666666666
0 0.08333333333333333 0.7208333333333333 0.16666666666666666 0.12314814814814815
0 0.7947916666666667 0.8666666666666667 0.053125 0.08703703703703704
0 0.70546875 0.8800925925925925 0.10885416666666667 0.06388888888888888
0 0.21848958333333332 0.9180555555555555 0.42135416666666664 0.10277777777777777
