0 0.6421875 0.025 0.10625 0.03518518518518519
0 0.38229166666666664 0.04259259259259259 0.20104166666666667 0.025925925925925925
0 0.5940104166666667 0.12222222222222222 0.2296875 0.1111111111111111
0 0.37447916666666664 0.4310185185185185 0.3385416666666667 0.5638888888888889
0 0.6486979166666667 0.2324074074074074 0.19947916666666668 0.1425925925925926
0 0.14036458333333332 0.3819444444444444 0.12239583333333333 0.08981481481481482
0 0.5747395833333333 0.3851851851851852 0.33697916666666666 0.07407407407407407
0 0.19322916666666667 0.6504629629629629 0.37083333333333335 0.3101851851851852
0 0.67265625 0.5740740740740741 0.3359375 0.14629629629629629
0 0.5786458333333333 0.6717592592592593 0.36354166666666665 0.075
