0 0.4005208333333333 0.09490740740740741 0.030208333333333334 0.18981481481481483
0 0.30859375 0.03009259259259259 0.10052083333333334 0.03611111111111111
0 0.62109375 0.17083333333333334 0.1640625 0.22314814814814815
0 0.23098958333333333 0.2300925925925926 0.13802083333333334 0.06759259259259259
0 0.30390625 0.6157407407407407 0.2703125 0.7685185185185185
0 0.5138020833333333 0.2935185185185185 0.13072916666666667 0.046296296296296294
0 0.65625 0.31527777777777777 0.09583333333333334 0.06574074074074074
0 0.6453125 0.4791666666666667 0.20625 0.07314814814814814
0 0.46484375 0.6578703703703703 0.19010416666666666 0.18055555555555555
0 0.2598958333333333 0.8768518518518519 0.03854166666666667 0.2462962962962963
0 0.6518229166666667 0.9328703703703703 0.36302083333333335 0.13425925925925927
0 0.3609375 0.9717592592592592 0.11875 0.05648148148148148
