0 0.2921875 0.02546296296296296 0.11145833333333334 0.04351851851851852
0 0.42890625 0.03194444444444444 0.0984375 0.026851851851851852
0 0.38619791666666664 0.17453703703703705 0.0359375 0.25833333333333336
0 0.28671875 0.10601851851851851 0.1109375 0.041666666666666664
0 0.63203125 0.28703703703703703 0.18489583333333334 0.26666666666666666
0 0.19401041666666666 0.35324074074074074 0.15364583333333334 0.08425925925925926
0 0.27239583333333334 0.6777777777777778 0.3072916666666667 0.6444444444444445
0 0.51171875 0.4351851851851852 0.1484375 0.05925925925925926
0 0.6736979166666667 0.4648148148148148 0.1078125 0.08518518518518518
0 0.6635416666666667 0.6805555555555556 0.23958333333333334 0.09814814814814815
0 0.40208333333333335 0.9013888888888889 0.12083333333333333 0.19722222222222222
