0 0.3067708333333333 0.034722222222222224 0.10104166666666667 0.03425925925925926
0 0.22838541666666667 0.23796296296296296 0.1390625 0.06666666666666667
0 0.40130208333333334 0.24768518518518517 0.12552083333333333 0.041666666666666664
0 0.33541666666666664 0.5013888888888889 0.065625 0.462037037037037
0 0.21197916666666666 0.37222222222222223 0.14791666666666667 0.06851851851851852
0 0.6466145833333333 0.4648148148148148 0.2078125 0.16666666666666666
0 0.7729166666666667 0.7972222222222223 0.065625 0.3537037037037037
0 0.07890625 0.8768518518518519 0.1578125 0.08888888888888889
0 0.2565104166666667 0.9208333333333333 0.033854166666666664 0.15833333333333333
0 0.59765625 0.9731481481481481 0.027604166666666666 0.053703703703703705
0 0.4309895833333333 0.9740740740740741 0.07447916666666667 0.05185185185185185
