0 0.334375 0.04259259259259259 0.11875 0.08518518518518518
0 0.40651041666666665 0.021296296296296296 0.0515625 0.04259259259259259
0 0.5763020833333333 0.5217592592592593 0.5494791666666666 0.9564814814814815
0 0.4359375 0.0962962962962963 0.07916666666666666 0.07407407407407407
0 0.4981770833333333 0.18703703703703703 0.11302083333333333 0.06296296296296296
0 0.2833333333333333 0.23055555555555557 0.31354166666666666 0.046296296296296294
0 0.22916666666666666 0.324537037037037 0.12291666666666666 0.09907407407407408
0 0.10208333333333333 0.4689814814814815 0.14791666666666667 0.0787037037037037
0 0.22213541666666667 0.5953703703703703 0.44427083333333334 0.17037037037037037
0 0.39140625 0.8643518518518518 0.0203125 0.2712962962962963
0 0.13151041666666666 0.9296296296296296 0.09427083333333333 0.14074074074074075
