0 0.20703125 0.09212962962962963 0.1171875 0.18425925925925926
0 0.3138020833333333 0.5 0.5026041666666666 1.0
0 0.48333333333333334 0.17314814814814813 0.03958333333333333 0.2574074074074074
0 0.6140625 0.07962962962962963 0.23020833333333332 0.05185185185185185
0 0.22369791666666666 0.15925925925925927 0.06302083333333333 0.09444444444444444
0 0.40598958333333335 0.16712962962962963 0.1109375 0.058333333333333334
0 0.71015625 0.2689814814814815 0.12760416666666666 0.08611111111111111
0 0.61953125 0.39305555555555555 0.3151041666666667 0.05092592592592592
0 0.6890625 0.5018518518518519 0.19375 0.08518518518518518
0 0.027083333333333334 0.6907407407407408 0.05416666666666667 0.19444444444444445
0 0.6966145833333334 0.7111111111111111 0.3255208333333333 0.06481481481481481
0 0.8197916666666667 0.9018518518518519 0.21041666666666667 0.1962962962962963
0 0.6622395833333333 0.9546296296296296 0.022395833333333334 0.09074074074074075
