0 0.41328125 0.15138888888888888 0.2546875 0.30277777777777776
0 0.63125 0.03611111111111111 0.14270833333333333 0.07222222222222222
0 0.22916666666666666 0.11851851851851852 0.09791666666666667 0.053703703703703705
0 0.5651041666666666 0.12083333333333333 0.259375 0.04537037037037037
0 0.28046875 0.2671296296296296 0.28489583333333335 0.16574074074074074
0 0.6348958333333333 0.2273148148148148 0.246875 0.08055555555555556
0 0.5651041666666666 0.2810185185185185 0.2635416666666667 0.041666666666666664
0 0.22916666666666666 0.5777777777777777 0.22291666666666668 0.4111111111111111
0 0.49635416666666665 0.5268518518518519 0.6239583333333333 0.15
0 0.12682291666666667 0.7180555555555556 0.25364583333333335 0.46574074074074073
0 0.596875 0.8953703703703704 0.59375 0.20925925925925926
0 0.8203125 0.8828703703703704 0.022916666666666665 0.08055555555555556
0 0.2830729166666667 0.9277777777777778 0.0421875 0.14444444444444443
