0 0.4158854166666667 0.13657407407407407 0.2484375 0.27314814814814814
0 0.63125 0.027777777777777776 0.13541666666666666 0.05555555555555555
0 0.23645833333333333 0.09953703703703703 0.09583333333333334 0.05277777777777778
0 0.5643229166666667 0.10046296296296296 0.25364583333333335 0.04351851851851852
0 0.2869791666666667 0.23935185185185184 0.278125 0.15833333333333333
0 0.6322916666666667 0.2023148148148148 0.240625 0.07685185185185185
0 0.5640625 0.2523148148148148 0.25625 0.03981481481481482
0 0.23932291666666666 0.5402777777777777 0.21927083333333333 0.3638888888888889
0 0.49713541666666666 0.4837962962962963 0.6036458333333333 0.1398148148148148
0 0.13489583333333333 0.6555555555555556 0.2635416666666667 0.44074074074074077
0 0.5932291666666667 0.8643518518518518 0.5666666666666667 0.2712962962962963
0 0.3059895833333333 0.8949074074074074 0.0640625 0.2101851851851852
