0 0.3125 0.01574074074074074 0.09895833333333333 0.03148148148148148
0 0.40338541666666666 0.0837962962962963 0.028645833333333332 0.1675925925925926
0 0.6190104166666667 0.14675925925925926 0.15989583333333332 0.2175925925925926
0 0.23828125 0.20462962962962963 0.13489583333333333 0.06481481481481481
0 0.31015625 0.6032407407407407 0.2630208333333333 0.7935185185185185
0 0.5140625 0.2657407407407407 0.12708333333333333 0.044444444444444446
0 0.653125 0.28703703703703703 0.09270833333333334 0.06296296296296296
0 0.6419270833333334 0.44074074074074077 0.19947916666666668 0.06851851851851852
0 0.4666666666666667 0.6078703703703704 0.18333333333333332 0.1675925925925926
0 0.265625 0.8486111111111111 0.046875 0.30277777777777776
0 0.6828125 0.9 0.421875 0.2
0 0.4825520833333333 0.9351851851851852 0.3421875 0.12962962962962962
