0 0.3104166666666667 0.024074074074074074 0.10104166666666667 0.03333333333333333
0 0.23359375 0.22083333333333333 0.13697916666666668 0.06574074074074074
0 0.40338541666666666 0.2310185185185185 0.1234375 0.041666666666666664
0 0.33958333333333335 0.4736111111111111 0.0625 0.44351851851851853
0 0.21796875 0.3509259259259259 0.14427083333333332 0.06481481481481481
0 0.6440104166666667 0.4361111111111111 0.20364583333333333 0.1537037037037037
0 0.7661458333333333 0.7509259259259259 0.06666666666666667 0.34629629629629627
0 0.08411458333333334 0.8300925925925926 0.16822916666666668 0.08796296296296297
0 0.27239583333333334 0.899537037037037 0.065625 0.20092592592592592
0 0.503125 0.9486111111111111 0.21041666666666667 0.10277777777777777
0 0.74609375 0.9652777777777778 0.1328125 0.06944444444444445
