0 0.50859375 0.03333333333333333 0.3026041666666667 0.06666666666666667
0 0.27708333333333335 0.03796296296296296 0.1125 0.044444444444444446
0 0.6494791666666667 0.07546296296296297 0.11354166666666667 0.03981481481481482
0 0.3723958333333333 0.0962962962962963 0.21458333333333332 0.027777777777777776
0 0.5986979166666667 0.1875 0.24739583333333334 0.1287037037037037
0 0.3580729166666667 0.5587962962962963 0.37447916666666664 0.6842592592592592
0 0.65859375 0.3162037037037037 0.2171875 0.1675925925925926
0 0.10416666666666667 0.4935185185185185 0.13333333333333333 0.10925925925925926
0 0.5786458333333333 0.49675925925925923 0.36770833333333336 0.08981481481481482
0 0.6893229166666667 0.7273148148148149 0.3765625 0.18055555555555555
0 0.17890625 0.8384259259259259 0.3578125 0.32314814814814813
0 0.5846354166666666 0.85 0.40989583333333335 0.09444444444444444
