0 0.4 0.08703703703703704 0.15833333333333333 0.17407407407407408
0 0.6341145833333334 0.08148148148148149 0.16822916666666668 0.027777777777777776
0 0.2609375 0.25462962962962965 0.090625 0.35185185185185186
0 0.4015625 0.23796296296296296 0.03958333333333333 0.1962962962962963
0 0.6559895833333333 0.25092592592592594 0.24427083333333333 0.046296296296296294
0 0.7630208333333334 0.3486111111111111 0.1 0.09907407407407408
0 0.5557291666666667 0.39675925925925926 0.14166666666666666 0.10462962962962963
0 0.2890625 0.44212962962962965 0.384375 0.08981481481481482
0 0.65859375 0.7972222222222223 0.36302083333333335 0.16111111111111112
0 0.06276041666666667 0.8212962962962963 0.12552083333333333 0.09074074074074075
