0 0.19505208333333332 0.06805555555555555 0.0484375 0.1361111111111111
0 0.44635416666666666 0.04212962962962963 0.017708333333333333 0.08425925925925926
0 0.5231770833333333 0.04953703703703704 0.0828125 0.06944444444444445
0 0.6549479166666666 0.033796296296296297 0.1046875 0.03611111111111111
0 0.24557291666666667 0.30092592592592593 0.1078125 0.5314814814814814
0 0.4231770833333333 0.3527777777777778 0.05572916666666667 0.37592592592592594
0 0.6197916666666666 0.23148148148148148 0.28125 0.040740740740740744
0 0.18984375 0.6921296296296297 0.2171875 0.5564814814814815
0 0.596875 0.700462962962963 0.51875 0.1361111111111111
0 0.34296875 0.9060185185185186 0.021354166666666667 0.18796296296296297
0 0.68984375 0.874537037037037 0.44427083333333334 0.11944444444444445
