0 0.5197916666666667 0.14212962962962963 0.5291666666666667 0.28425925925925927
0 0.6609375 0.09166666666666666 0.16770833333333332 0.04814814814814815
0 0.22421875 0.24166666666666667 0.0890625 0.09814814814814815
0 0.38177083333333334 0.5731481481481482 0.06145833333333333 0.5611111111111111
0 0.6903645833333333 0.40694444444444444 0.15885416666666666 0.1935185185185185
0 0.5830729166666667 0.6550925925925926 0.0828125 0.6268518518518519
0 0.7755208333333333 0.6569444444444444 0.24895833333333334 0.22685185185185186
0 0.23541666666666666 0.7050925925925926 0.2 0.1638888888888889
0 0.9395833333333333 0.7675925925925926 0.035416666666666666 0.06481481481481481
0 0.5989583333333334 0.9583333333333334 0.11666666666666667 0.08333333333333333
0 0.40390625 0.9587962962962963 0.3453125 0.0824074074074074
