0 0.3260416666666667 0.03796296296296296 0.03958333333333333 0.07592592592592592
0 0.6997395833333333 0.03611111111111111 0.06927083333333334 0.05740740740740741
0 0.5484375 0.058333333333333334 0.10208333333333333 0.05555555555555555
0 0.3609375 0.08101851851851852 0.26875 0.04537037037037037
0 0.6158854166666666 0.24537037037037038 0.2390625 0.07037037037037037
0 0.21927083333333333 0.25601851851851853 0.09270833333333334 0.03981481481481482
0 0.30234375 0.3648148148148148 0.37447916666666664 0.11296296296296296
0 0.63046875 0.3925925925925926 0.27760416666666665 0.05185185185185185
0 0.365625 0.7324074074074074 0.05625 0.5351851851851852
0 0.22369791666666666 0.8087962962962963 0.18385416666666668 0.20277777777777778
0 0.6953125 0.8069444444444445 0.4395833333333333 0.10277777777777777
0 0.9161458333333333 0.787962962962963 0.030208333333333334 0.05555555555555555
0 0.45260416666666664 0.9388888888888889 0.04791666666666667 0.12222222222222222
0 0.7588541666666667 0.9425925925925925 0.159375 0.11481481481481481
0 0.88671875 0.9629629629629629 0.0265625 0.07407407407407407
