0 0.5200520833333333 0.10185185185185185 0.4901041666666667 0.2037037037037037
0 0.65234375 0.03564814814814815 0.15677083333333333 0.041666666666666664
0 0.24635416666666668 0.16620370370370371 0.08229166666666667 0.08425925925925926
0 0.39609375 0.44074074074074077 0.050520833333333334 0.46111111111111114
0 0.67734375 0.30694444444444446 0.14427083333333332 0.1638888888888889
0 0.57734375 0.5064814814814815 0.0734375 0.5092592592592593
0 0.7505208333333333 0.5125 0.22083333333333333 0.18425925925925926
0 0.26458333333333334 0.5532407407407407 0.18125 0.13425925925925927
0 0.8942708333333333 0.5944444444444444 0.034375 0.07037037037037037
0 0.45989583333333334 0.7671296296296296 0.3885416666666667 0.09166666666666666
0 0.90078125 0.9606481481481481 0.030729166666666665 0.0787037037037037
