0 0.5890625 0.01712962962962963 0.16875 0.03425925925925926
0 0.29453125 0.019444444444444445 0.059895833333333336 0.025925925925925925
0 0.35651041666666666 0.08287037037037037 0.2869791666666667 0.06574074074074074
0 0.6049479166666667 0.09814814814814815 0.20677083333333332 0.02962962962962963
0 0.4122395833333333 0.31342592592592594 0.03697916666666667 0.3509259259259259
0 0.06588541666666667 0.3888888888888889 0.13177083333333334 0.3814814814814815
0 0.31953125 0.3143518518518518 0.11927083333333334 0.09722222222222222
0 0.6421875 0.3138888888888889 0.29791666666666666 0.05
0 0.5205729166666667 0.4199074074074074 0.11822916666666666 0.14351851851851852
0 0.7065104166666667 0.3861111111111111 0.14947916666666666 0.07222222222222222
0 0.11041666666666666 0.6935185185185185 0.14895833333333333 0.6129629629629629
0 0.36822916666666666 0.8361111111111111 0.040625 0.3277777777777778
0 0.6721354166666667 0.8347222222222223 0.44947916666666665 0.10277777777777777
