0 0.40234375 0.06898148148148148 0.24427083333333333 0.13796296296296295
0 0.6153645833333333 0.03611111111111111 0.1515625 0.046296296296296294
0 0.64609375 0.10138888888888889 0.1078125 0.05648148148148148
0 0.3640625 0.2671296296296296 0.203125 0.2898148148148148
0 0.65703125 0.2722222222222222 0.20677083333333332 0.040740740740740744
0 0.18385416666666668 0.5523148148148148 0.14583333333333334 0.5694444444444444
0 0.36380208333333336 0.5171296296296296 0.05364583333333333 0.3138888888888889
0 0.6916666666666667 0.5337962962962963 0.3145833333333333 0.075
0 0.8171875 0.537962962962963 0.06458333333333334 0.03888888888888889
0 0.8338541666666667 0.6972222222222222 0.1375 0.1648148148148148
0 0.5640625 0.7800925925925926 0.18645833333333334 0.1824074074074074
0 0.9424479166666667 0.7754629629629629 0.03802083333333333 0.05462962962962963
0 0.23177083333333334 0.8675925925925926 0.4635416666666667 0.1425925925925926
