0 0.5546875 0.014814814814814815 0.08125 0.02962962962962963
0 0.36953125 0.02638888888888889 0.25677083333333334 0.03981481481481482
0 0.6098958333333333 0.16898148148148148 0.221875 0.06018518518518518
0 0.246875 0.17777777777777778 0.07604166666666666 0.03333333333333333
0 0.3203125 0.2708333333333333 0.34479166666666666 0.09537037037037037
0 0.621875 0.29444444444444445 0.25416666666666665 0.04259259259259259
0 0.3763020833333333 0.6439814814814815 0.059895833333333336 0.5824074074074074
0 0.015104166666666667 0.5009259259259259 0.030208333333333334 0.10925925925925926
0 0.25833333333333336 0.6337962962962963 0.159375 0.16203703703703703
0 0.6763020833333333 0.6328703703703704 0.3890625 0.0824074074074074
0 0.51796875 0.8134259259259259 0.15572916666666667 0.2490740740740741
0 0.7604166666666666 0.7555555555555555 0.19583333333333333 0.12222222222222222
0 0.03802083333333333 0.8796296296296297 0.07604166666666666 0.24074074074074073
