0 0.42604166666666665 0.053703703703703705 0.1125 0.10740740740740741
0 0.6213541666666667 0.026851851851851852 0.14583333333333334 0.024074074074074074
0 0.28151041666666665 0.175 0.07864583333333333 0.30185185185185187
0 0.41171875 0.16203703703703703 0.03697916666666667 0.1685185185185185
0 0.64921875 0.17407407407407408 0.23072916666666668 0.040740740740740744
0 0.7442708333333333 0.2564814814814815 0.090625 0.08333333333333333
0 0.55390625 0.2967592592592593 0.1296875 0.08796296296296297
0 0.30911458333333336 0.33611111111111114 0.3515625 0.07592592592592592
0 0.6453125 0.624537037037037 0.32395833333333335 0.1287037037037037
0 0.10963541666666667 0.6444444444444445 0.11927083333333334 0.07407407407407407
0 0.23489583333333333 0.8699074074074075 0.46979166666666666 0.20277777777777778
0 0.675 0.9143518518518519 0.4010416666666667 0.10462962962962963
