0 0.1859375 0.09074074074074075 0.065625 0.1814814814814815
0 0.44244791666666666 0.062037037037037036 0.019270833333333334 0.12407407407407407
0 0.37447916666666664 0.03009259259259259 0.08541666666666667 0.05462962962962963
0 0.6127604166666667 0.03009259259259259 0.21927083333333333 0.028703703703703703
0 0.5229166666666667 0.08657407407407407 0.08645833333333333 0.07685185185185185
0 0.6604166666666667 0.0699074074074074 0.109375 0.03981481481481482
0 0.22578125 0.3680555555555556 0.11822916666666666 0.5972222222222222
0 0.41510416666666666 0.425 0.059375 0.42407407407407405
0 0.6244791666666667 0.2875 0.296875 0.04537037037037037
0 0.14192708333333334 0.7462962962962963 0.17864583333333334 0.5074074074074074
0 0.6028645833333334 0.8222222222222222 0.5609375 0.15925925925925927
0 0.23802083333333332 0.9199074074074074 0.03229166666666667 0.16018518518518518
0 0.9541666666666667 0.9490740740740741 0.03229166666666667 0.06111111111111111
0 0.8682291666666667 0.9782407407407407 0.15520833333333334 0.04351851851851852
