0 0.3390625 0.0375 0.051041666666666666 0.075
0 0.46067708333333335 0.03287037037037037 0.034895833333333334 0.06574074074074074
0 0.31484375 0.11666666666666667 0.1640625 0.21481481481481482
0 0.56953125 0.12731481481481483 0.3182291666666667 0.05462962962962963
0 0.459375 0.35833333333333334 0.14479166666666668 0.37962962962962965
0 0.6260416666666667 0.19074074074074074 0.2635416666666667 0.04259259259259259
0 0.061197916666666664 0.41064814814814815 0.12239583333333333 0.35462962962962963
0 0.31171875 0.5217592592592593 0.12447916666666667 0.49166666666666664
0 0.5994791666666667 0.3138888888888889 0.30104166666666665 0.06111111111111111
0 0.7059895833333333 0.4273148148148148 0.14739583333333334 0.12685185185185185
0 0.5872395833333334 0.7078703703703704 0.05572916666666667 0.5842592592592593
0 0.14244791666666667 0.7342592592592593 0.13385416666666666 0.5314814814814814
0 0.36796875 0.875462962962963 0.0296875 0.2490740740740741
