0 0.39947916666666666 0.08101851851851852 0.24895833333333334 0.16203703703703703
0 0.6171875 0.05462962962962963 0.15416666666666667 0.04814814814814815
0 0.6486979166666667 0.12175925925925926 0.10989583333333333 0.06018518518518518
0 0.36015625 0.2967592592592593 0.20677083333333332 0.30648148148148147
0 0.66015625 0.3023148148148148 0.21197916666666666 0.041666666666666664
0 0.17057291666666666 0.6032407407407407 0.15572916666666667 0.612037037037037
0 0.3572916666666667 0.562962962962963 0.05625 0.337037037037037
0 0.6971354166666667 0.5814814814814815 0.32447916666666665 0.08148148148148149
0 0.8268229166666666 0.5851851851851851 0.06822916666666666 0.04259259259259259
0 0.8463541666666666 0.7560185185185185 0.14479166666666668 0.1787037037037037
0 0.9111979166666667 0.7615740740740741 0.028645833333333332 0.05648148148148148
0 0.565625 0.8453703703703703 0.19375 0.19444444444444445
0 0.9588541666666667 0.8398148148148148 0.03854166666666667 0.05925925925925926
0 0.23020833333333332 0.9314814814814815 0.46041666666666664 0.13703703703703704
