0 0.3815104166666667 0.03611111111111111 0.0703125 0.07222222222222222
0 0.6135416666666667 0.010185185185185186 0.175 0.020370370370370372
0 0.6125 0.04722222222222222 0.225 0.03148148148148148
0 0.471875 0.1638888888888889 0.11979166666666667 0.26296296296296295
0 0.13333333333333333 0.22824074074074074 0.10208333333333333 0.29907407407407405
0 0.3484375 0.2726851851851852 0.10104166666666667 0.325
0 0.58828125 0.13564814814814816 0.2515625 0.041666666666666664
0 0.67578125 0.21342592592592594 0.1203125 0.08611111111111111
0 0.57578125 0.41435185185185186 0.043229166666666666 0.41388888888888886
0 0.21171875 0.4685185185185185 0.11302083333333333 0.45
0 0.38385416666666666 0.7134259259259259 0.0625 0.5731481481481482
0 0.05963541666666667 0.5314814814814814 0.11302083333333333 0.14629629629629629
