0 0.2986979166666667 0.11898148148148148 0.0671875 0.23796296296296296
0 0.4596354166666667 0.024537037037037038 0.05260416666666667 0.049074074074074076
0 0.4205729166666667 0.09583333333333334 0.033854166666666664 0.14722222222222223
0 0.640625 0.10648148148148148 0.21458333333333332 0.03518518518518519
0 0.728125 0.17777777777777778 0.08333333333333333 0.07222222222222222
0 0.5520833333333334 0.2125 0.12083333333333333 0.075
0 0.3268229166666667 0.2449074074074074 0.32447916666666665 0.06388888888888888
0 0.6348958333333333 0.4842592592592593 0.29375 0.10555555555555556
0 0.15026041666666667 0.5 0.1078125 0.05925925925925926
0 0.24453125 0.6717592592592593 0.46510416666666665 0.1787037037037037
0 0.6583333333333333 0.7152777777777778 0.3541666666666667 0.0824074074074074
0 0.3416666666666667 0.9157407407407407 0.019791666666666666 0.1685185185185185
