0 0.20052083333333334 0.05694444444444444 0.042708333333333334 0.11388888888888889
0 0.5236979166666667 0.03287037037037037 0.08072916666666667 0.06574074074074074
0 0.6526041666666667 0.016666666666666666 0.103125 0.03333333333333333
0 0.25442708333333336 0.26944444444444443 0.10260416666666666 0.5037037037037037
0 0.4265625 0.3189814814814815 0.053125 0.35462962962962963
0 0.6171875 0.2050925925925926 0.27395833333333336 0.03981481481481482
0 0.20208333333333334 0.6356481481481482 0.2125 0.5157407407407407
0 0.5942708333333333 0.6444444444444445 0.49895833333333334 0.12777777777777777
0 0.34791666666666665 0.874537037037037 0.027083333333333334 0.25092592592592594
0 0.68359375 0.8050925925925926 0.42552083333333335 0.11018518518518519
