0 0.44479166666666664 0.03796296296296296 0.159375 0.07592592592592592
0 0.6388020833333333 0.04398148148148148 0.10052083333333334 0.05092592592592592
0 0.37578125 0.1865740740740741 0.19010416666666666 0.2490740740740741
0 0.6458333333333334 0.19212962962962962 0.1875 0.03611111111111111
0 0.21744791666666666 0.4222222222222222 0.1203125 0.4703703703703704
0 0.3802083333333333 0.3962962962962963 0.04791666666666667 0.25925925925925924
0 0.6783854166666666 0.4115740740740741 0.2890625 0.062037037037037036
0 0.7908854166666667 0.41574074074074074 0.058854166666666666 0.03333333333333333
0 0.8026041666666667 0.5439814814814815 0.12083333333333333 0.13425925925925927
0 0.5598958333333334 0.6097222222222223 0.16666666666666666 0.14351851851851852
0 0.24453125 0.674537037037037 0.45260416666666664 0.12685185185185185
