0 0.3143229166666667 0.11157407407407408 0.0734375 0.22314814814814815
0 0.44921875 0.10462962962962963 0.04010416666666667 0.20925925925925926
0 0.6015625 0.023148148148148147 0.22395833333333334 0.027777777777777776
0 0.27734375 0.28425925925925927 0.1828125 0.3
0 0.57734375 0.2953703703703704 0.3776041666666667 0.07407407407407407
0 0.4388020833333333 0.6453703703703704 0.1859375 0.5851851851851851
0 0.64453125 0.3861111111111111 0.3151041666666667 0.06296296296296296
0 0.018489583333333334 0.5037037037037037 0.03697916666666667 0.11666666666666667
0 0.25833333333333336 0.7555555555555555 0.16041666666666668 0.4888888888888889
0 0.6158854166666666 0.5666666666666667 0.3703125 0.09259259259259259
0 0.7513020833333334 0.7430555555555556 0.1890625 0.20092592592592592
0 0.5755208333333334 0.861574074074074 0.017708333333333333 0.27685185185185185
0 0.09713541666666667 0.9032407407407408 0.050520833333333334 0.1935185185185185
