0 0.33307291666666666 0.08425925925925926 0.14114583333333333 0.1685185185185185
0 0.5677083333333334 0.08101851851851852 0.3020833333333333 0.049074074074074076
0 0.4640625 0.2851851851851852 0.13541666666666666 0.3333333333333333
0 0.6213541666666667 0.13796296296296295 0.24895833333333334 0.03888888888888889
0 0.07838541666666667 0.36898148148148147 0.1328125 0.3861111111111111
0 0.325 0.42777777777777776 0.115625 0.42592592592592593
0 0.5953125 0.24675925925925926 0.28229166666666666 0.05462962962962963
0 0.69453125 0.3476851851851852 0.13697916666666668 0.11203703703703703
0 0.5828125 0.6185185185185185 0.051041666666666666 0.5611111111111111
0 0.15416666666666667 0.6916666666666667 0.15520833333333334 0.6166666666666667
0 0.37395833333333334 0.812962962962963 0.042708333333333334 0.37407407407407406
0 0.019791666666666666 0.8310185185185185 0.03958333333333333 0.03796296296296296
