0 0.4296875 0.10740740740740741 0.03229166666666667 0.21481481481481482
0 0.5630208333333333 0.12777777777777777 0.04895833333333333 0.25555555555555554
0 0.63984375 0.03611111111111111 0.10677083333333333 0.07222222222222222
0 0.6859375 0.13472222222222222 0.15104166666666666 0.09537037037037037
0 0.3419270833333333 0.1550925925925926 0.13177083333333334 0.06759259259259259
0 0.4825520833333333 0.2574074074074074 0.26197916666666665 0.04259259259259259
0 0.7494791666666667 0.5990740740740741 0.2635416666666667 0.5462962962962963
0 0.15963541666666667 0.7208333333333333 0.1859375 0.5583333333333333
0 0.31588541666666664 0.8296296296296296 0.04635416666666667 0.34074074074074073
0 0.7122395833333334 0.9041666666666667 0.25885416666666666 0.08611111111111111
0 0.9075520833333334 0.961574074074074 0.03802083333333333 0.07685185185185185
