0 0.42682291666666666 0.1337962962962963 0.03697916666666667 0.2657407407407407
0 0.64453125 0.06018518518518518 0.1109375 0.1
0 0.5645833333333333 0.1699074074074074 0.052083333333333336 0.2861111111111111
0 0.69375 0.17962962962962964 0.159375 0.1037037037037037
0 0.33255208333333336 0.20185185185185187 0.13802083333333334 0.07407407407407407
0 0.47994791666666664 0.31574074074074077 0.2765625 0.04814814814814815
0 0.76640625 0.6953703703703704 0.2869791666666667 0.6092592592592593
0 0.18046875 0.7620370370370371 0.10677083333333333 0.4759259259259259
0 0.9078125 0.7611111111111111 0.03229166666666667 0.053703703703703705
0 0.3065104166666667 0.8856481481481482 0.033854166666666664 0.22870370370370371
0 0.05546875 0.9375 0.05572916666666667 0.125
