0 0.20833333333333334 0.04583333333333333 0.041666666666666664 0.09166666666666666
0 0.2638020833333333 0.23703703703703705 0.09739583333333333 0.4740740740740741
0 0.5260416666666666 0.022222222222222223 0.075 0.044444444444444446
0 0.42994791666666665 0.2851851851851852 0.0515625 0.3333333333333333
0 0.6151041666666667 0.17824074074074073 0.26666666666666666 0.03796296296296296
0 0.21354166666666666 0.5800925925925926 0.209375 0.4787037037037037
0 0.59140625 0.5888888888888889 0.4796875 0.11851851851851852
0 0.3515625 0.8425925925925926 0.03333333333333333 0.3148148148148148
0 0.67734375 0.7379629629629629 0.4078125 0.10185185185185185
0 0.42916666666666664 0.987037037037037 0.06666666666666667 0.025925925925925925
