0 0.36875 0.04675925925925926 0.090625 0.09351851851851851
0 0.56484375 0.019444444444444445 0.28072916666666664 0.03888888888888889
0 0.61484375 0.06759259259259259 0.23072916666666668 0.03333333333333333
0 0.4700520833333333 0.19027777777777777 0.1234375 0.27685185185185185
0 0.12109375 0.25833333333333336 0.1078125 0.31666666666666665
0 0.34375 0.3060185185185185 0.10416666666666667 0.3453703703703704
0 0.5895833333333333 0.16064814814814815 0.25833333333333336 0.04722222222222222
0 0.6799479166666667 0.24305555555555555 0.1234375 0.09166666666666666
0 0.5768229166666666 0.45787037037037037 0.044270833333333336 0.44351851851851853
0 0.19947916666666668 0.5157407407407407 0.12083333333333333 0.48333333333333334
0 0.38255208333333335 0.7342592592592593 0.05677083333333333 0.5314814814814814
0 0.05 0.6148148148148148 0.1 0.09259259259259259
