0 0.4283854166666667 0.11990740740740741 0.034895833333333334 0.23981481481481481
0 0.6421875 0.04490740740740741 0.10833333333333334 0.08981481481481482
0 0.5638020833333334 0.14722222222222223 0.050520833333333334 0.2722222222222222
0 0.68984375 0.15648148148148147 0.1546875 0.1
0 0.3372395833333333 0.17824074074074073 0.13489583333333333 0.0712962962962963
0 0.48125 0.2861111111111111 0.26979166666666665 0.046296296296296294
0 0.7583333333333333 0.6509259259259259 0.2760416666666667 0.587037037037037
0 0.14583333333333334 0.7412037037037037 0.19583333333333333 0.5175925925925926
0 0.31171875 0.8564814814814815 0.04010416666666667 0.28703703703703703
0 0.7807291666666667 0.9657407407407408 0.14479166666666668 0.06851851851851852
0 0.6390625 0.9828703703703704 0.10833333333333334 0.03425925925925926
