0 0.21614583333333334 0.03518518518518519 0.040625 0.07037037037037037
0 0.27265625 0.21481481481481482 0.09322916666666667 0.42962962962962964
0 0.5315104166666667 0.012962962962962963 0.06197916666666667 0.025925925925925925
0 0.43333333333333335 0.2513888888888889 0.04895833333333333 0.3138888888888889
0 0.6127604166666667 0.15138888888888888 0.25885416666666666 0.03611111111111111
0 0.22526041666666666 0.525 0.2046875 0.4425925925925926
0 0.5888020833333333 0.5356481481481481 0.4609375 0.10833333333333334
0 0.35520833333333335 0.812037037037037 0.040625 0.37592592592592594
0 0.67109375 0.6722222222222223 0.39114583333333336 0.09444444444444444
0 0.25677083333333334 0.9356481481481481 0.051041666666666666 0.1287037037037037
0 0.6049479166666667 0.9439814814814815 0.4046875 0.11203703703703703
0 0.7950520833333333 0.9625 0.13489583333333333 0.075
