0 0.5203125 0.05555555555555555 0.4479166666666667 0.1111111111111111
0 0.2721354166666667 0.07962962962962963 0.0765625 0.07037037037037037
0 0.41067708333333336 0.29814814814814816 0.0421875 0.3648148148148148
0 0.6627604166666666 0.19398148148148148 0.1296875 0.13240740740740742
0 0.5713541666666667 0.3486111111111111 0.0625 0.3972222222222222
0 0.7236979166666667 0.3574074074074074 0.19114583333333332 0.14444444444444443
0 0.29635416666666664 0.38842592592592595 0.16145833333333334 0.10277777777777777
0 0.8528645833333334 0.41759259259259257 0.033854166666666664 0.05185185185185185
0 0.46927083333333336 0.5504629629629629 0.33541666666666664 0.06944444444444445
0 0.7861979166666667 0.8319444444444445 0.2765625 0.33611111111111114
0 0.9229166666666667 0.8134259259259259 0.027083333333333334 0.05648148148148148
0 0.13958333333333334 0.9351851851851852 0.030208333333333334 0.12962962962962962
