0 0.3377604166666667 0.047685185185185185 0.09010416666666667 0.09537037037037037
0 0.39036458333333335 0.11851851851851852 0.26510416666666664 0.23703703703703705
0 0.6197916666666666 0.03888888888888889 0.12604166666666666 0.022222222222222223
0 0.6229166666666667 0.11296296296296296 0.165625 0.053703703703703705
0 0.6575520833333334 0.1912037037037037 0.1171875 0.06759259259259259
0 0.3458333333333333 0.399537037037037 0.22083333333333333 0.36574074074074076
0 0.671875 0.4023148148148148 0.23125 0.05092592592592592
0 0.14453125 0.6981481481481482 0.15572916666666667 0.6037037037037037
0 0.33515625 0.7222222222222222 0.0640625 0.4185185185185185
0 0.7192708333333333 0.7416666666666667 0.36875 0.09814814814814815
0 0.86171875 0.7467592592592592 0.0765625 0.05092592592592592
0 0.8604166666666667 0.925 0.1125 0.15
0 0.4825520833333333 0.9768518518518519 0.0453125 0.046296296296296294
