0 0.37734375 0.014351851851851852 0.24322916666666666 0.028703703703703703
0 0.6080729166666666 0.14629629629629629 0.21614583333333334 0.05925925925925926
0 0.25494791666666666 0.15416666666666667 0.07135416666666666 0.032407407407407406
0 0.3255208333333333 0.24259259259259258 0.33645833333333336 0.09074074074074075
0 0.61953125 0.2652777777777778 0.24739583333333334 0.041666666666666664
0 0.38203125 0.5921296296296297 0.05572916666666667 0.5416666666666666
0 0.022916666666666665 0.48055555555555557 0.04583333333333333 0.14444444444444443
0 0.26796875 0.5833333333333334 0.15260416666666668 0.15
0 0.67109375 0.5828703703703704 0.37552083333333336 0.07685185185185185
0 0.5182291666666666 0.75 0.14895833333333333 0.22962962962962963
0 0.7513020833333334 0.6976851851851852 0.18802083333333333 0.11388888888888889
0 0.046614583333333334 0.85 0.09322916666666667 0.3
