0 0.2890625 0.027314814814814816 0.071875 0.05462962962962963
0 0.53984375 0.02546296296296296 0.3796875 0.05092592592592592
0 0.41953125 0.20972222222222223 0.04010416666666667 0.30833333333333335
0 0.6526041666666667 0.12268518518518519 0.11979166666666667 0.11388888888888889
0 0.5677083333333334 0.2518518518518518 0.057291666666666664 0.3351851851851852
0 0.7075520833333333 0.2611111111111111 0.1734375 0.12222222222222222
0 0.31588541666666664 0.287962962962963 0.1484375 0.08703703703703704
0 0.475 0.42268518518518516 0.30416666666666664 0.05648148148148148
0 0.7796875 0.7574074074074074 0.290625 0.48518518518518516
0 0.16328125 0.8393518518518519 0.0703125 0.3212962962962963
