0 0.3338541666666667 0.05740740740740741 0.09166666666666666 0.11481481481481481
0 0.38697916666666665 0.13194444444444445 0.271875 0.2638888888888889
0 0.6216145833333333 0.05694444444444444 0.12864583333333332 0.023148148148148147
0 0.6252604166666667 0.13472222222222222 0.16927083333333334 0.05648148148148148
0 0.6606770833333333 0.2162037037037037 0.1203125 0.0712962962962963
0 0.340625 0.43796296296296294 0.22604166666666667 0.387037037037037
0 0.6765625 0.4398148148148148 0.23854166666666668 0.053703703703703705
0 0.13854166666666667 0.7166666666666667 0.146875 0.5666666666666667
0 0.3265625 0.7791666666666667 0.06770833333333333 0.44166666666666665
0 0.72265625 0.8037037037037037 0.37447916666666664 0.10740740740740741
0 0.8697916666666666 0.8064814814814815 0.06875 0.05
0 0.8518229166666667 0.9606481481481481 0.07135416666666666 0.0787037037037037
