0 0.409375 0.07546296296296297 0.14166666666666666 0.15092592592592594
0 0.6307291666666667 0.06296296296296296 0.1625 0.027777777777777776
0 0.26848958333333334 0.2263888888888889 0.08697916666666666 0.33425925925925926
0 0.4049479166666667 0.21157407407407408 0.0390625 0.18611111111111112
0 0.6518229166666667 0.22453703703703703 0.23489583333333333 0.04537037037037037
0 0.7565104166666666 0.3162037037037037 0.09635416666666667 0.09351851851851851
0 0.5549479166666667 0.36157407407407405 0.13697916666666668 0.09722222222222222
0 0.29739583333333336 0.4041666666666667 0.3697916666666667 0.08425925925925926
0 0.6536458333333334 0.7351851851851852 0.3489583333333333 0.15
0 0.07473958333333333 0.7569444444444444 0.1328125 0.08425925925925926
0 0.0640625 0.9592592592592593 0.128125 0.08148148148148149
