0 0.3302083333333333 0.028703703703703703 0.03854166666666667 0.05740740740740741
0 0.6981770833333333 0.020370370370370372 0.0609375 0.040740740740740744
0 0.5484375 0.03981481481481482 0.09895833333333333 0.05185185185185185
0 0.3653645833333333 0.06157407407407407 0.2630208333333333 0.04537037037037037
0 0.6140625 0.21851851851851853 0.23333333333333334 0.06666666666666667
0 0.22916666666666666 0.22870370370370371 0.08541666666666667 0.037037037037037035
0 0.30885416666666665 0.33194444444444443 0.36354166666666665 0.10648148148148148
0 0.62734375 0.3578703703703704 0.26927083333333335 0.049074074074074076
0 0.36744791666666665 0.7125 0.06197916666666667 0.575
0 0.23645833333333333 0.7453703703703703 0.17604166666666668 0.18703703703703703
0 0.6890625 0.7444444444444445 0.42083333333333334 0.0962962962962963
0 0.47109375 0.9050925925925926 0.0765625 0.18981481481481483
0 0.77890625 0.8888888888888888 0.21197916666666666 0.14444444444444443
0 0.018229166666666668 0.9458333333333333 0.036458333333333336 0.10833333333333334
