0 0.5205729166666667 0.03518518518518519 0.4276041666666667 0.07037037037037037
0 0.2830729166666667 0.0412037037037037 0.0734375 0.06574074074074074
0 0.4166666666666667 0.23703703703703705 0.040625 0.32592592592592595
0 0.6557291666666667 0.14583333333333334 0.121875 0.11944444444444445
0 0.5692708333333333 0.2824074074074074 0.059375 0.3537037037037037
0 0.7125 0.2916666666666667 0.17916666666666667 0.12777777777777777
0 0.30963541666666666 0.3199074074074074 0.15260416666666668 0.09166666666666666
0 0.8317708333333333 0.3425925925925926 0.030208333333333334 0.05185185185185185
0 0.4739583333333333 0.4625 0.3145833333333333 0.06018518518518518
0 0.7747395833333334 0.7805555555555556 0.2734375 0.4388888888888889
0 0.15598958333333332 0.8689814814814815 0.0578125 0.262037037037037
