0 0.659375 0.007407407407407408 0.12395833333333334 0.014814814814814815
0 0.42421875 0.15694444444444444 0.03697916666666667 0.28055555555555556
0 0.646875 0.07962962962962963 0.11354166666666667 0.1037037037037037
0 0.565625 0.19537037037037036 0.053125 0.30185185185185187
0 0.6979166666666666 0.2050925925925926 0.16354166666666667 0.11018518518518519
0 0.3268229166666667 0.22962962962962963 0.1421875 0.07777777777777778
0 0.4783854166666667 0.35 0.28489583333333335 0.05185185185185185
0 0.7744791666666667 0.7148148148148148 0.296875 0.5703703703703704
0 0.17578125 0.7861111111111111 0.09427083333333333 0.42777777777777776
0 0.9255208333333333 0.8356481481481481 0.034375 0.06018518518518518
0 0.30130208333333336 0.9194444444444444 0.0265625 0.16111111111111112
0 0.02265625 0.9763888888888889 0.03697916666666667 0.04722222222222222
