0 0.4328125 0.12453703703703704 0.026041666666666668 0.24351851851851852
0 0.14583333333333334 0.1837962962962963 0.09479166666666666 0.275
0 0.35598958333333336 0.12777777777777777 0.09635416666666667 0.06851851851851852
0 0.62265625 0.12777777777777777 0.24635416666666668 0.03518518518518519
0 0.521875 0.1986111111111111 0.09791666666666667 0.09722222222222222
0 0.6760416666666667 0.17731481481481481 0.12291666666666666 0.049074074074074076
0 0.16484375 0.5893518518518519 0.16302083333333334 0.8212962962962963
0 0.390625 0.6611111111111111 0.07604166666666666 0.5944444444444444
0 0.6393229166666666 0.4615740740740741 0.3453125 0.062037037037037036
0 0.009114583333333334 0.9527777777777777 0.018229166666666668 0.09444444444444444
