0 0.2903645833333333 0.1726851851851852 0.0859375 0.3453703703703704
0 0.43984375 0.1875 0.0453125 0.27870370370370373
0 0.60859375 0.1 0.2453125 0.03333333333333333
0 0.24661458333333333 0.42453703703703705 0.19635416666666666 0.38055555555555554
0 0.5841145833333333 0.4356481481481482 0.4265625 0.09537037037037037
0 0.36276041666666664 0.7555555555555555 0.0515625 0.4888888888888889
0 0.6598958333333333 0.5513888888888889 0.35833333333333334 0.08055555555555556
0 0.209375 0.8592592592592593 0.19479166666666667 0.2814814814814815
0 0.6309895833333333 0.7921296296296296 0.4328125 0.12314814814814815
0 0.7138020833333333 0.9486111111111111 0.0703125 0.10277777777777777
