0 0.5203125 0.07731481481481481 0.46770833333333334 0.15462962962962962
0 0.6716145833333333 0.010648148148148148 0.09947916666666666 0.021296296296296296
0 0.2598958333333333 0.12037037037037036 0.07916666666666666 0.07777777777777778
0 0.4044270833333333 0.36527777777777776 0.0453125 0.4083333333333333
0 0.66953125 0.24722222222222223 0.1359375 0.14629629629629629
0 0.5739583333333333 0.42268518518518516 0.06770833333333333 0.44907407407407407
0 0.73671875 0.4300925925925926 0.20572916666666666 0.16203703703703703
0 0.28125 0.4652777777777778 0.17083333333333334 0.11574074074074074
0 0.871875 0.5037037037037037 0.035416666666666666 0.05740740740740741
0 0.46484375 0.6513888888888889 0.35989583333333336 0.0787037037037037
0 0.8104166666666667 0.8912037037037037 0.24583333333333332 0.2175925925925926
0 0.9611979166666667 0.9708333333333333 0.030729166666666665 0.058333333333333334
