0 0.49192708333333335 0.05462962962962963 0.21197916666666666 0.027777777777777776
0 0.6794270833333333 0.17453703703703705 0.1609375 0.15462962962962962
0 0.2513020833333333 0.362962962962963 0.12760416666666666 0.3814814814814815
0 0.771875 0.33240740740740743 0.042708333333333334 0.1648148148148148
0 0.31796875 0.6041666666666666 0.3984375 0.6101851851851852
0 0.6614583333333334 0.43194444444444446 0.18541666666666667 0.04537037037037037
0 0.8020833333333334 0.47129629629629627 0.027083333333333334 0.06296296296296296
0 0.6708333333333333 0.5990740740740741 0.25 0.1259259259259259
0 0.7325520833333333 0.7930555555555555 0.18177083333333333 0.175
0 0.06770833333333333 0.9305555555555556 0.04479166666666667 0.1388888888888889
