0 0.59921875 0.028703703703703703 0.19010416666666666 0.044444444444444446
0 0.28932291666666665 0.03564814814814815 0.06197916666666667 0.025
0 0.3528645833333333 0.10231481481481482 0.2921875 0.06944444444444445
0 0.60703125 0.11898148148148148 0.21302083333333333 0.030555555555555555
0 0.40859375 0.3458333333333333 0.0390625 0.3712962962962963
0 0.06041666666666667 0.40046296296296297 0.12083333333333333 0.35462962962962963
0 0.31354166666666666 0.3458333333333333 0.12291666666666666 0.10277777777777777
0 0.6473958333333333 0.34629629629629627 0.3104166666666667 0.053703703703703705
0 0.5200520833333333 0.45740740740740743 0.12239583333333333 0.15185185185185185
0 0.71171875 0.42268518518518516 0.15364583333333334 0.075
0 0.10182291666666667 0.7125 0.1453125 0.575
0 0.36484375 0.8638888888888889 0.0359375 0.2722222222222222
0 0.6778645833333333 0.9037037037037037 0.46822916666666664 0.1111111111111111
