0 0.5723958333333333 0.056018518518518516 0.016666666666666666 0.11203703703703703
0 0.6736979166666667 0.02824074074074074 0.1140625 0.05648148148148148
0 0.365625 0.03657407407407407 0.11666666666666667 0.05277777777777778
0 0.4890625 0.11296296296296296 0.22708333333333333 0.03333333333333333
0 0.6908854166666667 0.25462962962962965 0.1734375 0.1814814814814815
0 0.22604166666666667 0.4787037037037037 0.14270833333333333 0.45925925925925926
0 0.79296875 0.44212962962962965 0.04739583333333333 0.19166666666666668
0 0.22916666666666666 0.6990740740740741 0.31354166666666666 0.6018518518518519
0 0.675 0.5583333333333333 0.20520833333333333 0.05555555555555555
0 0.8307291666666666 0.6064814814814815 0.03125 0.07592592592592592
0 0.68671875 0.7657407407407407 0.2786458333333333 0.1574074074074074
0 0.821875 0.95 0.08020833333333334 0.1
0 0.40729166666666666 0.9546296296296296 0.05416666666666667 0.09074074074074075
