0 0.07526041666666666 0.08333333333333333 0.0671875 0.16666666666666666
0 0.33203125 0.025925925925925925 0.1140625 0.05185185185185185
0 0.43125 0.05462962962962963 0.021875 0.10925925925925926
0 0.6247395833333333 0.018518518518518517 0.31197916666666664 0.024074074074074074
0 0.7252604166666666 0.05324074074074074 0.1484375 0.032407407407407406
0 0.5028645833333333 0.0787037037037037 0.12552083333333333 0.06481481481481481
0 0.1578125 0.33055555555555555 0.128125 0.5
0 0.4296875 0.35462962962962963 0.06770833333333333 0.337037037037037
0 0.65625 0.24166666666666667 0.3885416666666667 0.046296296296296294
0 0.15052083333333333 0.7212962962962963 0.30104166666666665 0.3611111111111111
0 0.6575520833333334 0.6476851851851851 0.6848958333333334 0.06759259259259259
0 0.9484375 0.7342592592592593 0.103125 0.018518518518518517
0 0.7596354166666667 0.7981481481481482 0.48072916666666665 0.10925925925925926
0 0.3536458333333333 0.8731481481481481 0.025 0.2537037037037037
