0 0.6528645833333333 0.014814814814814815 0.1640625 0.02962962962962963
0 0.17526041666666667 0.02546296296296296 0.1640625 0.041666666666666664
0 0.34661458333333334 0.07916666666666666 0.3067708333333333 0.026851851851851852
0 0.71171875 0.2518518518518518 0.4244791666666667 0.2814814814814815
0 0.21510416666666668 0.3597222222222222 0.08333333333333333 0.3398148148148148
0 0.3453125 0.5189814814814815 0.06145833333333333 0.4324074074074074
0 0.6479166666666667 0.42407407407407405 0.49375 0.07407407407407407
0 0.05 0.44583333333333336 0.1 0.04351851851851852
0 0.19114583333333332 0.7203703703703703 0.38229166666666664 0.1962962962962963
0 0.6609375 0.6944444444444444 0.5177083333333333 0.07037037037037037
