0 0.24270833333333333 0.09074074074074075 0.096875 0.1814814814814815
0 0.44765625 0.07546296296296297 0.049479166666666664 0.15092592592592594
0 0.5731770833333333 0.003703703703703704 0.2046875 0.007407407407407408
0 0.21848958333333332 0.22592592592592592 0.29322916666666665 0.22407407407407406
0 0.6114583333333333 0.2162037037037037 0.4864583333333333 0.03611111111111111
0 0.7075520833333333 0.28425925925925927 0.3880208333333333 0.06296296296296296
0 0.4921875 0.46435185185185185 0.23541666666666666 0.4009259259259259
0 0.24583333333333332 0.6347222222222222 0.17916666666666667 0.5064814814814815
0 0.6833333333333333 0.41203703703703703 0.45208333333333334 0.03888888888888889
0 0.85390625 0.5231481481481481 0.22447916666666667 0.12222222222222222
0 0.6744791666666666 0.7597222222222222 0.10625 0.48055555555555557
0 0.0515625 0.787962962962963 0.103125 0.4
0 0.375 0.9333333333333333 0.023958333333333335 0.13333333333333333
