0 0.1109375 0.034722222222222224 0.05 0.06944444444444445
0 0.19635416666666666 0.19675925925925927 0.11354166666666667 0.39351851851851855
0 0.5153645833333333 0.012037037037037037 0.0890625 0.024074074074074074
0 0.43776041666666665 0.21712962962962962 0.058854166666666666 0.2657407407407407
0 0.6403645833333333 0.1300925925925926 0.3484375 0.03796296296296296
0 0.16588541666666667 0.4648148148148148 0.33177083333333335 0.3296296296296296
0 0.6364583333333333 0.4439814814814815 0.5927083333333333 0.05092592592592592
0 0.7544270833333333 0.5467592592592593 0.47552083333333334 0.09537037037037037
0 0.37734375 0.7583333333333333 0.06614583333333333 0.48333333333333334
0 0.17265625 0.8490740740740741 0.23697916666666666 0.30185185185185187
0 0.7229166666666667 0.7458333333333333 0.5541666666666667 0.062037037037037036
0 0.9049479166666666 0.9125 0.19010416666666666 0.16574074074074074
0 0.671875 0.961574074074074 0.027083333333333334 0.07685185185185185
