0 0.4203125 0.07314814814814814 0.020833333333333332 0.14629629629629629
0 0.63046875 0.07916666666666666 0.25677083333333334 0.0787037037037037
0 0.1421875 0.11435185185185186 0.18020833333333333 0.05092592592592592
0 0.3294270833333333 0.18101851851851852 0.3411458333333333 0.032407407407407406
0 0.7416666666666667 0.4009259259259259 0.48541666666666666 0.362962962962963
0 0.17161458333333332 0.5421296296296296 0.1078125 0.44722222222222224
0 0.3182291666666667 0.7319444444444444 0.06979166666666667 0.5361111111111111
0 0.6708333333333333 0.6240740740740741 0.5697916666666667 0.1
0 0.8791666666666667 0.975462962962963 0.13854166666666667 0.049074074074074076
0 0.040364583333333336 0.9814814814814815 0.08072916666666667 0.037037037037037035
