0 0.28098958333333335 0.09166666666666666 0.050520833333333334 0.18333333333333332
0 0.8059895833333334 0.05277777777777778 0.0484375 0.10555555555555556
0 0.3875 0.1726851851851852 0.042708333333333334 0.24351851851851852
0 0.1234375 0.12314814814814815 0.14375 0.05185185185185185
0 0.6140625 0.12222222222222222 0.378125 0.044444444444444446
0 0.20807291666666666 0.26157407407407407 0.4161458333333333 0.1527777777777778
0 0.6161458333333333 0.27314814814814814 0.37395833333333334 0.037037037037037035
0 0.16145833333333334 0.5370370370370371 0.3229166666666667 0.337037037037037
0 0.6427083333333333 0.5013888888888889 0.61875 0.05462962962962963
0 0.7213541666666666 0.8328703703703704 0.5572916666666666 0.06574074074074074
0 0.8778645833333333 0.9638888888888889 0.10052083333333334 0.07222222222222222
