0 0.25885416666666666 0.05555555555555555 0.090625 0.1111111111111111
0 0.4513020833333333 0.04212962962962963 0.04635416666666667 0.08425925925925926
0 0.23802083333333332 0.14814814814814814 0.2760416666666667 0.1925925925925926
0 0.6033854166666667 0.1398148148148148 0.4515625 0.03148148148148148
0 0.6916666666666667 0.19907407407407407 0.35833333333333334 0.053703703703703705
0 0.49322916666666666 0.3472222222222222 0.2125 0.3333333333333333
0 0.2682291666666667 0.48703703703703705 0.16145833333333334 0.4148148148148148
0 0.6671875 0.30694444444444446 0.41458333333333336 0.03425925925925926
0 0.8223958333333333 0.3990740740740741 0.203125 0.1
0 0.65546875 0.6574074074074074 0.09010416666666667 0.5222222222222223
0 0.07083333333333333 0.7157407407407408 0.14166666666666666 0.5277777777777778
0 0.38333333333333336 0.8384259259259259 0.03333333333333333 0.32314814814814813
