0 0.11796875 0.025925925925925925 0.0484375 0.05185185185185185
0 0.20338541666666668 0.1814814814814815 0.1109375 0.362962962962963
0 0.4393229166666667 0.1935185185185185 0.0578125 0.2537037037037037
0 0.6375 0.1111111111111111 0.3416666666666667 0.03518518518518519
0 0.16927083333333334 0.42777777777777776 0.334375 0.3148148148148148
0 0.6325520833333333 0.4097222222222222 0.5765625 0.049074074074074076
0 0.7473958333333334 0.5083333333333333 0.4625 0.08888888888888889
0 0.415625 0.7388888888888889 0.14375 0.5222222222222223
0 0.18385416666666668 0.8245370370370371 0.228125 0.3509259259259259
0 0.7236979166666667 0.6953703703703704 0.5526041666666667 0.05740740740740741
0 0.8997395833333334 0.8537037037037037 0.20052083333333334 0.16111111111111112
0 0.6677083333333333 0.9300925925925926 0.030208333333333334 0.1398148148148148
