0 0.23802083333333332 0.10324074074074074 0.09895833333333333 0.2064814814814815
0 0.446875 0.0875 0.051041666666666666 0.175
0 0.6229166666666667 0.0125 0.30520833333333336 0.025
0 0.2125 0.25277777777777777 0.2989583333333333 0.2351851851851852
0 0.6140625 0.2412037037037037 0.49895833333333334 0.03611111111111111
0 0.7125 0.31342592592592594 0.396875 0.06574074074074074
0 0.49166666666666664 0.5032407407407408 0.24375 0.42314814814814816
0 0.23802083333333332 0.687037037037037 0.18541666666666667 0.5425925925925926
0 0.68828125 0.44814814814814813 0.46510416666666665 0.040740740740740744
0 0.8651041666666667 0.5657407407407408 0.23229166666666667 0.12777777777777777
0 0.65625 0.7814814814814814 0.0625 0.43703703703703706
0 0.04479166666666667 0.8175925925925925 0.08958333333333333 0.3648148148148148
