0 0.7286458333333333 0.0375 0.140625 0.05277777777777778
0 0.4973958333333333 0.06805555555555555 0.14479166666666668 0.04722222222222222
0 0.22578125 0.10046296296296296 0.39739583333333334 0.03611111111111111
0 0.05625 0.26990740740740743 0.1125 0.03796296296296296
0 0.6265625 0.35694444444444445 0.553125 0.04537037037037037
0 0.21953125 0.36527777777777776 0.4390625 0.05648148148148148
0 0.371875 0.6935185185185185 0.04583333333333333 0.5462962962962963
0 0.20130208333333333 0.6939814814814815 0.2140625 0.15648148148148147
0 0.7200520833333334 0.6680555555555555 0.5505208333333333 0.06944444444444445
0 0.8854166666666666 0.7736111111111111 0.22916666666666666 0.08055555555555556
0 0.5067708333333333 0.8657407407407407 0.23020833333333332 0.21666666666666667
