0 0.32473958333333336 0.038425925925925926 0.14010416666666667 0.07685185185185185
0 0.6377604166666667 0.005555555555555556 0.2869791666666667 0.011111111111111112
0 0.6630208333333333 0.04212962962962963 0.30625 0.03981481481481482
0 0.49453125 0.1449074074074074 0.17447916666666666 0.23055555555555557
0 0.039322916666666666 0.15925925925925927 0.059895833333333336 0.16296296296296298
0 0.30807291666666664 0.23796296296296296 0.1328125 0.2777777777777778
0 0.63984375 0.11944444444444445 0.3453125 0.025925925925925925
0 0.7661458333333333 0.18333333333333332 0.165625 0.07037037037037037
0 0.6247395833333333 0.34675925925925927 0.06614583333333333 0.33425925925925926
0 0.15729166666666666 0.4 0.10208333333333333 0.362962962962963
0 0.4088541666666667 0.6111111111111112 0.06041666666666667 0.4925925925925926
