0 0.42239583333333336 0.12546296296296297 0.025 0.2212962962962963
0 0.03697916666666667 0.16064814814814815 0.07395833333333333 0.19907407407407407
0 0.31145833333333334 0.13240740740740742 0.12916666666666668 0.06481481481481481
0 0.6393229166666666 0.12268518518518519 0.3494791666666667 0.030555555555555555
0 0.7528645833333333 0.16666666666666666 0.1671875 0.037037037037037035
0 0.5028645833333333 0.19768518518518519 0.14114583333333333 0.0824074074074074
0 0.09296875 0.5430555555555555 0.15572916666666667 0.6861111111111111
0 0.4153645833333333 0.5685185185185185 0.08177083333333333 0.46296296296296297
0 0.6807291666666667 0.41203703703703703 0.45 0.05925925925925926
0 0.925 0.9671296296296297 0.15 0.06018518518518518
0 0.5799479166666667 0.9731481481481481 0.6130208333333333 0.053703703703703705
