0 0.09713541666666667 0.09074074074074075 0.1515625 0.037037037037037035
0 0.22786458333333334 0.1587962962962963 0.4421875 0.04722222222222222
0 0.6052083333333333 0.15694444444444444 0.459375 0.032407407407407406
0 0.4005208333333333 0.3731481481481482 0.03333333333333333 0.34629629629629627
0 0.2630208333333333 0.3787037037037037 0.165625 0.1
0 0.675 0.362962962962963 0.4375 0.044444444444444446
0 0.8192708333333333 0.43333333333333335 0.21145833333333333 0.05925925925925926
0 0.5044270833333333 0.4847222222222222 0.1796875 0.13055555555555556
0 0.37604166666666666 0.8592592592592593 0.03854166666666667 0.2814814814814815
0 0.7200520833333334 0.8523148148148149 0.5598958333333334 0.10833333333333334
