0 0.25755208333333335 0.04722222222222222 0.3953125 0.037037037037037035
0 0.5932291666666667 0.04583333333333333 0.4083333333333333 0.026851851851851852
0 0.41484375 0.2101851851851852 0.027604166666666666 0.2611111111111111
0 0.01953125 0.1925925925925926 0.0390625 0.11666666666666667
0 0.2947916666666667 0.21805555555555556 0.14166666666666666 0.07685185185185185
0 0.6515625 0.2050925925925926 0.3802083333333333 0.03425925925925926
0 0.77578125 0.25787037037037036 0.18177083333333333 0.04351851851851852
0 0.5036458333333333 0.29583333333333334 0.15520833333333334 0.09722222222222222
0 0.0390625 0.5791666666666667 0.078125 0.562037037037037
0 0.40338541666666666 0.7314814814814815 0.09322916666666667 0.5370370370370371
0 0.7013020833333333 0.5560185185185185 0.5015625 0.07314814814814814
0 0.07109375 0.8925925925925926 0.11197916666666667 0.21481481481481482
