0 0.2953125 0.05092592592592592 0.040625 0.10185185185185185
0 0.39739583333333334 0.09814814814814815 0.03854166666666667 0.1962962962962963
0 0.15078125 0.050462962962962966 0.13489583333333333 0.04537037037037037
0 0.60546875 0.05138888888888889 0.3494791666666667 0.03796296296296296
0 0.23098958333333333 0.1675925925925926 0.3848958333333333 0.12777777777777777
0 0.60625 0.17777777777777778 0.3416666666666667 0.03148148148148148
0 0.18072916666666666 0.38101851851851853 0.325 0.2916666666666667
0 0.6278645833333333 0.36527777777777776 0.5557291666666667 0.04537037037037037
0 0.7153645833333333 0.6277777777777778 0.5307291666666667 0.053703703703703705
0 0.8927083333333333 0.7833333333333333 0.21458333333333332 0.1685185185185185
0 0.49635416666666665 0.8893518518518518 0.27291666666666664 0.16203703703703703
0 0.3171875 0.9736111111111111 0.07083333333333333 0.05277777777777778
