0 0.6380208333333334 0.022685185185185187 0.20416666666666666 0.04537037037037037
0 0.16927083333333334 0.04212962962962963 0.16770833333333332 0.04351851851851852
0 0.34348958333333335 0.09722222222222222 0.31302083333333336 0.027777777777777776
0 0.7171875 0.27824074074074073 0.43645833333333334 0.2972222222222222
0 0.20755208333333333 0.39166666666666666 0.08697916666666666 0.3574074074074074
0 0.34036458333333336 0.5615740740740741 0.0640625 0.4601851851851852
0 0.65234375 0.4597222222222222 0.5067708333333333 0.07685185185185185
0 0.04453125 0.48333333333333334 0.0890625 0.046296296296296294
0 0.1890625 0.7833333333333333 0.378125 0.19444444444444445
0 0.6666666666666666 0.7481481481481481 0.5354166666666667 0.07407407407407407
