0 0.3690104166666667 0.016666666666666666 0.0609375 0.03333333333333333
0 0.49505208333333334 0.1 0.16510416666666666 0.2
0 0.6119791666666666 0.011111111111111112 0.20416666666666666 0.022222222222222223
0 0.06276041666666667 0.10694444444444444 0.05260416666666667 0.14351851851851852
0 0.3177083333333333 0.18009259259259258 0.12708333333333333 0.24722222222222223
0 0.6333333333333333 0.07314814814814814 0.32916666666666666 0.024074074074074074
0 0.7526041666666666 0.13055555555555556 0.15625 0.06111111111111111
0 0.6171875 0.2763888888888889 0.06145833333333333 0.2953703703703704
0 0.17864583333333334 0.3226851851851852 0.08958333333333333 0.3194444444444444
0 0.019270833333333334 0.22361111111111112 0.035416666666666666 0.09166666666666666
0 0.41640625 0.5055555555555555 0.05572916666666667 0.42407407407407405
0 0.023958333333333335 0.44027777777777777 0.04791666666666667 0.03425925925925926
