0 0.2825520833333333 0.08148148148148149 0.043229166666666666 0.16296296296296298
0 0.8020833333333334 0.04351851851851852 0.04583333333333333 0.08703703703703704
0 0.38984375 0.15046296296296297 0.0421875 0.23425925925925925
0 0.13046875 0.10416666666666667 0.14114583333333333 0.05092592592592592
0 0.61171875 0.10416666666666667 0.3703125 0.041666666666666664
0 0.21380208333333334 0.23657407407407408 0.4088541666666667 0.14537037037037037
0 0.6135416666666667 0.24768518518518517 0.365625 0.03611111111111111
0 0.16432291666666668 0.4888888888888889 0.32864583333333336 0.3351851851851852
0 0.6388020833333333 0.46435185185185185 0.6026041666666667 0.05277777777777778
0 0.7221354166666667 0.7763888888888889 0.5557291666666667 0.06018518518518518
0 0.9036458333333334 0.9324074074074075 0.17604166666666668 0.13518518518518519
