0 0.421875 0.062037037037037036 0.019791666666666666 0.12407407407407407
0 0.628125 0.06157407407407407 0.2520833333333333 0.075
0 0.14921875 0.09583333333333334 0.1765625 0.049074074074074076
0 0.3333333333333333 0.1587962962962963 0.3333333333333333 0.032407407407407406
0 0.73515625 0.3680555555555556 0.4734375 0.3435185185185185
0 0.18151041666666667 0.5013888888888889 0.10260416666666666 0.4212962962962963
0 0.3221354166666667 0.7060185185185185 0.07239583333333334 0.5546296296296296
0 0.6661458333333333 0.5796296296296296 0.553125 0.09259259259259259
0 0.025520833333333333 0.6027777777777777 0.051041666666666666 0.044444444444444446
0 0.10755208333333334 0.9421296296296297 0.21510416666666668 0.11574074074074074
0 0.68671875 0.9305555555555556 0.5984375 0.09259259259259259
0 0.23177083333333334 0.9518518518518518 0.10104166666666667 0.0962962962962963
