0 0.23255208333333333 0.11435185185185186 0.10052083333333334 0.22870370370370371
0 0.4453125 0.09768518518518518 0.052083333333333336 0.19537037037037036
0 0.625 0.02546296296296296 0.31145833333333334 0.030555555555555555
0 0.20572916666666666 0.27870370370370373 0.30416666666666664 0.2462962962962963
0 0.6169270833333333 0.2657407407407407 0.5098958333333333 0.040740740740740744
0 0.7174479166666666 0.34305555555555556 0.40677083333333336 0.06944444444444445
0 0.49114583333333334 0.5430555555555555 0.2520833333333333 0.44722222222222224
0 0.23020833333333332 0.725 0.19166666666666668 0.55
0 0.6934895833333333 0.4837962962962963 0.4786458333333333 0.04351851851851852
0 0.8760416666666667 0.6097222222222223 0.23958333333333334 0.1361111111111111
0 0.6549479166666666 0.8023148148148148 0.0515625 0.39537037037037037
0 0.03828125 0.8337962962962963 0.0765625 0.30277777777777776
