0 0.2721354166666667 0.04351851851851852 0.07239583333333334 0.08703703703703704
0 0.45208333333333334 0.03148148148148148 0.04583333333333333 0.06296296296296296
0 0.24401041666666667 0.12268518518518519 0.26927083333333335 0.18425925925925926
0 0.6005208333333333 0.11481481481481481 0.4395833333333333 0.03148148148148148
0 0.6872395833333333 0.1712962962962963 0.3494791666666667 0.05185185185185185
0 0.49296875 0.3106481481481482 0.20572916666666666 0.3138888888888889
0 0.2752604166666667 0.44166666666666665 0.15677083333333333 0.387037037037037
0 0.6622395833333333 0.2726851851851852 0.4015625 0.032407407407407406
0 0.8119791666666667 0.3597222222222222 0.19583333333333333 0.09537037037037037
0 0.6497395833333334 0.5981481481481481 0.08489583333333334 0.48518518518518516
0 0.07994791666666666 0.6777777777777778 0.14739583333333334 0.5370370370370371
0 0.38567708333333334 0.8087962962962963 0.03697916666666667 0.3824074074074074
