0 0.37161458333333336 0.015277777777777777 0.05677083333333333 0.030555555555555555
0 0.6325520833333333 0.0699074074074074 0.32760416666666664 0.021296296296296296
0 0.7515625 0.12731481481481483 0.15520833333333334 0.062037037037037036
0 0.4973958333333333 0.16342592592592592 0.16041666666666668 0.05648148148148148
0 0.2078125 0.20277777777777778 0.415625 0.04259259259259259
0 0.03125 0.4152777777777778 0.0625 0.049074074074074076
0 0.6453125 0.5282407407407408 0.6322916666666667 0.05648148148148148
0 0.21510416666666668 0.5402777777777777 0.43020833333333336 0.06944444444444445
0 0.35989583333333336 0.8055555555555556 0.035416666666666666 0.3888888888888889
0 0.19765625 0.9375 0.15364583333333334 0.125
0 0.940625 0.9277777777777778 0.11875 0.05555555555555555
0 0.7174479166666666 0.9675925925925926 0.5651041666666666 0.06111111111111111
