0 0.42552083333333335 0.09583333333333334 0.023958333333333335 0.19166666666666668
0 0.04479166666666667 0.14444444444444443 0.08958333333333333 0.22962962962962963
0 0.3190104166666667 0.09490740740740741 0.12447916666666667 0.06018518518518518
0 0.634375 0.08564814814814815 0.33541666666666664 0.028703703703703703
0 0.7434895833333334 0.12638888888888888 0.1609375 0.03611111111111111
0 0.5026041666666666 0.15601851851851853 0.13541666666666666 0.075
0 0.11875 0.46435185185185185 0.14166666666666666 0.6138888888888889
0 0.4200520833333333 0.4898148148148148 0.0765625 0.4148148148148148
0 0.671875 0.3509259259259259 0.4270833333333333 0.053703703703703705
0 0.64453125 0.8569444444444444 0.7109375 0.08425925925925926
0 0.06744791666666666 0.9203703703703704 0.13489583333333333 0.15925925925925927
0 0.17473958333333334 0.9638888888888889 0.034895833333333334 0.07222222222222222
