0 0.221875 0.1388888888888889 0.10520833333333333 0.2777777777777778
0 0.4434895833333333 0.12962962962962962 0.05364583333333333 0.22407407407407406
0 0.6302083333333334 0.05787037037037037 0.3229166666666667 0.032407407407407406
0 0.19192708333333333 0.3333333333333333 0.31614583333333335 0.27037037037037037
0 0.6229166666666667 0.31851851851851853 0.534375 0.04259259259259259
0 0.7286458333333333 0.4027777777777778 0.4270833333333333 0.07592592592592592
0 0.490625 0.6291666666666667 0.26875 0.5027777777777778
0 0.21380208333333334 0.7611111111111111 0.2046875 0.4777777777777778
0 0.7052083333333333 0.5601851851851852 0.50625 0.04814814814814815
0 0.8859375 0.700925925925926 0.228125 0.1537037037037037
0 0.6588541666666666 0.8481481481481481 0.042708333333333334 0.3037037037037037
0 0.023697916666666666 0.8870370370370371 0.04739583333333333 0.20555555555555555
