0 0.725 0.024074074074074074 0.1375 0.04814814814814815
0 0.4973958333333333 0.05138888888888889 0.14166666666666666 0.04537037037037037
0 0.23072916666666668 0.08333333333333333 0.38958333333333334 0.03333333333333333
0 0.06041666666666667 0.24537037037037038 0.12083333333333333 0.03888888888888889
0 0.6236979166666666 0.3282407407407407 0.5390625 0.041666666666666664
0 0.2203125 0.33611111111111114 0.440625 0.053703703703703705
0 0.3763020833333333 0.6449074074074074 0.043229166666666666 0.5120370370370371
0 0.21067708333333332 0.6458333333333334 0.20677083333333332 0.14907407407407408
0 0.71328125 0.6222222222222222 0.5328125 0.06666666666666667
0 0.8809895833333333 0.7263888888888889 0.23802083333333332 0.08796296296296297
0 0.5067708333333333 0.8064814814814815 0.22291666666666668 0.2037037037037037
