0 0.396875 0.08101851851851852 0.7416666666666667 0.16203703703703703
0 0.1609375 0.025 0.13020833333333334 0.04259259259259259
0 0.5544270833333333 0.022685185185185187 0.23802083333333332 0.03425925925925926
0 0.72109375 0.025 0.10260416666666666 0.03518518518518519
0 0.38359375 0.3527777777777778 0.058854166666666666 0.3574074074074074
0 0.6776041666666667 0.4111111111111111 0.35 0.1425925925925926
0 0.06536458333333334 0.4981481481481482 0.13072916666666667 0.05
0 0.25859375 0.6041666666666666 0.4828125 0.06388888888888888
0 0.7494791666666667 0.875462962962963 0.5010416666666667 0.20833333333333334
0 0.06927083333333334 0.9490740740740741 0.028125 0.10185185185185185
