0 0.4234375 0.05185185185185185 0.01875 0.1037037037037037
0 0.6255208333333333 0.044444444444444446 0.246875 0.07222222222222222
0 0.15598958333333332 0.07685185185185185 0.1734375 0.046296296296296294
0 0.33671875 0.13703703703703704 0.3265625 0.02962962962962963
0 0.7286458333333333 0.337037037037037 0.459375 0.32592592592592595
0 0.19088541666666667 0.4634259259259259 0.09739583333333333 0.3990740740740741
0 0.32838541666666665 0.6546296296296297 0.0703125 0.5203703703703704
0 0.6611979166666667 0.5370370370370371 0.5359375 0.08703703703703704
0 0.03177083333333333 0.5625 0.06354166666666666 0.049074074074074076
0 0.18333333333333332 0.9087962962962963 0.36666666666666664 0.1824074074074074
0 0.6794270833333333 0.8657407407407407 0.5755208333333334 0.08703703703703704
