0 0.16354166666666667 0.019444444444444445 0.12916666666666668 0.03888888888888889
0 0.3028645833333333 0.03287037037037037 0.03802083333333333 0.06574074074074074
0 0.40130208333333334 0.07592592592592592 0.03697916666666667 0.15185185185185185
0 0.6018229166666667 0.018518518518518517 0.33697916666666666 0.03518518518518519
0 0.24140625 0.12638888888888888 0.37135416666666665 0.1175925925925926
0 0.6015625 0.13472222222222222 0.328125 0.030555555555555555
0 0.19505208333333332 0.32037037037037036 0.31302083333333336 0.26481481481481484
0 0.6213541666666667 0.3060185185185185 0.5291666666666667 0.041666666666666664
0 0.70234375 0.5416666666666666 0.49947916666666664 0.046296296296296294
0 0.8841145833333334 0.6791666666666667 0.23177083333333334 0.14722222222222223
0 0.49609375 0.7712962962962963 0.2546875 0.14074074074074075
0 0.18151041666666667 0.874537037037037 0.36302083333333335 0.10648148148148148
