0 0.2630208333333333 0.07685185185185185 0.24583333333333332 0.1537037037037037
0 0.26953125 0.020370370370370372 0.0390625 0.040740740740740744
0 0.5953125 0.06481481481481481 0.4166666666666667 0.027777777777777776
0 0.6765625 0.11435185185185186 0.3302083333333333 0.04722222222222222
0 0.4940104166666667 0.23703703703703705 0.19114583333333332 0.2759259259259259
0 0.016145833333333335 0.20277777777777778 0.03229166666666667 0.09444444444444444
0 0.28984375 0.350462962962963 0.1453125 0.33425925925925926
0 0.65234375 0.2050925925925926 0.3765625 0.028703703703703703
0 0.7916666666666666 0.2810185185185185 0.18229166666666666 0.08425925925925926
0 0.63828125 0.4842592592592593 0.0765625 0.412962962962963
0 0.11536458333333334 0.5504629629629629 0.1265625 0.4527777777777778
0 0.39869791666666665 0.7518518518518519 0.06302083333333333 0.4962962962962963
