0 0.5075520833333333 0.0125 0.11510416666666666 0.025
0 0.2453125 0.03194444444444444 0.36770833333333336 0.030555555555555555
0 0.07265625 0.17083333333333334 0.1453125 0.041666666666666664
0 0.22291666666666668 0.2518518518518518 0.44583333333333336 0.05185185185185185
0 0.6151041666666667 0.24814814814814815 0.5020833333333333 0.037037037037037035
0 0.3880208333333333 0.5143518518518518 0.03854166666666667 0.4287037037037037
0 0.23567708333333334 0.5185185185185185 0.18697916666666667 0.12407407407407407
0 0.6950520833333333 0.4981481481481482 0.4869791666666667 0.05555555555555555
0 0.8565104166666667 0.5851851851851851 0.23489583333333333 0.07407407407407407
0 0.50546875 0.6504629629629629 0.2015625 0.16574074074074074
