0 0.20390625 0.007407407407407408 0.10572916666666667 0.014814814814814815
0 0.35208333333333336 0.04583333333333333 0.29583333333333334 0.025
0 0.70234375 0.2037037037037037 0.40572916666666664 0.25925925925925924
0 0.22890625 0.3023148148148148 0.07552083333333333 0.30833333333333335
0 0.3541666666666667 0.44583333333333336 0.058333333333333334 0.38796296296296295
0 0.64140625 0.36157407407407405 0.46927083333333336 0.06759259259259259
0 0.05963541666666667 0.3824074074074074 0.11927083333333334 0.03888888888888889
0 0.19479166666666667 0.6166666666666667 0.38958333333333334 0.19444444444444445
0 0.6515625 0.6050925925925926 0.4864583333333333 0.062037037037037036
0 0.9143229166666667 0.9814814814814815 0.1203125 0.037037037037037035
0 0.40729166666666666 0.9861111111111112 0.27395833333333336 0.027777777777777776
