0 0.3046875 0.050462962962962966 0.175 0.10092592592592593
0 0.5903645833333333 0.01990740740740741 0.3953125 0.025
0 0.6674479166666667 0.06527777777777778 0.31302083333333336 0.041666666666666664
0 0.49453125 0.1736111111111111 0.1796875 0.24351851851851852
0 0.02890625 0.18101851851851852 0.0578125 0.15833333333333333
0 0.3020833333333333 0.2726851851851852 0.13645833333333332 0.2935185185185185
0 0.6440104166666667 0.14675925925925926 0.35572916666666665 0.026851851851851852
0 0.7739583333333333 0.21342592592592594 0.17083333333333334 0.07314814814814814
0 0.6283854166666667 0.38842592592592595 0.0703125 0.35648148148148145
0 0.14479166666666668 0.44537037037037036 0.10833333333333334 0.3888888888888889
0 0.4046875 0.674074074074074 0.06354166666666666 0.5333333333333333
