0 0.0625 0.10648148148148148 0.08333333333333333 0.21296296296296297
0 0.4283854166666667 0.07453703703703704 0.0234375 0.14907407407407408
0 0.3255208333333333 0.059722222222222225 0.11875 0.05648148148148148
0 0.6291666666666667 0.05138888888888889 0.325 0.026851851851851852
0 0.7341145833333333 0.08981481481481482 0.1546875 0.03148148148148148
0 0.5026041666666666 0.11712962962962963 0.13020833333333334 0.06944444444444445
0 0.13854166666666667 0.39537037037037037 0.134375 0.5537037037037037
0 0.42526041666666664 0.4199074074074074 0.07239583333333334 0.3731481481481482
0 0.6640625 0.2953703703703704 0.40729166666666666 0.05
0 0.14114583333333333 0.8402777777777778 0.28229166666666666 0.3194444444444444
0 0.6510416666666666 0.7472222222222222 0.6979166666666666 0.07222222222222222
0 0.9625 0.8490740740740741 0.075 0.020370370370370372
0 0.3463541666666667 0.9310185185185185 0.017708333333333333 0.13796296296296295
0 0.7606770833333333 0.9291666666666667 0.4786458333333333 0.11203703703703703
