0 0.4234375 0.04814814814814815 0.017708333333333333 0.0962962962962963
0 0.6252604166666667 0.03657407407407407 0.2359375 0.03981481481481482
0 0.15885416666666666 0.0699074074074074 0.171875 0.04537037037037037
0 0.33828125 0.12962962962962962 0.3234375 0.027777777777777776
0 0.7265625 0.324537037037037 0.4552083333333333 0.3212962962962963
0 0.33098958333333334 0.6351851851851852 0.06822916666666666 0.5055555555555555
0 0.659375 0.5208333333333334 0.5302083333333333 0.08425925925925926
0 0.034375 0.5462962962962963 0.06875 0.04814814814814815
0 0.18515625 0.8898148148148148 0.3703125 0.2
0 0.6765625 0.8407407407407408 0.5677083333333334 0.08148148148148149
