0 0.2875 0.013888888888888888 0.3385416666666667 0.027777777777777776
0 0.5890625 0.010185185185185186 0.390625 0.020370370370370372
0 0.4192708333333333 0.15787037037037038 0.026041666666666668 0.2361111111111111
0 0.03177083333333333 0.1875 0.06354166666666666 0.19722222222222222
0 0.30520833333333336 0.1648148148148148 0.13333333333333333 0.06851851851851852
0 0.6442708333333333 0.15324074074074073 0.36041666666666666 0.032407407407407406
0 0.76171875 0.2013888888888889 0.17239583333333333 0.03981481481481482
0 0.503125 0.2361111111111111 0.14583333333333334 0.08888888888888889
0 0.41067708333333336 0.6393518518518518 0.0859375 0.5083333333333333
0 0.6888020833333334 0.46620370370370373 0.46927083333333336 0.06388888888888888
0 0.15078125 0.5912037037037037 0.3015625 0.1361111111111111
