0 0.11770833333333333 0.022222222222222223 0.03333333333333333 0.044444444444444446
0 0.43984375 0.18425925925925926 0.05677083333333333 0.25
0 0.2140625 0.1337962962962963 0.2916666666666667 0.13240740740740742
0 0.6364583333333333 0.10324074074074074 0.3385416666666667 0.03425925925925926
0 0.17265625 0.4148148148148148 0.33177083333333335 0.3074074074074074
0 0.63125 0.3972222222222222 0.5708333333333333 0.046296296296296294
0 0.43697916666666664 0.7324074074074074 0.18229166666666666 0.5351851851851852
0 0.18854166666666666 0.8157407407407408 0.225 0.3685185185185185
0 0.7223958333333333 0.6754629629629629 0.5479166666666667 0.05648148148148148
0 0.89765625 0.8310185185185185 0.2046875 0.15833333333333333
0 0.6088541666666667 0.9787037037037037 0.057291666666666664 0.04259259259259259
