0 0.8041666666666667 0.04861111111111111 0.046875 0.09722222222222222
0 0.3888020833333333 0.1638888888888889 0.0421875 0.2388888888888889
0 0.12630208333333334 0.11481481481481481 0.1421875 0.05185185185185185
0 0.6127604166666667 0.11527777777777778 0.37447916666666664 0.041666666666666664
0 0.20989583333333334 0.25092592592592594 0.41354166666666664 0.15
0 0.61484375 0.26296296296296295 0.3703125 0.037037037037037035
0 0.1625 0.5171296296296296 0.325 0.33425925925925926
0 0.6408854166666667 0.4861111111111111 0.6119791666666666 0.053703703703703705
0 0.721875 0.8092592592592592 0.55625 0.06296296296296296
0 0.87265625 0.9513888888888888 0.0984375 0.09722222222222222
