0 0.42578125 0.0912037037037037 0.0234375 0.1824074074074074
0 0.05286458333333333 0.13657407407407407 0.08385416666666666 0.22685185185185186
0 0.3203125 0.08796296296296297 0.12291666666666666 0.05740740740740741
0 0.6333333333333333 0.07916666666666666 0.3333333333333333 0.026851851851851852
0 0.74140625 0.11898148148148148 0.15885416666666666 0.03425925925925926
0 0.5028645833333333 0.14814814814814814 0.13489583333333333 0.07407407407407407
0 0.42135416666666664 0.475 0.075 0.40555555555555556
0 0.16119791666666666 0.3907407407407407 0.3223958333333333 0.2074074074074074
0 0.6700520833333333 0.33935185185185185 0.4234375 0.05462962962962963
0 0.6458333333333334 0.8337962962962963 0.7083333333333334 0.08055555555555556
0 0.078125 0.9055555555555556 0.15625 0.18888888888888888
0 0.18515625 0.9518518518518518 0.0453125 0.0962962962962963
