0 0.42109375 0.06805555555555555 0.0203125 0.1361111111111111
0 0.6299479166666667 0.0712962962962963 0.2453125 0.04259259259259259
0 0.1453125 0.10694444444444444 0.17916666666666667 0.049074074074074076
0 0.33098958333333334 0.1712962962962963 0.33697916666666666 0.03148148148148148
0 0.7390625 0.3875 0.48020833333333335 0.35462962962962963
0 0.31875 0.725 0.07291666666666667 0.55
0 0.6690104166666667 0.6060185185185185 0.5619791666666667 0.09537037037037037
0 0.020833333333333332 0.625462962962963 0.041666666666666664 0.03611111111111111
0 0.6893229166666667 0.962037037037037 0.6098958333333333 0.07592592592592592
0 0.07604166666666666 0.9652777777777778 0.15208333333333332 0.06944444444444445
0 0.20442708333333334 0.9717592592592592 0.059895833333333336 0.05648148148148148
