0 0.7346354166666667 0.012037037037037037 0.10260416666666666 0.024074074074074074
0 0.4973958333333333 0.02824074074074074 0.13854166666666667 0.041666666666666664
0 0.23802083333333332 0.058333333333333334 0.37916666666666665 0.03148148148148148
0 0.06640625 0.2111111111111111 0.1328125 0.037037037037037035
0 0.6192708333333333 0.28935185185185186 0.521875 0.03981481481481482
0 0.22109375 0.2962962962962963 0.4421875 0.05185185185185185
0 0.38177083333333334 0.5805555555555556 0.040625 0.4703703703703704
0 0.22265625 0.5837962962962963 0.19739583333333333 0.1361111111111111
0 0.7041666666666667 0.5615740740740741 0.5104166666666666 0.06018518518518518
0 0.8739583333333333 0.6574074074074074 0.24791666666666667 0.07962962962962963
0 0.50625 0.7305555555555555 0.2125 0.18333333333333332
