0 0.7268229166666667 0.03148148148148148 0.14010416666666667 0.05
0 0.49713541666666666 0.06111111111111111 0.14322916666666666 0.046296296296296294
0 0.22760416666666666 0.09351851851851851 0.39375 0.03333333333333333
0 0.05807291666666667 0.2601851851851852 0.11614583333333334 0.03888888888888889
0 0.6255208333333333 0.3458333333333333 0.546875 0.04351851851851852
0 0.22005208333333334 0.35324074074074074 0.4401041666666667 0.05462962962962963
0 0.3734375 0.674074074074074 0.04479166666666667 0.5314814814814814
0 0.20494791666666667 0.675 0.2109375 0.1537037037037037
0 0.7171875 0.649537037037037 0.5427083333333333 0.06759259259259259
0 0.88359375 0.7523148148148148 0.2328125 0.0787037037037037
0 0.50703125 0.8421296296296297 0.22760416666666666 0.21203703703703702
