0 0.24895833333333334 0.10277777777777777 0.26458333333333334 0.17592592592592593
0 0.5986979166666667 0.09583333333333334 0.43072916666666666 0.028703703703703703
0 0.6583333333333333 0.24722222222222223 0.39166666666666666 0.02962962962962963
0 0.8044270833333333 0.3300925925925926 0.19114583333333332 0.08796296296296297
0 0.49713541666666666 0.3837962962962963 0.19427083333333334 0.0824074074074074
0 0.1984375 0.4425925925925926 0.396875 0.06111111111111111
0 0.9234375 0.9546296296296296 0.153125 0.06111111111111111
0 0.6375 0.9666666666666667 0.725 0.06666666666666667
0 0.2526041666666667 0.9680555555555556 0.15 0.06388888888888888
0 0.09375 0.9921296296296296 0.1875 0.01574074074074074
