0 0.7984375 0.031018518518518518 0.034375 0.062037037037037036
0 0.39348958333333334 0.12268518518518519 0.04010416666666667 0.21944444444444444
0 0.140625 0.07777777777777778 0.1375 0.04814814814814815
0 0.6091145833333333 0.0787037037037037 0.3609375 0.03888888888888889
0 0.22213541666666667 0.20324074074074075 0.39739583333333334 0.13796296296296295
0 0.61015625 0.21435185185185185 0.3536458333333333 0.03425925925925926
0 0.16770833333333332 0.43425925925925923 0.33541666666666664 0.31666666666666665
0 0.6330729166666667 0.4162037037037037 0.5796875 0.04722222222222222
0 0.7236979166666667 0.7037037037037037 0.5526041666666667 0.05740740740740741
0 0.9005208333333333 0.8648148148148148 0.19895833333333332 0.16111111111111112
0 0.40625 0.9523148148148148 0.10833333333333334 0.09537037037037037
