0 0.4244791666666667 0.10185185185185185 0.023958333333333335 0.2037037037037037
0 0.04375 0.15555555555555556 0.0875 0.2351851851851852
0 0.31666666666666665 0.10648148148148148 0.125 0.06111111111111111
0 0.6359375 0.0962962962962963 0.33958333333333335 0.02962962962962963
0 0.7458333333333333 0.1375 0.1625 0.03611111111111111
0 0.5028645833333333 0.1675925925925926 0.13697916666666668 0.07777777777777778
0 0.41875 0.5125 0.078125 0.42685185185185187
0 0.6744791666666666 0.3685185185185185 0.43333333333333335 0.05555555555555555
0 0.15885416666666666 0.4375 0.3177083333333333 0.18796296296296297
0 0.6421875 0.8935185185185185 0.715625 0.08518518518518518
0 0.046614583333333334 0.9430555555555555 0.09322916666666667 0.11388888888888889
