0 0.4270833333333333 0.10740740740740741 0.0375 0.21296296296296297
0 0.14088541666666668 0.05138888888888889 0.1515625 0.03425925925925926
0 0.83046875 0.17916666666666667 0.09427083333333333 0.24537037037037038
0 0.09661458333333334 0.2523148148148148 0.19322916666666667 0.06388888888888888
0 0.3028645833333333 0.6277777777777778 0.3932291666666667 0.7444444444444445
0 0.8057291666666667 0.487962962962963 0.2947916666666667 0.06481481481481481
0 0.3015625 0.8675925925925926 0.03854166666666667 0.26481481481481484
0 0.5645833333333333 0.9476851851851852 0.3958333333333333 0.10462962962962963
0 0.9278645833333333 0.95 0.14427083333333332 0.1
0 0.7794270833333333 0.9666666666666667 0.1203125 0.06666666666666667
