0 0.16927083333333334 0.016203703703703703 0.121875 0.032407407407407406
0 0.40208333333333335 0.07175925925925926 0.036458333333333336 0.14351851851851852
0 0.60078125 0.014351851851851852 0.3338541666666667 0.028703703703703703
0 0.24427083333333333 0.11805555555555555 0.36875 0.11574074074074074
0 0.60078125 0.12731481481481483 0.32447916666666665 0.028703703703703703
0 0.19817708333333334 0.30925925925925923 0.3098958333333333 0.25925925925925924
0 0.6200520833333333 0.2962962962962963 0.5234375 0.040740740740740744
0 0.7 0.5259259259259259 0.49375 0.044444444444444446
0 0.8822916666666667 0.6592592592592592 0.23541666666666666 0.14444444444444443
0 0.49609375 0.75 0.25052083333333336 0.13703703703703704
0 0.18255208333333334 0.850462962962963 0.3651041666666667 0.10462962962962963
