0 0.09270833333333334 0.10046296296296296 0.15208333333333332 0.041666666666666664
0 0.22447916666666667 0.17175925925925925 0.4479166666666667 0.049074074074074076
0 0.6065104166666667 0.16898148148148148 0.46510416666666665 0.032407407407407406
0 0.39895833333333336 0.3925925925925926 0.034375 0.35555555555555557
0 0.2596354166666667 0.3976851851851852 0.16822916666666668 0.10277777777777777
0 0.6776041666666667 0.3814814814814815 0.44479166666666664 0.046296296296296294
0 0.8236979166666667 0.4532407407407407 0.2140625 0.06018518518518518
0 0.5046875 0.5069444444444444 0.18229166666666666 0.1361111111111111
0 0.37526041666666665 0.875 0.034895833333333334 0.25
0 0.7192708333333333 0.8893518518518518 0.5614583333333333 0.11203703703703703
