0 0.52890625 0.019444444444444445 0.058854166666666666 0.03888888888888889
0 0.7388020833333333 0.07777777777777778 0.21927083333333333 0.15555555555555556
0 0.3802083333333333 0.23287037037037037 0.04583333333333333 0.27314814814814814
0 0.10286458333333333 0.17592592592592593 0.15052083333333333 0.05925925925925926
0 0.6197916666666666 0.17592592592592593 0.39791666666666664 0.04814814814814815
0 0.20520833333333333 0.33611111111111114 0.41041666666666665 0.16111111111111112
0 0.6239583333333333 0.3453703703703704 0.39791666666666664 0.04259259259259259
0 0.15364583333333334 0.6675925925925926 0.3072916666666667 0.3537037037037037
0 0.6546875 0.6064814814814815 0.66875 0.06296296296296296
0 0.9458333333333333 0.9800925925925926 0.10833333333333334 0.03981481481481482
0 0.5572916666666666 0.9847222222222223 0.240625 0.030555555555555555
