0 0.42291666666666666 0.11805555555555555 0.025 0.2175925925925926
0 0.03984375 0.1638888888888889 0.0796875 0.21851851851851853
0 0.31328125 0.12407407407407407 0.12864583333333332 0.06296296296296296
0 0.6388020833333333 0.11481481481481481 0.3463541666666667 0.02962962962962963
0 0.75078125 0.15833333333333333 0.16510416666666666 0.037037037037037035
0 0.5028645833333333 0.18981481481481483 0.14010416666666667 0.07962962962962963
0 0.4161458333333333 0.5518518518518518 0.08020833333333334 0.45185185185185184
0 0.6786458333333333 0.3990740740740741 0.44479166666666664 0.05740740740740741
0 0.021354166666666667 0.39814814814814814 0.042708333333333334 0.044444444444444446
0 0.15625 0.5027777777777778 0.3125 0.13703703703703704
0 0.9223958333333333 0.9416666666666667 0.15520833333333334 0.06111111111111111
0 0.6385416666666667 0.9601851851851851 0.7229166666666667 0.07962962962962963
