0 0.4276041666666667 0.08055555555555556 0.022916666666666665 0.16111111111111112
0 0.06145833333333333 0.11712962962962963 0.08125 0.2175925925925926
0 0.32317708333333334 0.0699074074074074 0.1203125 0.05648148148148148
0 0.6307291666666667 0.060648148148148145 0.32708333333333334 0.026851851851851852
0 0.73671875 0.10046296296296296 0.15572916666666667 0.032407407407407406
0 0.5028645833333333 0.12777777777777777 0.13177083333333334 0.07037037037037037
0 0.4239583333333333 0.44027777777777777 0.07291666666666667 0.3861111111111111
0 0.16328125 0.36018518518518516 0.3265625 0.19814814814814816
0 0.6661458333333333 0.31157407407407406 0.41458333333333336 0.05092592592592592
0 0.11588541666666667 0.8675925925925926 0.23177083333333334 0.26481481481481484
0 0.6494791666666667 0.7787037037037037 0.7010416666666667 0.07592592592592592
0 0.21145833333333333 0.9217592592592593 0.075 0.15648148148148147
0 0.34453125 0.9495370370370371 0.015104166666666667 0.10092592592592593
