0 0.12213541666666666 0.032407407407407406 0.1421875 0.03518518518518519
0 0.24583333333333332 0.09166666666666666 0.41458333333333336 0.040740740740740744
0 0.5979166666666667 0.08981481481481482 0.428125 0.027777777777777776
0 0.40911458333333334 0.27546296296296297 0.0296875 0.2935185185185185
0 0.28229166666666666 0.2814814814814815 0.15104166666666666 0.08518518518518518
0 0.6611979166666667 0.26851851851851855 0.40260416666666665 0.03888888888888889
0 0.7924479166666667 0.3277777777777778 0.19322916666666667 0.05
0 0.5036458333333333 0.37083333333333335 0.16458333333333333 0.11018518518518519
0 0.38229166666666664 0.7814814814814814 0.04791666666666667 0.43703703703703706
0 0.7177083333333333 0.6703703703703704 0.5427083333333333 0.08518518518518518
0 0.13385416666666666 0.8671296296296296 0.2677083333333333 0.13240740740740742
