0 0.42265625 0.05787037037037037 0.019270833333333334 0.11574074074074074
0 0.6278645833333333 0.053703703703703705 0.24114583333333334 0.040740740740740744
0 0.15182291666666667 0.0875 0.17447916666666666 0.04722222222222222
0 0.3346354166666667 0.14953703703703702 0.3307291666666667 0.030555555555555555
0 0.7325520833333333 0.3560185185185185 0.4671875 0.33796296296296297
0 0.32473958333333336 0.6851851851851852 0.07135416666666666 0.5407407407407407
0 0.6645833333333333 0.5625 0.5458333333333333 0.08981481481481482
0 0.027864583333333335 0.5856481481481481 0.05572916666666667 0.04537037037037037
0 0.14375 0.9287037037037037 0.2875 0.1425925925925926
0 0.6830729166666667 0.9041666666666667 0.5890625 0.08796296296296297
0 0.25234375 0.9393518518518519 0.13177083333333334 0.12129629629629629
