0 0.09739583333333333 0.049074074074074076 0.03854166666666667 0.09814814814814815
0 0.50390625 0.024537037037037038 0.1140625 0.049074074074074076
0 0.43515625 0.2564814814814815 0.06197916666666667 0.2851851851851852
0 0.19583333333333333 0.19907407407407407 0.30833333333333335 0.15
0 0.6447916666666667 0.16342592592592592 0.36041666666666666 0.03981481481481482
0 0.16145833333333334 0.538425925925926 0.3229166666666667 0.33611111111111114
0 0.64296875 0.5018518518518519 0.6192708333333333 0.05555555555555555
0 0.3611979166666667 0.7912037037037037 0.03697916666666667 0.41759259259259257
0 0.17552083333333332 0.8912037037037037 0.20729166666666668 0.2175925925925926
0 0.72109375 0.8347222222222223 0.5578125 0.06388888888888888
0 0.8786458333333333 0.9652777777777778 0.1 0.06944444444444445
