0 0.25052083333333336 0.011574074074074073 0.35520833333333335 0.023148148148148147
0 0.07760416666666667 0.1398148148148148 0.15520833333333334 0.04259259259259259
0 0.22317708333333333 0.21666666666666667 0.44635416666666666 0.05
0 0.6114583333333333 0.21435185185185185 0.48541666666666666 0.03425925925925926
0 0.3927083333333333 0.46111111111111114 0.036458333333333336 0.3962962962962963
0 0.24609375 0.4666666666666667 0.17864583333333334 0.11481481481481481
0 0.6877604166666667 0.4476851851851852 0.46822916666666664 0.05092592592592592
0 0.8421875 0.5277777777777778 0.22604166666666667 0.06851851851851852
0 0.5052083333333334 0.5884259259259259 0.19375 0.15092592592592594
0 0.36770833333333336 0.9319444444444445 0.03333333333333333 0.1361111111111111
0 0.9440104166666666 0.9800925925925926 0.11197916666666667 0.03981481481481482
