0 0.39557291666666666 0.10462962962962963 0.0390625 0.20925925925925926
0 0.14713541666666666 0.060648148148148145 0.13489583333333333 0.04537037037037037
0 0.60625 0.06111111111111111 0.3541666666666667 0.03888888888888889
0 0.22786458333333334 0.18055555555555555 0.3890625 0.12962962962962962
0 0.6078125 0.19074074074074074 0.346875 0.03148148148148148
0 0.17604166666666668 0.4009259259259259 0.32916666666666666 0.3
0 0.6294270833333333 0.38425925925925924 0.5651041666666666 0.046296296296296294
0 0.71875 0.6560185185185186 0.5427083333333333 0.05462962962962963
0 0.8958333333333334 0.8087962962962963 0.20833333333333334 0.15833333333333333
0 0.49635416666666665 0.9217592592592593 0.278125 0.15648148148148147
