0 0.4140625 0.10972222222222222 0.030208333333333334 0.21944444444444444
0 0.22942708333333334 0.046296296296296294 0.1046875 0.03518518518518519
0 0.696875 0.18935185185185185 0.0625 0.2657407407407407
0 0.17630208333333333 0.2574074074074074 0.1390625 0.07037037037037037
0 0.31484375 0.6319444444444444 0.2796875 0.7361111111111112
0 0.06041666666666667 0.5476851851851852 0.1125 0.21944444444444444
0 0.6708333333333333 0.5347222222222222 0.215625 0.08055555555555556
0 0.15755208333333334 0.8074074074074075 0.06822916666666666 0.3851851851851852
0 0.4830729166666667 0.7282407407407407 0.1984375 0.19907407407407407
0 0.27421875 0.9157407407407407 0.028645833333333332 0.1685185185185185
