0 0.29010416666666666 0.07361111111111111 0.215625 0.03981481481481482
0 0.58046875 0.06898148148148148 0.2869791666666667 0.028703703703703703
0 0.49973958333333335 0.2550925925925926 0.5109375 0.30092592592592593
0 0.13671875 0.3351851851851852 0.10677083333333333 0.35185185185185186
0 0.3651041666666667 0.38333333333333336 0.10520833333333333 0.3814814814814815
0 0.7192708333333333 0.3060185185185185 0.12916666666666668 0.09351851851851851
0 0.4315104166666667 0.7805555555555556 0.03177083333333333 0.4388888888888889
0 0.6552083333333333 0.7435185185185185 0.35104166666666664 0.18518518518518517
0 0.19973958333333333 0.7296296296296296 0.3963541666666667 0.06481481481481481
0 0.048177083333333336 0.8074074074074075 0.09635416666666667 0.08518518518518518
0 0.03203125 0.9407407407407408 0.0640625 0.05740740740740741
