0 0.45 0.10046296296296296 0.18333333333333332 0.20092592592592592
0 0.5307291666666667 0.04537037037037037 0.17083333333333334 0.022222222222222223
0 0.30390625 0.17083333333333334 0.25885416666666666 0.1398148148148148
0 0.6231770833333333 0.14212962962962963 0.21822916666666667 0.06759259259259259
0 0.5627604166666667 0.18564814814814815 0.2390625 0.032407407407407406
0 0.17473958333333334 0.2652777777777778 0.09010416666666667 0.09166666666666666
0 0.5666666666666667 0.3824074074074074 0.33541666666666664 0.12037037037037036
0 0.16692708333333334 0.5189814814814815 0.2421875 0.36574074074074076
0 0.5984375 0.7925925925925926 0.5416666666666666 0.4148148148148148
0 0.1640625 0.7402777777777778 0.05520833333333333 0.30277777777777776
0 0.014583333333333334 0.6763888888888889 0.029166666666666667 0.08425925925925926
0 0.3893229166666667 0.9675925925925926 0.06510416666666667 0.06481481481481481
0 0.15234375 0.9796296296296296 0.05677083333333333 0.040740740740740744
