0 0.5645833333333333 0.06851851851851852 0.46770833333333334 0.13703703703703704
0 0.57578125 0.03287037037037037 0.15677083333333333 0.06574074074074074
0 0.25677083333333334 0.05787037037037037 0.11354166666666667 0.04722222222222222
0 0.5302083333333333 0.2625 0.103125 0.3194444444444444
0 0.3736979166666667 0.12037037037037036 0.2203125 0.02962962962962963
0 0.7583333333333333 0.3074074074074074 0.08333333333333333 0.3333333333333333
0 0.2799479166666667 0.300462962962963 0.12864583333333332 0.10092592592592593
0 0.65390625 0.35833333333333334 0.2234375 0.18333333333333332
0 0.4041666666666667 0.6935185185185185 0.28854166666666664 0.6055555555555555
0 0.5307291666666667 0.538425925925926 0.2760416666666667 0.05462962962962963
0 0.69453125 0.812037037037037 0.38385416666666666 0.20185185185185187
0 0.11744791666666667 0.8782407407407408 0.23489583333333333 0.24351851851851852
0 0.5893229166666667 0.9472222222222222 0.43385416666666665 0.10555555555555556
0 0.2546875 0.9518518518518518 0.057291666666666664 0.0962962962962963
