0 0.3346354166666667 0.04398148148148148 0.033854166666666664 0.08796296296296297
0 0.375 0.017592592592592594 0.04791666666666667 0.03518518518518519
0 0.5614583333333333 0.2726851851851852 0.4979166666666667 0.5453703703703704
0 0.38645833333333335 0.1574074074074074 0.47291666666666665 0.28703703703703703
0 0.6268229166666667 0.2912037037037037 0.12447916666666667 0.08981481481481482
0 0.0765625 0.4041666666666667 0.146875 0.24166666666666667
0 0.23567708333333334 0.47129629629629627 0.40989583333333335 0.14444444444444443
0 0.3841145833333333 0.7912037037037037 0.034895833333333334 0.41759259259259257
0 0.19973958333333333 0.7662037037037037 0.1609375 0.16574074074074074
0 0.26927083333333335 0.9361111111111111 0.10208333333333333 0.12777777777777777
0 0.6700520833333333 0.9555555555555556 0.4734375 0.08888888888888889
