0 0.34661458333333334 0.007407407407407408 0.12552083333333333 0.014814814814814815
0 0.5013020833333334 0.1449074074074074 0.45989583333333334 0.23981481481481481
0 0.18307291666666667 0.2074074074074074 0.08177083333333333 0.2740740740740741
0 0.38333333333333336 0.24444444444444444 0.09166666666666666 0.2962962962962963
0 0.6979166666666666 0.18611111111111112 0.11041666666666666 0.07222222222222222
0 0.44557291666666665 0.6796296296296296 0.04739583333333333 0.5925925925925926
0 0.6354166666666666 0.5166666666666667 0.296875 0.13333333333333333
0 0.10286458333333333 0.5671296296296297 0.12135416666666667 0.21574074074074073
0 0.24947916666666667 0.5064814814814815 0.3375 0.044444444444444446
0 0.25364583333333335 0.7976851851851852 0.14375 0.1527777777777778
0 0.8169270833333333 0.8337962962962963 0.20572916666666666 0.20092592592592592
0 0.5921875 0.9152777777777777 0.03958333333333333 0.16944444444444445
