0 0.2908854166666667 0.10740740740740741 0.32135416666666666 0.21481481481481482
0 0.24635416666666668 0.041666666666666664 0.08854166666666667 0.046296296296296294
0 0.5197916666666667 0.04259259259259259 0.165625 0.03888888888888889
0 0.6364583333333333 0.04675925925925926 0.07291666666666667 0.03796296296296296
0 0.5489583333333333 0.17824074074074073 0.23645833333333333 0.032407407407407406
0 0.60546875 0.5023148148148148 0.7776041666666667 0.5842592592592593
0 0.5973958333333333 0.49907407407407406 0.26145833333333335 0.18333333333333332
0 0.08854166666666667 0.5703703703703704 0.17708333333333334 0.12037037037037036
0 0.5377604166666666 0.8481481481481481 0.07760416666666667 0.3037037037037037
0 0.26119791666666664 0.7462962962962963 0.3765625 0.08148148148148149
0 0.88046875 0.9027777777777778 0.05260416666666667 0.19444444444444445
