0 0.4317708333333333 0.03425925925925926 0.025 0.06851851851851852
0 0.6778645833333333 0.07037037037037037 0.0390625 0.14074074074074075
0 0.23229166666666667 0.09490740740740741 0.11875 0.05092592592592592
0 0.3528645833333333 0.549537037037037 0.23072916666666668 0.9009259259259259
0 0.15260416666666668 0.2902777777777778 0.08229166666666667 0.14166666666666666
0 0.6434895833333333 0.2833333333333333 0.17447916666666666 0.053703703703703705
0 0.24270833333333333 0.4976851851851852 0.03958333333333333 0.32685185185185184
0 0.49270833333333336 0.4041666666666667 0.15729166666666666 0.12314814814814815
0 0.5127604166666667 0.6458333333333334 0.2890625 0.11388888888888889
0 0.7140625 0.6560185185185186 0.12395833333333334 0.11203703703703703
0 0.0546875 0.6736111111111112 0.109375 0.06944444444444445
