0 0.42942708333333335 0.04722222222222222 0.025520833333333333 0.09444444444444444
0 0.32760416666666664 0.07037037037037037 0.234375 0.1111111111111111
0 0.6135416666666667 0.047685185185185185 0.19375 0.05462962962962963
0 0.5588541666666667 0.0824074074074074 0.2125 0.025925925925925925
0 0.21666666666666667 0.1439814814814815 0.08125 0.07314814814814814
0 0.5611979166666666 0.23472222222222222 0.29322916666666665 0.09166666666666666
0 0.21692708333333333 0.33564814814814814 0.2203125 0.27314814814814814
0 0.6059895833333333 0.6925925925925925 0.4953125 0.6148148148148148
0 0.22473958333333333 0.4930555555555556 0.04739583333333333 0.21203703703703702
0 0.053385416666666664 0.5810185185185185 0.10677083333333333 0.3212962962962963
0 0.475 0.7027777777777777 0.171875 0.14814814814814814
0 0.3455729166666667 0.7837962962962963 0.6911458333333333 0.27870370370370373
