0 0.5731770833333333 0.058333333333333334 0.43802083333333336 0.11666666666666667
0 0.5825520833333333 0.024074074074074074 0.1390625 0.04814814814814815
0 0.26276041666666666 0.04027777777777778 0.11197916666666667 0.04537037037037037
0 0.53046875 0.2361111111111111 0.1015625 0.3037037037037037
0 0.3770833333333333 0.10138888888888889 0.215625 0.028703703703703703
0 0.75234375 0.2777777777777778 0.0796875 0.3148148148148148
0 0.2864583333333333 0.2722222222222222 0.12604166666666666 0.0962962962962963
0 0.6502604166666667 0.32685185185185184 0.2171875 0.17222222222222222
0 0.4078125 0.6388888888888888 0.28020833333333334 0.562962962962963
0 0.53046875 0.49583333333333335 0.2671875 0.049074074074074076
0 0.6877604166666667 0.75 0.36822916666666666 0.18703703703703703
0 0.17369791666666667 0.8439814814814814 0.34739583333333335 0.31203703703703706
0 0.58671875 0.875 0.41510416666666666 0.0962962962962963
