0 0.22135416666666666 0.26990740740740743 0.4395833333333333 0.5398148148148149
0 0.23697916666666666 0.053703703703703705 0.057291666666666664 0.08518518518518518
0 0.61875 0.050462962962962966 0.134375 0.032407407407407406
0 0.31979166666666664 0.17175925925925925 0.029166666666666667 0.18055555555555555
0 0.5015625 0.12129629629629629 0.11979166666666667 0.07037037037037037
0 0.17317708333333334 0.25092592592592594 0.10885416666666667 0.07222222222222222
0 0.5171875 0.2537037037037037 0.20833333333333334 0.06111111111111111
0 0.66328125 0.2587962962962963 0.09010416666666667 0.058333333333333334
0 0.5549479166666667 0.4777777777777778 0.31302083333333336 0.05555555555555555
0 0.3265625 0.7666666666666667 0.13854166666666667 0.4666666666666667
0 0.4861979166666667 0.9555555555555556 0.09427083333333333 0.08888888888888889
