0 0.1890625 0.11527777777777778 0.15 0.23055555555555557
0 0.29661458333333335 0.2064814814814815 0.07864583333333333 0.412962962962963
0 0.4200520833333333 0.018518518518518517 0.1515625 0.037037037037037035
0 0.60546875 0.13148148148148148 0.24114583333333334 0.22962962962962963
0 0.4635416666666667 0.22407407407407406 0.04375 0.2851851851851852
0 0.19270833333333334 0.2050925925925926 0.0625 0.10277777777777777
0 0.3848958333333333 0.21574074074074073 0.11354166666666667 0.06296296296296296
0 0.17083333333333334 0.4912037037037037 0.31666666666666665 0.08425925925925926
0 0.60625 0.48055555555555557 0.43125 0.06111111111111111
0 0.4953125 0.7796296296296297 0.815625 0.44074074074074077
0 0.27838541666666666 0.8893518518518518 0.13177083333333334 0.2212962962962963
