0 0.26145833333333335 0.015277777777777777 0.07708333333333334 0.030555555555555555
0 0.30182291666666666 0.08333333333333333 0.3067708333333333 0.16666666666666666
0 0.5268229166666667 0.014814814814814815 0.1453125 0.02962962962962963
0 0.6317708333333333 0.01574074074074074 0.06979166666666667 0.03148148148148148
0 0.5481770833333334 0.13472222222222222 0.22552083333333334 0.030555555555555555
0 0.5971354166666667 0.42083333333333334 0.7244791666666667 0.5138888888888888
0 0.5934895833333333 0.4212962962962963 0.2453125 0.16111111111111112
0 0.11640625 0.4837962962962963 0.1671875 0.10648148148148148
0 0.5302083333333333 0.7967592592592593 0.171875 0.4064814814814815
0 0.28072916666666664 0.6370370370370371 0.3489583333333333 0.07222222222222222
0 0.86875 0.8435185185185186 0.07916666666666666 0.31296296296296294
