0 0.1984375 0.07268518518518519 0.096875 0.14537037037037037
0 0.31692708333333336 0.14722222222222223 0.07239583333333334 0.29444444444444445
0 0.5997395833333333 0.07962962962962963 0.22239583333333332 0.15925925925925927
0 0.46953125 0.13796296296296295 0.0390625 0.2388888888888889
0 0.22213541666666667 0.12361111111111112 0.058854166666666666 0.08796296296296297
0 0.39765625 0.13148148148148148 0.1046875 0.053703703703703705
0 0.20885416666666667 0.3560185185185185 0.284375 0.06759259259259259
0 0.5979166666666667 0.34814814814814815 0.384375 0.05
0 0.49557291666666664 0.7050925925925926 0.7130208333333333 0.5898148148148148
0 0.028385416666666666 0.6106481481481482 0.05677083333333333 0.18981481481481483
0 0.28932291666666665 0.7898148148148149 0.15989583333333332 0.4203703703703704
0 0.81484375 0.8157407407407408 0.20572916666666666 0.2037037037037037
