0 0.2703125 0.013888888888888888 0.06354166666666666 0.027777777777777776
0 0.55625 0.06388888888888888 0.24270833333333333 0.06296296296296296
0 0.27317708333333335 0.12824074074074074 0.19010416666666666 0.1787037037037037
0 0.56875 0.5819444444444445 0.6572916666666667 0.8361111111111111
0 0.28854166666666664 0.2337962962962963 0.03958333333333333 0.1361111111111111
0 0.34739583333333335 0.42083333333333334 0.6052083333333333 0.4675925925925926
0 0.6588541666666666 0.637962962962963 0.16770833333333332 0.16111111111111112
0 0.4700520833333333 0.9152777777777777 0.0609375 0.16944444444444445
0 0.12994791666666666 0.9185185185185185 0.0609375 0.16296296296296298
0 0.37604166666666666 0.9861111111111112 0.13645833333333332 0.027777777777777776
