0 0.24375 0.2564814814814815 0.4875 0.512962962962963
0 0.35625 0.03518518518518519 0.08958333333333333 0.046296296296296294
0 0.38177083333333334 0.09305555555555556 0.08645833333333333 0.06018518518518518
0 0.5989583333333334 0.08657407407407407 0.23125 0.028703703703703703
0 0.21223958333333334 0.5152777777777777 0.12239583333333333 0.7175925925925926
0 0.6260416666666667 0.3814814814814815 0.3072916666666667 0.37407407407407406
0 0.4388020833333333 0.5407407407407407 0.059895833333333336 0.4888888888888889
0 0.08880208333333334 0.4986111111111111 0.07447916666666667 0.17314814814814813
0 0.34140625 0.5157407407407407 0.14635416666666667 0.10740740740740741
0 0.44036458333333334 0.975 0.21614583333333334 0.05
0 0.79765625 0.975 0.09635416666666667 0.05
