0 0.3575520833333333 0.02962962962962963 0.034895833333333334 0.05925925925925926
0 0.28411458333333334 0.09398148148148149 0.2203125 0.03981481481481482
0 0.5815104166666667 0.08935185185185185 0.2942708333333333 0.028703703703703703
0 0.49921875 0.2861111111111111 0.5244791666666667 0.32037037037037036
0 0.12369791666666667 0.37175925925925923 0.11302083333333333 0.3731481481481482
0 0.36015625 0.42268518518518516 0.1078125 0.4083333333333333
0 0.7265625 0.33935185185185185 0.13333333333333333 0.10092592592592593
0 0.42864583333333334 0.8060185185185185 0.03125 0.38796296296296295
0 0.6609375 0.8106481481481481 0.36666666666666664 0.20277777777777778
0 0.19583333333333333 0.7949074074074074 0.39166666666666666 0.06944444444444445
0 0.03828125 0.8907407407407407 0.0765625 0.07037037037037037
