0 0.35520833333333335 0.04212962962962963 0.027083333333333334 0.08425925925925926
0 0.2786458333333333 0.13240740740740742 0.3375 0.26481481481481484
0 0.23463541666666668 0.0763888888888889 0.0921875 0.049074074074074076
0 0.5192708333333333 0.07777777777777778 0.17291666666666666 0.04259259259259259
0 0.6403645833333333 0.0824074074074074 0.07552083333333333 0.04259259259259259
0 0.55 0.22592592592592592 0.24895833333333334 0.03518518518518519
0 0.5979166666666667 0.5810185185185185 0.8041666666666667 0.6398148148148148
0 0.60234375 0.587037037037037 0.2786458333333333 0.2074074074074074
0 0.07526041666666666 0.700462962962963 0.15052083333333333 0.07685185185185185
0 0.5609375 0.9069444444444444 0.0375 0.18611111111111112
0 0.23828125 0.8736111111111111 0.4078125 0.09537037037037037
