0 0.34322916666666664 0.0712962962962963 0.028125 0.1425925925925926
0 0.2578125 0.17592592592592593 0.3645833333333333 0.35185185185185186
0 0.5041666666666667 0.02962962962962963 0.10729166666666666 0.05740740740740741
0 0.21458333333333332 0.13287037037037036 0.09791666666666667 0.05648148148148148
0 0.51796875 0.13472222222222222 0.18489583333333334 0.04722222222222222
0 0.6479166666666667 0.1388888888888889 0.08125 0.046296296296296294
0 0.5513020833333333 0.3055555555555556 0.26927083333333335 0.040740740740740744
0 0.46640625 0.6736111111111112 0.6140625 0.6527777777777778
0 0.6109375 0.7412037037037037 0.3104166666666667 0.25833333333333336
0 0.052083333333333336 0.8851851851851852 0.10416666666666667 0.08888888888888889
