0 0.6455729166666667 0.013425925925925926 0.08072916666666667 0.026851851851851852
0 0.4473958333333333 0.11388888888888889 0.18854166666666666 0.22592592592592592
0 0.53046875 0.06296296296296296 0.17447916666666666 0.022222222222222223
0 0.2986979166666667 0.1935185185185185 0.2640625 0.14629629629629629
0 0.6252604166666667 0.16435185185185186 0.22239583333333332 0.0712962962962963
0 0.5635416666666667 0.20972222222222223 0.24479166666666666 0.03425925925925926
0 0.16510416666666666 0.29305555555555557 0.09270833333333334 0.09722222222222222
0 0.5682291666666667 0.41759259259259257 0.34479166666666666 0.12777777777777777
0 0.15546875 0.5643518518518519 0.24739583333333334 0.39166666666666666
0 0.59453125 0.8166666666666667 0.5484375 0.36666666666666664
0 0.14869791666666668 0.8013888888888889 0.0578125 0.32685185185185184
