0 0.20182291666666666 0.05787037037037037 0.07864583333333333 0.11574074074074074
0 0.32369791666666664 0.12731481481481483 0.06927083333333334 0.25462962962962965
0 0.47161458333333334 0.11018518518518519 0.03697916666666667 0.22037037037037038
0 0.5979166666666667 0.06388888888888888 0.215625 0.12777777777777777
0 0.23177083333333334 0.09537037037037037 0.057291666666666664 0.08148148148148149
0 0.40130208333333334 0.10324074074074074 0.1015625 0.05092592592592592
0 0.22135416666666666 0.31203703703703706 0.27395833333333336 0.06296296296296296
0 0.5950520833333334 0.3050925925925926 0.3692708333333333 0.04722222222222222
0 0.49583333333333335 0.6481481481481481 0.6802083333333333 0.5703703703703704
0 0.0390625 0.586574074074074 0.078125 0.25462962962962965
0 0.3020833333333333 0.7583333333333333 0.15104166666666666 0.48333333333333334
0 0.7984375 0.7300925925925926 0.19166666666666668 0.1824074074074074
