0 0.25703125 0.023148148148148147 0.10989583333333333 0.04259259259259259
0 0.23697916666666666 0.46435185185185185 0.4739583333333333 0.875
0 0.19036458333333334 0.18333333333333332 0.0703125 0.11481481481481481
0 0.6328125 0.17731481481481481 0.15625 0.04351851851851852
0 0.27760416666666665 0.3458333333333333 0.03229166666666667 0.25462962962962965
0 0.49635416666666665 0.274537037037037 0.140625 0.09722222222222222
0 0.10130208333333333 0.45694444444444443 0.12760416666666666 0.10277777777777777
0 0.51484375 0.4601851851851852 0.2515625 0.08703703703703704
0 0.6901041666666666 0.4685185185185185 0.10833333333333334 0.08518518518518518
0 0.5619791666666667 0.8041666666666667 0.396875 0.08796296296296297
0 0.31588541666666664 0.9472222222222222 0.018229166666666668 0.10555555555555556
