0 0.35130208333333335 0.05138888888888889 0.027604166666666666 0.10277777777777777
0 0.2721354166666667 0.14629629629629629 0.3463541666666667 0.29259259259259257
0 0.5171875 0.012962962962962963 0.08020833333333334 0.025925925925925925
0 0.22786458333333334 0.09444444444444444 0.09322916666666667 0.05185185185185185
0 0.5190104166666667 0.0962962962962963 0.1765625 0.04259259259259259
0 0.64296875 0.10092592592592593 0.0765625 0.04259259259259259
0 0.5505208333333333 0.2513888888888889 0.2552083333333333 0.03796296296296296
0 0.5921875 0.6296296296296297 0.815625 0.6814814814814815
0 0.6052083333333333 0.6347222222222222 0.28854166666666664 0.22314814814814815
0 0.06822916666666666 0.7587962962962963 0.13645833333333332 0.07685185185185185
0 0.95546875 0.9087962962962963 0.0890625 0.08796296296296297
0 0.5729166666666666 0.9398148148148148 0.017708333333333333 0.12037037037037036
0 0.22526041666666666 0.9444444444444444 0.42552083333333335 0.1037037037037037
