0 0.5484375 0.08425925925925926 0.36354166666666665 0.1685185185185185
0 0.603125 0.03148148148148148 0.09270833333333334 0.05185185185185185
0 0.19739583333333333 0.09212962962962963 0.09375 0.13055555555555556
0 0.3177083333333333 0.1287037037037037 0.29791666666666666 0.07592592592592592
0 0.23515625 0.4356481481481482 0.4703125 0.49907407407407406
0 0.30494791666666665 0.27314814814814814 0.1140625 0.07592592592592592
0 0.33203125 0.3731481481481482 0.11927083333333334 0.10555555555555556
0 0.62109375 0.36203703703703705 0.3078125 0.04814814814814815
0 0.084375 0.7449074074074075 0.125 0.5101851851851852
0 0.67265625 0.7796296296296297 0.45989583333333334 0.44074074074074077
0 0.39791666666666664 0.8810185185185185 0.029166666666666667 0.23796296296296296
