0 0.23932291666666666 0.32083333333333336 0.4786458333333333 0.6416666666666667
0 0.22265625 0.09351851851851851 0.06197916666666667 0.09444444444444444
0 0.6234375 0.08935185185185185 0.14166666666666666 0.03611111111111111
0 0.3072916666666667 0.22361111111111112 0.030208333333333334 0.20092592592592592
0 0.5 0.16712962962962963 0.12604166666666666 0.0787037037037037
0 0.15130208333333334 0.31157407407407406 0.11510416666666666 0.08055555555555556
0 0.51640625 0.3143518518518518 0.22135416666666666 0.06759259259259259
0 0.6713541666666667 0.32083333333333336 0.09583333333333334 0.06574074074074074
0 0.5567708333333333 0.5708333333333333 0.3375 0.06388888888888888
0 0.30911458333333336 0.8185185185185185 0.1484375 0.362962962962963
