0 0.5015625 0.13703703703703704 0.45625 0.2351851851851852
0 0.18567708333333333 0.19907407407407407 0.07864583333333333 0.26851851851851855
0 0.3846354166666667 0.23472222222222222 0.09114583333333333 0.2898148148148148
0 0.6963541666666667 0.1787037037037037 0.109375 0.07222222222222222
0 0.446875 0.6597222222222222 0.046875 0.5768518518518518
0 0.634375 0.5013888888888889 0.29375 0.1287037037037037
0 0.1078125 0.5509259259259259 0.11979166666666667 0.2111111111111111
0 0.25286458333333334 0.49212962962962964 0.3328125 0.04351851851851852
0 0.25755208333333335 0.7759259259259259 0.1421875 0.14814814814814814
0 0.8125 0.8106481481481481 0.20208333333333334 0.19537037037037036
0 0.5911458333333334 0.9037037037037037 0.03854166666666667 0.1925925925925926
