0 0.19401041666666666 0.10092592592592593 0.13697916666666668 0.20185185185185187
0 0.3033854166666667 0.18611111111111112 0.0765625 0.37222222222222223
0 0.6036458333333333 0.10833333333333334 0.234375 0.21666666666666667
0 0.46536458333333336 0.19490740740740742 0.04114583333333333 0.26944444444444443
0 0.20260416666666667 0.17777777777777778 0.06145833333333333 0.09814814814814815
0 0.3893229166666667 0.1875 0.1109375 0.06018518518518518
0 0.18359375 0.4439814814814815 0.30572916666666666 0.0787037037037037
0 0.6033854166666667 0.4351851851851852 0.41510416666666666 0.05740740740740741
0 0.4953125 0.7541666666666667 0.7791666666666667 0.49166666666666664
0 0.2625 0.8546296296296296 0.18125 0.29074074074074074
0 0.7765625 0.937037037037037 0.090625 0.1259259259259259
