0 0.42291666666666666 0.07175925925925926 0.027083333333333334 0.14351851851851852
0 0.684375 0.11574074074074074 0.05520833333333333 0.22777777777777777
0 0.2046875 0.175 0.12916666666666668 0.06111111111111111
0 0.334375 0.5902777777777778 0.2552083333333333 0.8194444444444444
0 0.1078125 0.4148148148148148 0.096875 0.17777777777777778
0 0.6567708333333333 0.4041666666666667 0.19375 0.06574074074074074
0 0.20260416666666667 0.6837962962962963 0.052083333333333336 0.4287037037037037
0 0.48802083333333335 0.5578703703703703 0.17708333333333334 0.15648148148148147
0 0.29192708333333334 0.8189814814814815 0.05364583333333333 0.36203703703703705
0 0.5109375 0.8768518518518519 0.33645833333333336 0.15555555555555556
0 0.74375 0.8921296296296296 0.14270833333333333 0.1527777777777778
0 0.0203125 0.899537037037037 0.040625 0.05092592592592592
