0 0.4046875 0.075 0.4125 0.15
0 0.5533854166666666 0.16203703703703703 0.4203125 0.32407407407407407
0 0.6130208333333333 0.14166666666666666 0.10625 0.06666666666666667
0 0.146875 0.22268518518518518 0.11458333333333333 0.17314814814814813
0 0.2838541666666667 0.2722222222222222 0.34479166666666666 0.1037037037037037
0 0.22682291666666668 0.6726851851851852 0.45364583333333336 0.6472222222222223
0 0.2625 0.4703703703703704 0.13333333333333333 0.10740740740740741
0 0.03125 0.5481481481481482 0.0625 0.2111111111111111
0 0.28854166666666664 0.6166666666666667 0.15 0.15555555555555556
0 0.6408854166666667 0.5990740740740741 0.3734375 0.07037037037037037
0 0.026822916666666665 0.8953703703703704 0.05364583333333333 0.20925925925925926
0 0.7098958333333333 0.950462962962963 0.020833333333333332 0.09907407407407408
