0 0.5666666666666667 0.09074074074074075 0.48854166666666665 0.1814814814814815
0 0.57421875 0.0625 0.17239583333333333 0.0787037037037037
0 0.24479166666666666 0.09351851851851851 0.11875 0.05
0 0.5299479166666666 0.32083333333333336 0.10989583333333333 0.35648148148148145
0 0.36614583333333334 0.1625 0.23020833333333332 0.030555555555555555
0 0.7713541666666667 0.3712962962962963 0.090625 0.37222222222222223
0 0.26536458333333335 0.36157407407407405 0.13489583333333333 0.11388888888888889
0 0.6619791666666667 0.4273148148148148 0.23854166666666668 0.20462962962962963
0 0.3958333333333333 0.7310185185185185 0.3072916666666667 0.537962962962963
0 0.5309895833333333 0.6314814814814815 0.29635416666666664 0.05925925925925926
0 0.6455729166666667 0.9152777777777777 0.2911458333333333 0.16944444444444445
0 0.013020833333333334 0.9652777777777778 0.026041666666666668 0.06944444444444445
