0 0.26875 0.013888888888888888 0.09583333333333334 0.027777777777777776
0 0.2375 0.4199074074074074 0.475 0.8175925925925925
0 0.19921875 0.15925925925925927 0.06822916666666666 0.10925925925925926
0 0.6302083333333334 0.15416666666666667 0.15208333333333332 0.041666666666666664
0 0.28567708333333336 0.31296296296296294 0.03177083333333333 0.2388888888888889
0 0.49765625 0.24583333333333332 0.13697916666666668 0.09166666666666666
0 0.11536458333333334 0.41712962962962963 0.12447916666666667 0.09722222222222222
0 0.5153645833333333 0.4212962962962963 0.24322916666666666 0.08148148148148149
0 0.68515625 0.4287037037037037 0.1046875 0.07962962962962963
0 0.5604166666666667 0.7388888888888889 0.3802083333333333 0.08148148148148149
0 0.31796875 0.9111111111111111 0.03177083333333333 0.17777777777777778
0 0.21588541666666666 0.9518518518518518 0.04635416666666667 0.0962962962962963
