0 0.6729166666666667 0.040740740740740744 0.026041666666666668 0.08148148148148149
0 0.2515625 0.0412037037037037 0.11145833333333334 0.04537037037037037
0 0.23619791666666667 0.5125 0.47239583333333335 0.9361111111111111
0 0.18177083333333333 0.20833333333333334 0.07291666666666667 0.12037037037037036
0 0.6354166666666666 0.2023148148148148 0.16041666666666668 0.04537037037037037
0 0.26875 0.38101851851851853 0.03229166666666667 0.26944444444444443
0 0.49583333333333335 0.30462962962962964 0.14375 0.10185185185185185
0 0.08671875 0.49953703703703706 0.13072916666666667 0.11018518518518519
0 0.5143229166666666 0.5032407407407408 0.2598958333333333 0.09166666666666666
0 0.6958333333333333 0.5120370370370371 0.11145833333333334 0.09074074074074075
0 0.5630208333333333 0.8736111111111111 0.415625 0.09537037037037037
