0 0.23880208333333333 0.34953703703703703 0.47760416666666666 0.6990740740740741
0 0.215625 0.11388888888888889 0.06354166666666666 0.09814814814814815
0 0.6252604166666667 0.10972222222222222 0.14427083333333332 0.03796296296296296
0 0.30026041666666664 0.2518518518518518 0.030729166666666665 0.21296296296296297
0 0.49921875 0.19212962962962962 0.1296875 0.0824074074074074
0 0.14036458333333332 0.34444444444444444 0.1171875 0.08518518518518518
0 0.5158854166666667 0.3472222222222222 0.22864583333333333 0.07222222222222222
0 0.6755208333333333 0.35462962962962963 0.09895833333333333 0.07037037037037037
0 0.5580729166666667 0.6231481481481481 0.35052083333333334 0.07037037037037037
0 0.2989583333333333 0.8467592592592592 0.15416666666666667 0.30648148148148147
