0 0.6729166666666667 0.02175925925925926 0.19479166666666667 0.04351851851851852
0 0.53046875 0.14074074074074075 0.0921875 0.25
0 0.38984375 0.03009259259259259 0.19739583333333333 0.023148148148148147
0 0.7309895833333333 0.175 0.06822916666666666 0.2574074074074074
0 0.30963541666666666 0.17222222222222222 0.11510416666666666 0.07962962962962963
0 0.6380208333333334 0.21574074074074073 0.19375 0.1388888888888889
0 0.42083333333333334 0.45555555555555555 0.25 0.42962962962962964
0 0.5307291666666667 0.3509259259259259 0.23645833333333333 0.03888888888888889
0 0.20416666666666666 0.6087962962962963 0.35833333333333334 0.29907407407407405
0 0.665625 0.5439814814814815 0.31666666666666665 0.1398148148148148
0 0.578125 0.6361111111111111 0.3541666666666667 0.07037037037037037
0 0.0234375 0.8856481481481482 0.046875 0.04722222222222222
0 0.35989583333333336 0.9787037037037037 0.07708333333333334 0.04259259259259259
