0 0.40729166666666666 0.06435185185185185 0.4041666666666667 0.1287037037037037
0 0.5528645833333333 0.14675925925925926 0.40989583333333335 0.2935185185185185
0 0.6114583333333333 0.12129629629629629 0.10416666666666667 0.06481481481481481
0 0.15651041666666668 0.19814814814814816 0.10989583333333333 0.1648148148148148
0 0.28984375 0.2449074074074074 0.3359375 0.09722222222222222
0 0.22838541666666667 0.6194444444444445 0.45677083333333335 0.6018518518518519
0 0.27057291666666666 0.4324074074074074 0.1296875 0.10185185185185185
0 0.29713541666666665 0.5694444444444444 0.14322916666666666 0.14629629629629629
0 0.63671875 0.5523148148148148 0.3609375 0.06574074074074074
0 0.03619791666666667 0.8652777777777778 0.07239583333333334 0.26944444444444443
0 0.7020833333333333 0.9157407407407407 0.020833333333333332 0.1685185185185185
