0 0.41744791666666664 0.09675925925925925 0.0296875 0.1935185185185185
0 0.23619791666666667 0.02824074074074074 0.10260416666666666 0.03425925925925926
0 0.6924479166666667 0.16435185185185186 0.059895833333333336 0.25277777777777777
0 0.18619791666666666 0.22824074074074074 0.1359375 0.06944444444444445
0 0.3216145833333333 0.6180555555555556 0.2703125 0.7638888888888888
0 0.07682291666666667 0.5013888888888889 0.10677083333333333 0.20277777777777778
0 0.6661458333333333 0.4898148148148148 0.20833333333333334 0.07592592592592592
0 0.1734375 0.7819444444444444 0.06145833333333333 0.4361111111111111
0 0.48463541666666665 0.6685185185185185 0.19114583333333332 0.18333333333333332
0 0.28125 0.8814814814814815 0.036458333333333336 0.23703703703703705
0 0.37421875 0.9782407407407407 0.1015625 0.04351851851851852
0 0.803125 0.9879629629629629 0.08125 0.024074074074074074
