0 0.27838541666666666 0.014351851851851852 0.09739583333333333 0.028703703703703703
0 0.61796875 0.03935185185185185 0.3255208333333333 0.0787037037037037
0 0.53046875 0.18611111111111112 0.09635416666666667 0.2740740740740741
0 0.38385416666666666 0.06435185185185185 0.20625 0.025
0 0.7411458333333333 0.22361111111111112 0.07395833333333333 0.28425925925925927
0 0.2984375 0.21944444444444444 0.11979166666666667 0.08703703703703704
0 0.6440104166666667 0.2689814814814815 0.2046875 0.15462962962962962
0 0.41458333333333336 0.5407407407407407 0.2635416666666667 0.4888888888888889
0 0.53046875 0.4203703703703704 0.25052083333333336 0.046296296296296294
0 0.18541666666666667 0.7171296296296297 0.37083333333333335 0.3435185185185185
0 0.6752604166666667 0.6398148148148148 0.3411458333333333 0.16111111111111112
0 0.5822916666666667 0.7453703703703703 0.38229166666666664 0.08333333333333333
