0 0.24114583333333334 0.013425925925925926 0.09791666666666667 0.026851851851851852
0 0.4203125 0.08425925925925926 0.029166666666666667 0.1685185185185185
0 0.68828125 0.14027777777777778 0.05677083333333333 0.23796296296296296
0 0.19557291666666668 0.2023148148148148 0.13177083333333334 0.06388888888888888
0 0.328125 0.6041666666666666 0.2625 0.7916666666666666
0 0.09270833333333334 0.4564814814814815 0.10104166666666667 0.19074074074074074
0 0.6614583333333334 0.4462962962962963 0.20104166666666667 0.07037037037037037
0 0.18854166666666666 0.75 0.05625 0.4685185185185185
0 0.4864583333333333 0.611574074074074 0.184375 0.16944444444444445
0 0.2872395833333333 0.85 0.044270833333333336 0.3
0 0.47161458333333334 0.9375 0.2765625 0.125
0 0.7541666666666667 0.9467592592592593 0.15 0.10648148148148148
0 0.6216145833333333 0.9629629629629629 0.07760416666666667 0.07407407407407407
