0 0.27057291666666666 0.027314814814814816 0.0328125 0.05462962962962963
0 0.5489583333333333 0.09490740740740741 0.371875 0.18981481481481483
0 0.6049479166666667 0.04722222222222222 0.0953125 0.053703703703703705
0 0.19010416666666666 0.1111111111111111 0.09583333333333334 0.13703703703703704
0 0.31328125 0.14953703703703702 0.30572916666666666 0.0787037037037037
0 0.23411458333333332 0.44537037037037036 0.46822916666666664 0.4722222222222222
0 0.2986979166666667 0.30092592592592593 0.1171875 0.08148148148148149
0 0.325 0.4078703703703704 0.125 0.11203703703703703
0 0.62421875 0.3958333333333333 0.3171875 0.05092592592592592
0 0.06953125 0.7657407407407407 0.12864583333333332 0.4685185185185185
0 0.67421875 0.8027777777777778 0.022395833333333334 0.39444444444444443
0 0.39348958333333334 0.9120370370370371 0.028645833333333332 0.17592592592592593
0 0.575 0.9314814814814815 0.15208333333333332 0.13703703703703704
0 0.8393229166666667 0.9699074074074074 0.15052083333333333 0.06018518518518518
