0 0.34739583333333335 0.06111111111111111 0.028125 0.12222222222222222
0 0.26510416666666664 0.16018518518518518 0.35520833333333335 0.32037037037037036
0 0.5096354166666667 0.021296296296296296 0.09635416666666667 0.04259259259259259
0 0.22109375 0.1125 0.0953125 0.05462962962962963
0 0.51875 0.11527777777777778 0.18020833333333333 0.04537037037037037
0 0.6458333333333334 0.11898148148148148 0.07916666666666666 0.04351851851851852
0 0.55078125 0.2773148148148148 0.26197916666666665 0.03981481481481482
0 0.5549479166666667 0.6587962962962963 0.7651041666666667 0.6824074074074075
0 0.6080729166666666 0.6861111111111111 0.2994791666666667 0.24074074074074073
0 0.06041666666666667 0.8194444444444444 0.12083333333333333 0.08333333333333333
0 0.9638020833333333 0.9666666666666667 0.07239583333333334 0.06666666666666667
0 0.3380208333333333 0.9824074074074074 0.052083333333333336 0.03518518518518519
