0 0.57421875 0.15416666666666667 0.5505208333333333 0.30833333333333335
0 0.5791666666666667 0.15925925925925927 0.19166666666666668 0.09814814814814815
0 0.21067708333333332 0.19722222222222222 0.13177083333333334 0.06296296296296296
0 0.5296875 0.500462962962963 0.12604166666666666 0.48055555555555557
0 0.34401041666666665 0.28564814814814815 0.2609375 0.03981481481481482
0 0.8114583333333333 0.5675925925925925 0.11875 0.5092592592592593
0 0.22239583333333332 0.549537037037037 0.153125 0.15462962962962962
0 0.6859375 0.6412037037037037 0.2833333333333333 0.28425925925925927
0 0.37005208333333334 0.8444444444444444 0.36614583333333334 0.3111111111111111
0 0.5309895833333333 0.9314814814814815 0.3609375 0.08888888888888889
