0 0.3963541666666667 0.10972222222222222 0.440625 0.21944444444444444
0 0.55703125 0.21203703703703702 0.4557291666666667 0.42407407407407405
0 0.6197916666666666 0.2101851851851852 0.11458333333333333 0.07777777777777778
0 0.11484375 0.3050925925925926 0.12864583333333332 0.20462962962962963
0 0.26197916666666665 0.36203703703703705 0.37395833333333334 0.12037037037037036
0 0.39140625 0.7273148148148149 0.0453125 0.5453703703703704
0 0.234375 0.6023148148148149 0.14583333333333334 0.13240740740740742
0 0.25885416666666666 0.7833333333333333 0.171875 0.19444444444444445
0 0.6541666666666667 0.7611111111111111 0.41875 0.08703703703703704
0 0.034895833333333334 0.9708333333333333 0.06979166666666667 0.058333333333333334
