0 0.33151041666666664 0.05277777777777778 0.2296875 0.10555555555555556
0 0.4317708333333333 0.03796296296296296 0.025 0.07592592592592592
0 0.61171875 0.030555555555555555 0.19010416666666666 0.05185185185185185
0 0.55859375 0.06527777777777778 0.2078125 0.026851851851851852
0 0.22395833333333334 0.12407407407407407 0.08020833333333334 0.06851851851851852
0 0.5609375 0.20925925925925926 0.284375 0.08703703703703704
0 0.22526041666666666 0.30277777777777776 0.21614583333333334 0.2537037037037037
0 0.6088541666666667 0.6754629629629629 0.490625 0.649074074074074
0 0.23463541666666668 0.4532407407407407 0.04635416666666667 0.19907407407407407
0 0.3421875 0.6185185185185185 0.684375 0.4666666666666667
0 0.47630208333333335 0.649074074074074 0.16510416666666666 0.13703703703703704
