0 0.35442708333333334 0.05092592592592592 0.05677083333333333 0.10185185185185185
0 0.47994791666666664 0.03796296296296296 0.03177083333333333 0.07592592592592592
0 0.27005208333333336 0.1412037037037037 0.23177083333333334 0.04537037037037037
0 0.584375 0.13657407407407407 0.3104166666666667 0.032407407407407406
0 0.4984375 0.3611111111111111 0.5583333333333333 0.36666666666666664
0 0.09192708333333334 0.4601851851851852 0.1328125 0.43148148148148147
0 0.34765625 0.5203703703703704 0.1171875 0.4759259259259259
0 0.74140625 0.41944444444444445 0.1453125 0.11296296296296296
0 0.4244791666666667 0.8694444444444445 0.021875 0.2611111111111111
0 0.5614583333333333 0.9282407407407407 0.17916666666666667 0.14351851851851852
0 0.18828125 0.9592592592592593 0.3765625 0.08148148148148149
