0 0.6052083333333333 0.01990740740740741 0.084375 0.03981481481481482
0 0.5479166666666667 0.07314814814814814 0.35625 0.14629629629629629
0 0.20494791666666667 0.07314814814814814 0.09010416666666667 0.1259259259259259
0 0.32265625 0.10925925925925926 0.2921875 0.07222222222222222
0 0.23619791666666667 0.4074074074074074 0.47239583333333335 0.48703703703703705
0 0.3104166666666667 0.24583333333333332 0.11145833333333334 0.07314814814814814
0 0.3377604166666667 0.34120370370370373 0.11614583333333334 0.09907407407407408
0 0.61875 0.3314814814814815 0.2989583333333333 0.046296296296296294
0 0.09661458333333334 0.725462962962963 0.12447916666666667 0.549074074074074
0 0.66640625 0.7583333333333333 0.44114583333333335 0.48333333333333334
0 0.4015625 0.8518518518518519 0.03125 0.2962962962962963
