0 0.20677083333333332 0.03009259259259259 0.03333333333333333 0.06018518518518518
0 0.5690104166666666 0.03425925925925926 0.2796875 0.06851851851851852
0 0.33984375 0.037037037037037035 0.2671875 0.06111111111111111
0 0.23958333333333334 0.33935185185185185 0.4791666666666667 0.5138888888888888
0 0.33098958333333334 0.15092592592592594 0.1015625 0.06111111111111111
0 0.3578125 0.22777777777777777 0.10208333333333333 0.08148148148148149
0 0.6096354166666667 0.2199074074074074 0.2682291666666667 0.03796296296296296
0 0.1390625 0.6578703703703703 0.12395833333333334 0.6842592592592592
0 0.646875 0.6467592592592593 0.3770833333333333 0.5601851851851852
0 0.4114583333333333 0.7555555555555555 0.04375 0.4888888888888889
0 0.29375 0.8449074074074074 0.18125 0.16944444444444445
0 0.17786458333333333 0.9550925925925926 0.050520833333333334 0.08981481481481482
