0 0.35885416666666664 0.025925925925925925 0.07395833333333333 0.05185185185185185
0 0.56328125 0.30277777777777776 0.5140625 0.5777777777777777
0 0.3302083333333333 0.06111111111111111 0.034375 0.09259259259259259
0 0.3828125 0.18055555555555555 0.484375 0.30185185185185187
0 0.6296875 0.3212962962962963 0.128125 0.0962962962962963
0 0.06979166666666667 0.4388888888888889 0.13958333333333334 0.2518518518518518
0 0.22578125 0.512962962962963 0.42239583333333336 0.15555555555555556
0 0.38046875 0.8157407407407408 0.0328125 0.3685185185185185
0 0.18671875 0.8305555555555556 0.16822916666666668 0.17962962962962964
0 0.28802083333333334 0.9722222222222222 0.04479166666666667 0.05555555555555555
