0 0.23802083333333332 0.028703703703703703 0.03125 0.05740740740740741
0 0.24088541666666666 0.22546296296296298 0.40989583333333335 0.45092592592592595
0 0.61484375 0.014814814814814815 0.12864583333333332 0.02962962962962963
0 0.33098958333333334 0.125 0.028645833333333332 0.16296296296296298
0 0.5028645833333333 0.07916666666666666 0.1140625 0.06388888888888888
0 0.1921875 0.19583333333333333 0.103125 0.06388888888888888
0 0.5174479166666667 0.19814814814814816 0.19739583333333333 0.053703703703703705
0 0.65625 0.2037037037037037 0.08541666666666667 0.05185185185185185
0 0.5533854166666666 0.3972222222222222 0.2921875 0.04814814814814815
0 0.26067708333333334 0.7231481481481481 0.2911458333333333 0.5537037037037037
0 0.55625 0.8842592592592593 0.21770833333333334 0.23148148148148148
0 0.7682291666666666 0.9671296296296297 0.05520833333333333 0.06574074074074074
