0 0.33098958333333334 0.024537037037037038 0.2682291666666667 0.049074074074074076
0 0.54609375 0.02361111111111111 0.1984375 0.023148148148148147
0 0.5796875 0.2273148148148148 0.5989583333333334 0.36574074074074076
0 0.5828125 0.2337962962962963 0.20729166666666668 0.11388888888888889
0 0.18385416666666668 0.27824074074074073 0.14166666666666666 0.07314814814814814
0 0.5291666666666667 0.6504629629629629 0.140625 0.5953703703703703
0 0.3268229166666667 0.38333333333333336 0.2859375 0.04814814814814815
0 0.8432291666666667 0.7078703703703704 0.13958333333333334 0.5842592592592593
0 0.18619791666666666 0.7064814814814815 0.16822916666666668 0.1925925925925926
0 0.70703125 0.8217592592592593 0.32135416666666666 0.35648148148148145
0 0.29453125 0.9412037037037037 0.019270833333333334 0.1175925925925926
0 0.20234375 0.9643518518518519 0.12760416666666666 0.0712962962962963
