0 0.34375 0.025 0.2625 0.05
0 0.56796875 0.02546296296296296 0.27447916666666666 0.05092592592592592
0 0.24036458333333333 0.32222222222222224 0.48072916666666665 0.5166666666666667
0 0.33567708333333335 0.12916666666666668 0.09947916666666666 0.05648148148148148
0 0.36223958333333334 0.20277777777777778 0.09947916666666666 0.07592592592592592
0 0.6075520833333333 0.19444444444444445 0.2609375 0.03518518518518519
0 0.15130208333333334 0.6425925925925926 0.11822916666666666 0.7148148148148148
0 0.64296875 0.5939814814814814 0.36302083333333335 0.5194444444444445
0 0.42239583333333336 0.7347222222222223 0.06458333333333334 0.5305555555555556
0 0.303125 0.7782407407407408 0.17395833333333333 0.15648148148148147
0 0.18802083333333333 0.9189814814814815 0.059375 0.16203703703703703
