0 0.26223958333333336 0.2101851851851852 0.45677083333333335 0.4203703703703704
0 0.39140625 0.03935185185185185 0.08072916666666667 0.05277777777777778
0 0.5940104166666667 0.03425925925925926 0.2171875 0.024074074074074074
0 0.24609375 0.3921296296296296 0.10260416666666666 0.5916666666666667
0 0.6182291666666667 0.2851851851851852 0.28229166666666666 0.3148148148148148
0 0.4484375 0.41712962962962963 0.053125 0.4046296296296296
0 0.12942708333333333 0.3851851851851852 0.0703125 0.14444444444444443
0 0.3580729166666667 0.4 0.13385416666666666 0.08888888888888889
0 0.6268229166666667 0.7949074074074074 0.5421875 0.09537037037037037
0 0.1375 0.8208333333333333 0.275 0.11018518518518519
