0 0.2994791666666667 0.040740740740740744 0.20625 0.03518518518518519
0 0.5783854166666667 0.03657407407407407 0.2755208333333333 0.026851851851851852
0 0.5002604166666667 0.2050925925925926 0.48802083333333335 0.27314814814814814
0 0.15755208333333334 0.2763888888888889 0.09322916666666667 0.31574074074074077
0 0.3734375 0.3199074074074074 0.09895833333333333 0.3416666666666667
0 0.7098958333333333 0.2518518518518518 0.11979166666666667 0.08518518518518518
0 0.4395833333333333 0.7393518518518518 0.04479166666666667 0.5212962962962963
0 0.64609375 0.6375 0.3255208333333333 0.16018518518518518
0 0.06380208333333333 0.700462962962963 0.12760416666666666 0.262037037037037
0 0.22291666666666668 0.6263888888888889 0.36875 0.05462962962962963
0 0.17083333333333334 0.9430555555555555 0.057291666666666664 0.11388888888888889
0 0.77109375 0.950462962962963 0.07239583333333334 0.09907407407407408
