0 0.27734375 0.17592592592592593 0.4296875 0.35185185185185186
0 0.38697916666666665 0.016666666666666666 0.057291666666666664 0.03333333333333333
0 0.5916666666666667 0.006944444444444444 0.20833333333333334 0.013888888888888888
0 0.2643229166666667 0.32314814814814813 0.09322916666666667 0.5277777777777778
0 0.6140625 0.2310185185185185 0.2677083333333333 0.28425925925925927
0 0.45390625 0.34675925925925927 0.049479166666666664 0.35833333333333334
0 0.15234375 0.32037037037037036 0.0671875 0.12962962962962962
0 0.36770833333333336 0.3333333333333333 0.12708333333333333 0.07962962962962963
0 0.6190104166666667 0.6782407407407407 0.5005208333333333 0.08055555555555556
0 0.14765625 0.700925925925926 0.2953125 0.09444444444444444
0 0.3893229166666667 0.8925925925925926 0.0234375 0.21481481481481482
0 0.13229166666666667 0.9120370370370371 0.246875 0.17592592592592593
