0 0.5018229166666667 0.13240740740740742 0.4546875 0.23333333333333334
0 0.18776041666666668 0.19305555555555556 0.07760416666666667 0.2657407407407407
0 0.38515625 0.22916666666666666 0.09114583333333333 0.2861111111111111
0 0.6955729166666667 0.1736111111111111 0.10885416666666667 0.0712962962962963
0 0.44765625 0.6476851851851851 0.04635416666666667 0.5675925925925925
0 0.63359375 0.49212962962962964 0.2911458333333333 0.12685185185185185
0 0.11119791666666666 0.5412037037037037 0.11927083333333334 0.2064814814814815
0 0.2552083333333333 0.4824074074074074 0.33125 0.04259259259259259
0 0.2598958333333333 0.7620370370370371 0.14166666666666666 0.14629629629629629
0 0.8098958333333334 0.7967592592592593 0.20104166666666667 0.19166666666666668
0 0.5921875 0.8972222222222223 0.041666666666666664 0.20555555555555555
