0 0.3265625 0.03333333333333333 0.27395833333333336 0.06666666666666667
0 0.5825520833333333 0.22407407407407406 0.6171875 0.44814814814814813
0 0.74140625 0.0699074074074074 0.06822916666666666 0.08611111111111111
0 0.7708333333333334 0.1638888888888889 0.11666666666666667 0.07037037037037037
0 0.81171875 0.3212962962962963 0.09427083333333333 0.1425925925925926
0 0.17421875 0.30833333333333335 0.1453125 0.07962962962962963
0 0.52890625 0.6935185185185185 0.14427083333333332 0.6129629629629629
0 0.32005208333333335 0.41805555555555557 0.2953125 0.05092592592592592
0 0.88515625 0.7472222222222222 0.2140625 0.5055555555555555
0 0.17239583333333333 0.7666666666666667 0.17291666666666666 0.20925925925925926
0 0.7205729166666667 0.850925925925926 0.2078125 0.29814814814814816
