0 0.3580729166666667 0.03935185185185185 0.0453125 0.0787037037037037
0 0.48151041666666666 0.027314814814814816 0.030729166666666665 0.05462962962962963
0 0.4986979166666667 0.26805555555555555 0.5401041666666667 0.44722222222222224
0 0.27760416666666665 0.11666666666666667 0.22604166666666667 0.04259259259259259
0 0.10911458333333333 0.412962962962963 0.12239583333333333 0.4
0 0.31744791666666666 0.624537037037037 0.35052083333333334 0.7509259259259259
0 0.73359375 0.3763888888888889 0.1390625 0.10648148148148148
0 0.6221354166666667 0.6620370370370371 0.0671875 0.5814814814814815
0 0.7520833333333333 0.7296296296296296 0.03958333333333333 0.5407407407407407
0 0.428125 0.8356481481481481 0.023958333333333335 0.3287037037037037
0 0.0265625 0.9689814814814814 0.053125 0.062037037037037036
