0 0.42526041666666664 0.062037037037037036 0.0265625 0.12407407407407407
0 0.6817708333333333 0.10277777777777777 0.052083333333333336 0.20555555555555555
0 0.715625 0.04861111111111111 0.07291666666666667 0.09722222222222222
0 0.7809895833333333 0.20046296296296295 0.11510416666666666 0.21574074074074073
0 0.21197916666666666 0.15462962962962962 0.12604166666666666 0.05740740740740741
0 0.3390625 0.5791666666666667 0.24791666666666667 0.8416666666666667
0 0.65390625 0.37222222222222223 0.1890625 0.06111111111111111
0 0.48932291666666666 0.5166666666666667 0.17135416666666667 0.14629629629629629
0 0.9369791666666667 0.7388888888888889 0.12604166666666666 0.4222222222222222
0 0.296875 0.7962962962962963 0.058333333333333334 0.4074074074074074
0 0.73515625 0.8087962962962963 0.13697916666666668 0.3824074074074074
0 0.51171875 0.8134259259259259 0.3234375 0.14166666666666666
0 0.029427083333333333 0.8467592592592592 0.058854166666666666 0.0712962962962963
