0 0.6932291666666667 0.053703703703703705 0.16354166666666667 0.10740740740740741
0 0.24244791666666668 0.27685185185185185 0.48489583333333336 0.5277777777777778
0 0.34869791666666666 0.07083333333333333 0.09322916666666667 0.05092592592592592
0 0.37473958333333335 0.1337962962962963 0.09114583333333333 0.06574074074074074
0 0.8309895833333333 0.21342592592592594 0.1359375 0.22314814814814815
0 0.6018229166666667 0.12685185185185185 0.2421875 0.02962962962962963
0 0.25442708333333336 0.6023148148148149 0.3015625 0.7953703703703704
0 0.63203125 0.45694444444444443 0.32760416666666664 0.42314814814814816
0 0.43046875 0.6412037037037037 0.06614583333333333 0.5657407407407408
0 0.05651041666666667 0.5888888888888889 0.07864583333333333 0.2
0 0.32760416666666664 0.6087962962962963 0.15625 0.12314814814814815
0 0.7674479166666667 0.9416666666666667 0.025520833333333333 0.11666666666666667
