0 0.334375 0.0875 0.19166666666666668 0.175
0 0.5557291666666667 0.047685185185185185 0.24270833333333333 0.09537037037037037
0 0.7661458333333333 0.18472222222222223 0.20833333333333334 0.36944444444444446
0 0.27317708333333335 0.12731481481481483 0.19010416666666666 0.18055555555555555
0 0.34765625 0.3365740740740741 0.6036458333333333 0.3509259259259259
0 0.6200520833333333 0.5814814814814815 0.7598958333333333 0.837037037037037
0 0.48723958333333334 0.36018518518518516 0.13177083333333334 0.08703703703703704
0 0.125 0.5592592592592592 0.21666666666666667 0.11666666666666667
0 0.46953125 0.9152777777777777 0.06197916666666667 0.16944444444444445
0 0.1296875 0.9185185185185185 0.06041666666666667 0.16296296296296298
0 0.37578125 0.986574074074074 0.1359375 0.026851851851851852
