0 0.7190104166666667 0.014351851851851852 0.0671875 0.028703703703703703
0 0.4114583333333333 0.12962962962962962 0.03125 0.23333333333333334
0 0.6924479166666667 0.19166666666666668 0.17447916666666666 0.32592592592592595
0 0.22239583333333332 0.06342592592592593 0.10729166666666666 0.03611111111111111
0 0.8205729166666667 0.3490740740740741 0.1390625 0.28703703703703703
0 0.16692708333333334 0.2851851851851852 0.1421875 0.07592592592592592
0 0.30833333333333335 0.6462962962962963 0.2875 0.7074074074074074
0 0.67578125 0.5810185185185185 0.2234375 0.08611111111111111
0 0.48151041666666666 0.7902777777777777 0.20677083333333332 0.21574074074074073
0 0.9747395833333333 0.9027777777777778 0.050520833333333334 0.19444444444444445
0 0.26796875 0.950925925925926 0.019270833333333334 0.09814814814814815
