0 0.6729166666666667 0.02175925925925926 0.19479166666666667 0.04351851851851852
0 0.53046875 0.14074074074074075 0.0921875 0.2518518518518518
0 0.38984375 0.03009259259259259 0.19739583333333333 0.023148148148148147
0 0.7286458333333333 0.3037037037037037 0.28958333333333336 0.48148148148148145
0 0.30963541666666666 0.17175925925925925 0.11510416666666666 0.08055555555555556
0 0.42083333333333334 0.4550925925925926 0.25 0.4287037037037037
0 0.53046875 0.3509259259259259 0.2359375 0.03888888888888889
0 0.20416666666666666 0.7296296296296296 0.35833333333333334 0.5407407407407407
0 0.6296875 0.7347222222222223 0.45729166666666665 0.5305555555555556
0 0.9338541666666667 0.7666666666666667 0.12916666666666668 0.4666666666666667
0 0.0234375 0.8856481481481482 0.046875 0.04722222222222222
0 0.009375 0.9569444444444445 0.01875 0.08611111111111111
0 0.35989583333333336 0.9787037037037037 0.07708333333333334 0.04259259259259259
