0 0.3299479166666667 0.09907407407407408 0.20677083333333332 0.19814814814814816
0 0.55625 0.05740740740740741 0.24791666666666667 0.11481481481481481
0 0.7729166666666667 0.2013888888888889 0.215625 0.4027777777777778
0 0.2674479166666667 0.14907407407407408 0.19322916666666667 0.18888888888888888
0 0.3419270833333333 0.36944444444444446 0.6234375 0.37222222222222223
0 0.6940104166666666 0.5935185185185186 0.6119791666666666 0.812962962962963
0 0.4859375 0.3939814814814815 0.13645833333333332 0.09166666666666666
0 0.11145833333333334 0.6064814814814815 0.22291666666666668 0.12407407407407407
0 0.46380208333333334 0.8398148148148148 0.46927083333333336 0.32037037037037036
0 0.4591145833333333 0.9495370370370371 0.04739583333333333 0.10092592592592593
0 0.10390625 0.9527777777777777 0.04114583333333333 0.09444444444444444
