0 0.2903645833333333 0.10694444444444444 0.3223958333333333 0.21388888888888888
0 0.60546875 0.3976851851851852 0.7776041666666667 0.7953703703703704
0 0.7546875 0.07037037037037037 0.08229166666666667 0.14074074074074075
0 0.24661458333333333 0.041666666666666664 0.08802083333333334 0.044444444444444446
0 0.5197916666666667 0.04351851851851852 0.165625 0.03888888888888889
0 0.7807291666666667 0.2199074074074074 0.08333333333333333 0.1175925925925926
0 0.8197916666666667 0.3541666666666667 0.14375 0.10092592592592593
0 0.8833333333333333 0.5930555555555556 0.128125 0.2212962962962963
0 0.08854166666666667 0.5708333333333333 0.17708333333333334 0.12129629629629629
0 0.5372395833333333 0.8481481481481481 0.07760416666666667 0.3037037037037037
0 0.2609375 0.7462962962962963 0.37604166666666666 0.08148148148148149
0 0.8729166666666667 0.9365740740740741 0.040625 0.12685185185185185
