0 0.5682291666666667 0.10185185185185185 0.5 0.2037037037037037
0 0.7377604166666667 0.01990740740740741 0.0859375 0.03981481481481482
0 0.7591145833333334 0.12129629629629629 0.0734375 0.09444444444444444
0 0.23880208333333333 0.1125 0.12135416666666667 0.05277777777777778
0 0.5294270833333333 0.3527777777777778 0.11302083333333333 0.37592592592592594
0 0.3619791666666667 0.18518518518518517 0.23645833333333333 0.03333333333333333
0 0.7950520833333333 0.6166666666666667 0.39739583333333334 0.7666666666666667
0 0.2578125 0.39490740740740743 0.13854166666666667 0.12129629629629629
0 0.39140625 0.7518518518518519 0.3171875 0.4962962962962963
0 0.5307291666666667 0.6833333333333333 0.3072916666666667 0.06481481481481481
0 0.19322916666666667 0.9361111111111111 0.042708333333333334 0.12777777777777777
0 0.6361979166666667 0.9449074074074074 0.25885416666666666 0.11018518518518519
