0 0.2877604166666667 0.018055555555555554 0.10052083333333334 0.03611111111111111
0 0.5544270833333333 0.012962962962962963 0.10260416666666666 0.025925925925925925
0 0.609375 0.21574074074074073 0.5083333333333333 0.43148148148148147
0 0.27838541666666666 0.05324074074074074 0.13802083333333334 0.04537037037037037
0 0.3020833333333333 0.19444444444444445 0.31979166666666664 0.08703703703703704
0 0.23125 0.5231481481481481 0.4625 0.524074074074074
0 0.28541666666666665 0.3625 0.12395833333333334 0.08981481481481482
0 0.3125 0.4828703703703704 0.13229166666666667 0.12685185185185185
0 0.9291666666666667 0.6453703703703704 0.14166666666666666 0.4462962962962963
0 0.6296875 0.4689814814814815 0.3375 0.05648148148148148
0 0.05572916666666667 0.8115740740740741 0.1 0.3768518518518518
0 0.6885416666666667 0.8546296296296296 0.01875 0.29074074074074074
