0 0.5731770833333333 0.058333333333333334 0.43802083333333336 0.11666666666666667
0 0.73984375 0.047685185185185185 0.06614583333333333 0.08055555555555556
0 0.2625 0.040740740740740744 0.11145833333333334 0.044444444444444446
0 0.53046875 0.23564814814814813 0.1015625 0.30277777777777776
0 0.3770833333333333 0.10092592592592593 0.215625 0.027777777777777776
0 0.7588541666666667 0.4444444444444444 0.3385416666666667 0.6074074074074074
0 0.28619791666666666 0.27175925925925926 0.12552083333333333 0.09722222222222222
0 0.4075520833333333 0.638425925925926 0.2796875 0.5638888888888889
0 0.53046875 0.4962962962962963 0.2671875 0.05
0 0.17369791666666667 0.8185185185185185 0.34739583333333335 0.362962962962963
0 0.6453125 0.825 0.5322916666666667 0.35
0 0.9643229166666667 0.8666666666666667 0.07135416666666666 0.26666666666666666
