0 0.6932291666666667 0.09351851851851851 0.178125 0.18703703703703703
0 0.44609375 0.13425925925925927 0.1921875 0.2351851851851852
0 0.5307291666666667 0.08055555555555556 0.178125 0.022222222222222223
0 0.26796875 0.42685185185185187 0.32135416666666666 0.5722222222222222
0 0.57890625 0.33564814814814814 0.37447916666666664 0.3768518518518518
0 0.8653645833333333 0.4935185185185185 0.26927083333333335 0.6259259259259259
0 0.14244791666666667 0.6106481481481482 0.2515625 0.4212962962962963
0 0.6036458333333333 0.8425925925925926 0.5822916666666667 0.3148148148148148
0 0.9666666666666667 0.9296296296296296 0.06666666666666667 0.14074074074074075
0 0.72890625 0.9699074074074074 0.05364583333333333 0.06018518518518518
