0 0.31223958333333335 0.0625 0.2921875 0.125
0 0.5903645833333333 0.2884259259259259 0.6776041666666667 0.5768518518518518
0 0.7557291666666667 0.03194444444444444 0.03854166666666667 0.06388888888888888
0 0.75703125 0.12824074074074074 0.0734375 0.09722222222222222
0 0.7901041666666667 0.23703703703703705 0.128125 0.08148148148148149
0 0.8388020833333333 0.42453703703703705 0.10677083333333333 0.1712962962962963
0 0.14140625 0.4074074074074074 0.1578125 0.09444444444444444
0 0.5283854166666667 0.7518518518518519 0.16302083333333334 0.4962962962962963
0 0.29791666666666666 0.5416666666666666 0.325 0.06111111111111111
0 0.8489583333333334 0.8171296296296297 0.08645833333333333 0.36574074074074076
0 0.05911458333333333 0.9222222222222223 0.0640625 0.15555555555555556
0 0.66875 0.9476851851851852 0.08229166666666667 0.10462962962962963
