0 0.2046875 0.044444444444444446 0.06145833333333333 0.08888888888888889
0 0.3546875 0.10925925925925926 0.196875 0.21851851851851853
0 0.47369791666666666 0.09305555555555556 0.0359375 0.18611111111111112
0 0.5955729166666667 0.05 0.20989583333333334 0.1
0 0.240625 0.06944444444444445 0.05625 0.07592592592592592
0 0.40546875 0.07731481481481481 0.0984375 0.04722222222222222
0 0.49609375 0.5032407407407408 0.6505208333333333 0.6620370370370371
0 0.2328125 0.27175925925925926 0.2635416666666667 0.058333333333333334
0 0.04869791666666667 0.5662037037037037 0.09739583333333333 0.3175925925925926
0 0.25625 0.7296296296296296 0.45 0.5407407407407407
0 0.7838541666666666 0.6523148148148148 0.17916666666666667 0.1638888888888889
0 0.61796875 0.8217592592592593 0.0328125 0.35648148148148145
0 0.7953125 0.8907407407407407 0.01875 0.21851851851851853
