0 0.25390625 0.22916666666666666 0.4713541666666667 0.4583333333333333
0 0.36822916666666666 0.012037037037037037 0.07604166666666666 0.024074074074074074
0 0.7236979166666667 0.018055555555555554 0.0609375 0.03611111111111111
0 0.3880208333333333 0.05694444444444444 0.08229166666666667 0.05462962962962963
0 0.80234375 0.12175925925925926 0.11927083333333334 0.18425925925925926
0 0.5955729166666667 0.050462962962962966 0.22135416666666666 0.026851851851851852
0 0.2859375 0.4300925925925926 0.26875 0.6305555555555555
0 0.6205729166666667 0.31527777777777777 0.29010416666666666 0.33240740740740743
0 0.4453125 0.4550925925925926 0.05520833333333333 0.4287037037037037
0 0.11692708333333333 0.42083333333333334 0.07239583333333334 0.1527777777777778
0 0.3528645833333333 0.4361111111111111 0.13802083333333334 0.09444444444444444
0 0.6309895833333333 0.8203703703703704 0.5640625 0.3592592592592593
0 0.91953125 0.8537037037037037 0.0296875 0.053703703703703705
0 0.13203125 0.8888888888888888 0.2640625 0.11851851851851852
0 0.94609375 0.9532407407407407 0.028645833333333332 0.05092592592592592
0 0.8739583333333333 0.9888888888888889 0.140625 0.022222222222222223
