0 0.27838541666666666 0.13240740740740742 0.33697916666666666 0.26481481481481484
0 0.7653645833333333 0.09212962962962963 0.08489583333333334 0.18425925925925926
0 0.5979166666666667 0.4601851851851852 0.8041666666666667 0.8814814814814815
0 0.234375 0.0763888888888889 0.09166666666666666 0.049074074074074076
0 0.5190104166666667 0.07777777777777778 0.1734375 0.04259259259259259
0 0.7942708333333334 0.2722222222222222 0.08854166666666667 0.12962962962962962
0 0.8372395833333334 0.4217592592592593 0.15364583333333334 0.11388888888888889
0 0.9098958333333333 0.6953703703703704 0.14270833333333333 0.25555555555555554
0 0.07526041666666666 0.7 0.15052083333333333 0.07592592592592592
0 0.5606770833333333 0.9069444444444444 0.03802083333333333 0.18611111111111112
0 0.23802083333333332 0.8736111111111111 0.40729166666666666 0.09537037037037037
