0 0.6760416666666667 0.059722222222222225 0.034375 0.11944444444444445
0 0.6994791666666667 0.014351851851851852 0.06354166666666666 0.028703703703703703
0 0.7572916666666667 0.11388888888888889 0.10208333333333333 0.17962962962962964
0 0.23880208333333333 0.0763888888888889 0.11614583333333334 0.049074074074074076
0 0.3567708333333333 0.5407407407407407 0.22604166666666667 0.9185185185185185
0 0.640625 0.25462962962962965 0.16875 0.05
0 0.49375 0.3699074074074074 0.15208333333333332 0.11574074074074074
0 0.9138020833333333 0.6370370370370371 0.15989583333333332 0.5185185185185185
0 0.7143229166666667 0.7231481481481481 0.1328125 0.5537037037037037
0 0.062239583333333334 0.5912037037037037 0.12447916666666667 0.12685185185185185
0 0.51328125 0.5953703703703703 0.2786458333333333 0.10555555555555556
