0 0.33307291666666666 0.12453703703703704 0.24114583333333334 0.2490740740740741
0 0.5578125 0.07824074074074074 0.25833333333333336 0.15648148148148147
0 0.7875 0.2388888888888889 0.23229166666666667 0.4777777777777778
0 0.2546875 0.19444444444444445 0.20104166666666667 0.20925925925925926
0 0.33125 0.4425925925925926 0.6625 0.4203703703703704
0 0.62109375 0.6180555555555556 0.48072916666666665 0.7638888888888888
0 0.4830729166666667 0.46805555555555556 0.14427083333333332 0.10462962962962963
0 0.94453125 0.7962962962962963 0.1109375 0.4074074074074074
0 0.09973958333333334 0.7231481481481481 0.19947916666666668 0.12222222222222222
0 0.37604166666666666 0.8986111111111111 0.34375 0.20277777777777778
0 0.5375 0.9564814814814815 0.0875 0.08703703703703704
