0 0.325 0.011111111111111112 0.16666666666666666 0.022222222222222223
0 0.5010416666666667 0.1388888888888889 0.46458333333333335 0.2777777777777778
0 0.17838541666666666 0.2199074074074074 0.0828125 0.28055555555555556
0 0.35546875 0.37824074074074077 0.28802083333333334 0.5435185185185185
0 0.6997395833333333 0.19814814814814816 0.11197916666666667 0.07407407407407407
0 0.6052083333333333 0.3851851851851852 0.051041666666666666 0.3814814814814815
0 0.70859375 0.47175925925925927 0.022395833333333334 0.4324074074074074
0 0.44375 0.7 0.04895833333333333 0.6
0 0.09557291666666666 0.5902777777777778 0.1234375 0.22314814814814815
0 0.24791666666666667 0.8291666666666667 0.14583333333333334 0.16018518518518518
0 0.82265625 0.8657407407407407 0.21197916666666666 0.2111111111111111
0 0.5934895833333333 0.9305555555555556 0.04010416666666667 0.1388888888888889
