0 0.27838541666666666 0.014814814814814815 0.09739583333333333 0.02962962962962963
0 0.61796875 0.03981481481481482 0.3255208333333333 0.07962962962962963
0 0.73125 0.025925925925925925 0.0625 0.05185185185185185
0 0.5307291666666667 0.18611111111111112 0.096875 0.2740740740740741
0 0.38333333333333336 0.06481481481481481 0.20625 0.025925925925925925
0 0.7424479166666667 0.3699074074074074 0.31197916666666664 0.537962962962963
0 0.2984375 0.2199074074074074 0.11979166666666667 0.08796296296296297
0 0.41458333333333336 0.5407407407407407 0.2635416666666667 0.4888888888888889
0 0.53046875 0.41898148148148145 0.25052083333333336 0.04351851851851852
0 0.18515625 0.7712962962962963 0.3703125 0.45740740740740743
0 0.6369791666666667 0.7768518518518519 0.49166666666666664 0.4462962962962963
0 0.9442708333333333 0.8134259259259259 0.09479166666666666 0.3731481481481482
