0 0.23828125 0.38055555555555554 0.4765625 0.7611111111111111
0 0.7330729166666666 0.04583333333333333 0.08697916666666666 0.09166666666666666
0 0.6276041666666666 0.13148148148148148 0.14791666666666667 0.03888888888888889
0 0.4981770833333333 0.2175925925925926 0.1328125 0.08703703703703704
0 0.8526041666666667 0.4078703703703704 0.12395833333333334 0.36574074074074076
0 0.559375 0.638425925925926 0.3645833333333333 0.7231481481481481
0 0.12786458333333334 0.37962962962962965 0.1203125 0.09074074074074075
0 0.5153645833333333 0.3837962962962963 0.2359375 0.07685185185185185
0 0.925 0.7824074074074074 0.15 0.28888888888888886
0 0.30078125 0.8777777777777778 0.0828125 0.24444444444444444
0 0.6486979166666667 0.912962962962963 0.021354166666666667 0.17407407407407408
0 0.24609375 0.9152777777777777 0.07552083333333333 0.16944444444444445
