0 0.5018229166666667 0.12453703703703704 0.4546875 0.2490740740740741
0 0.18776041666666668 0.19305555555555556 0.07760416666666667 0.2657407407407407
0 0.3606770833333333 0.3416666666666667 0.2796875 0.5111111111111111
0 0.6953125 0.1726851851851852 0.10833333333333334 0.0712962962962963
0 0.6026041666666667 0.350462962962963 0.05 0.35833333333333334
0 0.7018229166666666 0.43148148148148147 0.022395833333333334 0.40370370370370373
0 0.44765625 0.6486111111111111 0.04635416666666667 0.5675925925925925
0 0.1109375 0.5412037037037037 0.11979166666666667 0.2064814814814815
0 0.2596354166666667 0.762962962962963 0.14114583333333333 0.14814814814814814
0 0.8096354166666667 0.7962962962962963 0.20052083333333334 0.1925925925925926
0 0.5921875 0.8967592592592593 0.041666666666666664 0.2064814814814815
