0 0.5161458333333333 0.05092592592592592 0.03125 0.10185185185185185
0 0.6921875 0.14537037037037037 0.23125 0.29074074074074074
0 0.3419270833333333 0.03518518518518519 0.09947916666666666 0.05925925925925926
0 0.43828125 0.22824074074074074 0.20989583333333334 0.2861111111111111
0 0.5307291666666667 0.16157407407407406 0.19583333333333333 0.026851851851851852
0 0.234375 0.6078703703703704 0.3614583333333333 0.7453703703703703
0 0.5822916666666667 0.48148148148148145 0.42083333333333334 0.47962962962962963
0 0.8815104166666666 0.6106481481481482 0.23697916666666666 0.6564814814814814
0 0.0796875 0.8333333333333334 0.159375 0.3333333333333333
0 0.16744791666666667 0.9305555555555556 0.0390625 0.1388888888888889
0 0.3234375 0.9712962962962963 0.10104166666666667 0.05740740740740741
