0 0.39895833333333336 0.06388888888888888 0.43020833333333336 0.12777777777777777
0 0.62890625 0.325 0.5901041666666667 0.65
0 0.74453125 0.027777777777777776 0.0640625 0.05555555555555555
0 0.24895833333333334 0.15 0.15416666666666667 0.05555555555555555
0 0.26979166666666665 0.33055555555555555 0.36354166666666665 0.11296296296296296
0 0.39453125 0.7083333333333334 0.04739583333333333 0.5833333333333334
0 0.24427083333333333 0.5560185185185185 0.14166666666666666 0.125
0 0.015364583333333333 0.5837962962962963 0.030729166666666665 0.11944444444444445
0 0.26953125 0.7231481481481481 0.16302083333333334 0.17962962962962964
0 0.9625 0.8180555555555555 0.075 0.36203703703703705
0 0.6497395833333334 0.7032407407407407 0.40260416666666665 0.08055555555555556
0 0.09791666666666667 0.9305555555555556 0.19583333333333333 0.1388888888888889
