0 0.30755208333333334 0.07268518518518519 0.2994791666666667 0.14537037037037037
0 0.59375 0.31342592592592594 0.7 0.6268518518518519
0 0.7505208333333333 0.040740740740740744 0.058333333333333334 0.08148148148148149
0 0.7625 0.14953703703703702 0.07604166666666666 0.10092592592592593
0 0.7966145833333333 0.26481481481481484 0.13177083333333334 0.08518518518518518
0 0.84921875 0.46296296296296297 0.1109375 0.1814814814814815
0 0.12916666666666668 0.4444444444444444 0.1625 0.1
0 0.5278645833333333 0.7731481481481481 0.1703125 0.4537037037037037
0 0.28958333333333336 0.5875 0.33645833333333336 0.06574074074074074
0 0.8544270833333333 0.8435185185185186 0.07552083333333333 0.31296296296296294
0 0.03229166666666667 0.9578703703703704 0.053125 0.08425925925925926
