0 0.3541666666666667 0.050462962962962966 0.05625 0.10092592592592593
0 0.48020833333333335 0.03796296296296296 0.03125 0.07592592592592592
0 0.4981770833333333 0.30462962962962964 0.5578125 0.47962962962962963
0 0.2703125 0.14166666666666666 0.23229166666666667 0.044444444444444446
0 0.09192708333333334 0.4601851851851852 0.1328125 0.43148148148148147
0 0.30859375 0.6412037037037037 0.3651041666666667 0.7175925925925926
0 0.74140625 0.41944444444444445 0.1453125 0.11296296296296296
0 0.6263020833333334 0.7064814814814815 0.07135416666666666 0.587037037037037
0 0.7536458333333333 0.7546296296296297 0.026041666666666668 0.49074074074074076
0 0.4244791666666667 0.8694444444444445 0.021875 0.2611111111111111
