0 0.3177083333333333 0.05185185185185185 0.2864583333333333 0.1037037037037037
0 0.5877604166666667 0.2657407407407407 0.6567708333333333 0.5314814814814814
0 0.7518229166666667 0.10787037037037037 0.07135416666666666 0.09351851851851851
0 0.7833333333333333 0.21157407407407408 0.12395833333333334 0.0787037037037037
0 0.8296875 0.38935185185185184 0.103125 0.16203703703703703
0 0.153125 0.3731481481481482 0.15416666666666667 0.08888888888888889
0 0.5286458333333334 0.7310185185185185 0.15625 0.537962962962963
0 0.30546875 0.4981481481481482 0.3140625 0.05740740740740741
0 0.8458333333333333 0.7925925925925926 0.1 0.4148148148148148
0 0.14140625 0.8898148148148148 0.18489583333333334 0.22037037037037038
0 0.6786458333333333 0.912962962962963 0.11041666666666666 0.17407407407407408
