0 0.6140625 0.09861111111111111 0.3697916666666667 0.19722222222222222
0 0.33984375 0.037037037037037035 0.2671875 0.06111111111111111
0 0.23958333333333334 0.3398148148148148 0.4791666666666667 0.512962962962963
0 0.33098958333333334 0.15138888888888888 0.1015625 0.06018518518518518
0 0.3578125 0.22824074074074074 0.10208333333333333 0.08055555555555556
0 0.86796875 0.3282407407407407 0.1578125 0.27685185185185185
0 0.6096354166666667 0.2199074074074074 0.2682291666666667 0.03611111111111111
0 0.21276041666666667 0.6578703703703703 0.34427083333333336 0.6842592592592592
0 0.6471354166666666 0.6467592592592593 0.3765625 0.5601851851851852
0 0.41119791666666666 0.7555555555555555 0.043229166666666666 0.4888888888888889
0 0.29375 0.8449074074074074 0.18125 0.16944444444444445
0 0.17760416666666667 0.9550925925925926 0.051041666666666666 0.08981481481481482
