0 0.38958333333333334 0.09722222222222222 0.46145833333333336 0.19444444444444445
0 0.6455729166666667 0.4125 0.6546875 0.825
0 0.7588541666666667 0.05555555555555555 0.06979166666666667 0.1111111111111111
0 0.22786458333333334 0.21944444444444444 0.1640625 0.06481481481481481
0 0.24505208333333334 0.4324074074074074 0.3963541666666667 0.13518518518518519
0 0.38671875 0.7675925925925926 0.0390625 0.4648148148148148
0 0.21223958333333334 0.7074074074074074 0.15572916666666667 0.15185185185185185
0 0.24401041666666667 0.9023148148148148 0.16927083333333334 0.19537037037037036
0 0.9877604166666667 0.8787037037037037 0.024479166666666666 0.14074074074074075
0 0.6653645833333334 0.8930555555555556 0.4557291666666667 0.10277777777777777
