0 0.425 0.06712962962962964 0.027083333333333334 0.13425925925925927
0 0.7229166666666667 0.041666666666666664 0.06770833333333333 0.08333333333333333
0 0.2994791666666667 0.26157407407407407 0.28229166666666666 0.4287037037037037
0 0.5747395833333333 0.19583333333333333 0.3296875 0.287962962962963
0 0.8505208333333333 0.4583333333333333 0.2989583333333333 0.7611111111111111
0 0.19869791666666667 0.4 0.22864583333333333 0.3037037037037037
0 0.6028645833333334 0.7287037037037037 0.5109375 0.5425925925925926
0 0.2911458333333333 0.7652777777777777 0.5822916666666667 0.46944444444444444
0 0.4703125 0.8236111111111111 0.184375 0.17314814814814813
0 0.5895833333333333 0.9490740740740741 0.10416666666666667 0.10185185185185185
