0 0.5692708333333333 0.17037037037037037 0.5802083333333333 0.34074074074074073
0 0.728125 0.027777777777777776 0.0625 0.05555555555555555
0 0.7541666666666667 0.09907407407407408 0.10833333333333334 0.06111111111111111
0 0.7885416666666667 0.23425925925925925 0.08541666666666667 0.12037037037037036
0 0.20234375 0.22268518518518518 0.1359375 0.06759259259259259
0 0.5294270833333333 0.5467592592592593 0.1296875 0.5138888888888888
0 0.33880208333333334 0.31527777777777777 0.26927083333333335 0.04351851851851852
0 0.8015625 0.6888888888888889 0.3885416666666667 0.6222222222222222
0 0.21145833333333333 0.5981481481481481 0.15833333333333333 0.16666666666666666
0 0.36328125 0.8740740740740741 0.38177083333333334 0.2518518518518518
0 0.6330729166666667 0.9824074074074074 0.05572916666666667 0.03518518518518519
