0 0.24036458333333333 0.22546296296296298 0.40989583333333335 0.45092592592592595
0 0.61484375 0.014814814814814815 0.12864583333333332 0.02962962962962963
0 0.5028645833333333 0.07916666666666666 0.1140625 0.06388888888888888
0 0.7997395833333333 0.21203703703703702 0.09947916666666666 0.25555555555555554
0 0.5533854166666666 0.5611111111111111 0.2921875 0.8777777777777778
0 0.1921875 0.19583333333333333 0.103125 0.06388888888888888
0 0.5177083333333333 0.1986111111111111 0.19791666666666666 0.05462962962962963
0 0.84375 0.462037037037037 0.11041666666666666 0.1814814814814815
0 0.26067708333333334 0.7231481481481481 0.2911458333333333 0.5537037037037037
0 0.9033854166666667 0.6777777777777778 0.1921875 0.1685185185185185
0 0.9361979166666666 0.9490740740740741 0.04114583333333333 0.10185185185185185
0 0.7682291666666666 0.9671296296296297 0.05520833333333333 0.06574074074074074
