0 0.21354166666666666 0.01990740740740741 0.03854166666666667 0.03981481481481482
0 0.25703125 0.028703703703703703 0.05364583333333333 0.05740740740740741
0 0.3421875 0.07777777777777778 0.06458333333333334 0.15555555555555556
0 0.47708333333333336 0.06296296296296296 0.03333333333333333 0.1259259259259259
0 0.5895833333333333 0.025 0.029166666666666667 0.05
0 0.4122395833333333 0.029166666666666667 0.09322916666666667 0.04351851851851852
0 0.4973958333333333 0.3925925925925926 0.6 0.5574074074074075
0 0.25390625 0.20046296296296295 0.24739583333333334 0.05092592592592592
0 0.065625 0.5305555555555556 0.13125 0.42777777777777776
0 0.28567708333333336 0.6805555555555556 0.4015625 0.6388888888888888
0 0.7598958333333333 0.5222222222222223 0.159375 0.13518518518518519
0 0.6200520833333333 0.7574074074074074 0.0484375 0.48518518518518516
0 0.7716145833333333 0.8138888888888889 0.022395833333333334 0.37222222222222223
0 0.415625 0.9546296296296296 0.016666666666666666 0.09074074074074075
