0 0.26223958333333336 0.2101851851851852 0.45677083333333335 0.4203703703703704
0 0.39166666666666666 0.03935185185185185 0.08125 0.05277777777777778
0 0.79609375 0.10138888888888889 0.11614583333333334 0.175
0 0.5940104166666667 0.03425925925925926 0.2171875 0.024074074074074074
0 0.29270833333333335 0.3921296296296296 0.2625 0.5916666666666667
0 0.6184895833333334 0.2851851851851852 0.2828125 0.3148148148148148
0 0.4484375 0.4166666666666667 0.053125 0.40370370370370373
0 0.12942708333333333 0.3851851851851852 0.0703125 0.14444444444444443
0 0.3580729166666667 0.399537037037037 0.13385416666666666 0.08796296296296297
0 0.6403645833333333 0.7953703703703704 0.5692708333333333 0.40925925925925927
0 0.1375 0.8212962962962963 0.275 0.10925925925925926
