0 0.49947916666666664 0.20787037037037037 0.5104166666666666 0.3990740740740741
0 0.28984375 0.07314814814814814 0.21510416666666668 0.03888888888888889
0 0.13671875 0.3347222222222222 0.10677083333333333 0.3509259259259259
0 0.33125 0.5453703703703704 0.328125 0.7055555555555556
0 0.7197916666666667 0.3055555555555556 0.128125 0.09259259259259259
0 0.6151041666666667 0.5486111111111112 0.06041666666666667 0.49537037037037035
0 0.7341145833333333 0.6648148148148149 0.03177083333333333 0.5722222222222222
0 0.4315104166666667 0.7805555555555556 0.0328125 0.4388888888888889
0 0.048177083333333336 0.8074074074074075 0.09635416666666667 0.08518518518518518
0 0.03203125 0.9407407407407408 0.0640625 0.05740740740740741
