0 0.5651041666666666 0.07916666666666666 0.478125 0.15833333333333333
0 0.7486979166666666 0.08333333333333333 0.06927083333333334 0.08703703703703704
0 0.25078125 0.07546296296296297 0.11614583333333334 0.049074074074074076
0 0.5302083333333333 0.29074074074074074 0.10625 0.337037037037037
0 0.37005208333333334 0.1412037037037037 0.22552083333333334 0.030555555555555555
0 0.7768229166666667 0.5305555555555556 0.36822916666666666 0.6907407407407408
0 0.27265625 0.33055555555555555 0.13177083333333334 0.10740740740740741
0 0.4 0.7129629629629629 0.296875 0.5740740740740741
0 0.53046875 0.5833333333333334 0.2859375 0.05555555555555555
0 0.19713541666666667 0.8726851851851852 0.08489583333333334 0.25462962962962965
0 0.7234375 0.8805555555555555 0.44479166666666664 0.2388888888888889
0 0.06666666666666667 0.9222222222222223 0.13333333333333333 0.15555555555555556
0 0.9817708333333334 0.9300925925925926 0.036458333333333336 0.1398148148148148
0 0.7033854166666667 0.9842592592592593 0.0515625 0.03148148148148148
