0 0.5666666666666667 0.09074074074074075 0.4895833333333333 0.1814814814814815
0 0.7419270833333333 0.011111111111111112 0.0671875 0.022222222222222223
0 0.24479166666666666 0.09305555555555556 0.11875 0.05092592592592592
0 0.5299479166666666 0.32083333333333336 0.10989583333333333 0.35648148148148145
0 0.36614583333333334 0.1625 0.23020833333333332 0.030555555555555555
0 0.7869791666666667 0.5782407407407407 0.3854166666666667 0.7398148148148148
0 0.26536458333333335 0.3611111111111111 0.13489583333333333 0.11481481481481481
0 0.39557291666666666 0.7310185185185185 0.3067708333333333 0.537962962962963
0 0.53046875 0.6314814814814815 0.29635416666666664 0.05925925925925926
0 0.19453125 0.9032407407407408 0.06614583333333333 0.1935185185185185
0 0.6674479166666667 0.9115740740740741 0.33489583333333334 0.17685185185185184
0 0.013020833333333334 0.9652777777777778 0.026041666666666668 0.06944444444444445
