0 0.26510416666666664 0.16018518518518518 0.35520833333333335 0.32037037037037036
0 0.5098958333333333 0.021296296296296296 0.096875 0.04259259259259259
0 0.77578125 0.1259259259259259 0.09010416666666667 0.21296296296296297
0 0.5546875 0.5259259259259259 0.765625 0.9481481481481482
0 0.22109375 0.1125 0.0953125 0.05462962962962963
0 0.51875 0.11527777777777778 0.18020833333333333 0.04537037037037037
0 0.8091145833333333 0.32916666666666666 0.0953125 0.14537037037037037
0 0.85703125 0.49722222222222223 0.16510416666666666 0.12777777777777777
0 0.93046875 0.8125 0.1390625 0.29907407407407405
0 0.06041666666666667 0.8199074074074074 0.12083333333333333 0.0824074074074074
0 0.9638020833333333 0.9666666666666667 0.07239583333333334 0.06666666666666667
0 0.3377604166666667 0.9824074074074074 0.0515625 0.03518518518518519
