0 0.26145833333333335 0.015277777777777777 0.07708333333333334 0.030555555555555555
0 0.3020833333333333 0.0837962962962963 0.30625 0.1675925925925926
0 0.5268229166666667 0.014351851851851852 0.1453125 0.028703703703703703
0 0.5971354166666667 0.33935185185185185 0.7244791666666667 0.6787037037037037
0 0.74609375 0.050462962962962966 0.07864583333333333 0.10092592592592593
0 0.7682291666666666 0.1726851851851852 0.078125 0.10648148148148148
0 0.8041666666666667 0.29259259259259257 0.13541666666666666 0.09074074074074075
0 0.8598958333333333 0.5037037037037037 0.11666666666666667 0.1925925925925926
0 0.11640625 0.4842592592592593 0.1671875 0.10555555555555556
0 0.5302083333333333 0.7967592592592593 0.171875 0.4064814814814815
0 0.28072916666666664 0.6370370370370371 0.3489583333333333 0.07222222222222222
0 0.85859375 0.8726851851851852 0.0609375 0.25462962962962965
