0 0.42942708333333335 0.043055555555555555 0.025520833333333333 0.08611111111111111
0 0.6783854166666666 0.08148148148148149 0.043229166666666666 0.16296296296296298
0 0.7083333333333334 0.031018518518518518 0.06979166666666667 0.062037037037037036
0 0.76875 0.15601851851851853 0.10729166666666666 0.19722222222222222
0 0.22552083333333334 0.11435185185185186 0.12083333333333333 0.05277777777777778
0 0.34765625 0.5597222222222222 0.23697916666666666 0.8805555555555555
0 0.6466145833333333 0.3106481481481482 0.17864583333333334 0.05648148148148148
0 0.49166666666666664 0.4398148148148148 0.16145833333333334 0.12962962962962962
0 0.9263020833333333 0.6930555555555555 0.14739583333333334 0.4861111111111111
0 0.7203125 0.7643518518518518 0.128125 0.47129629629629627
0 0.5125 0.6981481481481482 0.3 0.12222222222222222
0 0.046875 0.7310185185185185 0.09375 0.06944444444444445
