0 0.43203125 0.03425925925925926 0.025520833333333333 0.06851851851851852
0 0.6776041666666667 0.07037037037037037 0.03854166666666667 0.14074074074074075
0 0.7049479166666667 0.022685185185185187 0.06822916666666666 0.04537037037037037
0 0.76328125 0.13425925925925927 0.1046875 0.18888888888888888
0 0.23255208333333333 0.09490740740740741 0.11822916666666666 0.05092592592592592
0 0.35260416666666666 0.549537037037037 0.23020833333333332 0.9009259259259259
0 0.64375 0.28379629629629627 0.17395833333333333 0.05462962962962963
0 0.4921875 0.40370370370370373 0.15729166666666666 0.12407407407407407
0 0.9213541666666667 0.6875 0.15729166666666666 0.549074074074074
0 0.7138020833333333 0.7435185185185185 0.1234375 0.512962962962963
0 0.5127604166666667 0.6453703703703704 0.2890625 0.11481481481481481
0 0.0546875 0.6736111111111112 0.109375 0.06944444444444445
