0 0.23880208333333333 0.35 0.47760416666666666 0.7
0 0.7286458333333333 0.03611111111111111 0.084375 0.07222222222222222
0 0.6252604166666667 0.10972222222222222 0.14427083333333332 0.03796296296296296
0 0.4986979166666667 0.19212962962962962 0.1296875 0.0824074074074074
0 0.8424479166666666 0.36944444444444446 0.11822916666666666 0.34444444444444444
0 0.5580729166666667 0.6236111111111111 0.35052083333333334 0.7527777777777778
0 0.14010416666666667 0.34444444444444444 0.11770833333333333 0.08518518518518518
0 0.5158854166666667 0.3472222222222222 0.22864583333333333 0.07222222222222222
0 0.9098958333333333 0.7185185185185186 0.14479166666666668 0.26481481481481484
0 0.2989583333333333 0.8467592592592592 0.15416666666666667 0.30648148148148147
0 0.6421875 0.8791666666666667 0.023958333333333335 0.24166666666666667
0 0.9122395833333333 0.9564814814814815 0.0796875 0.08703703703703704
