0 0.23932291666666666 0.32083333333333336 0.4786458333333333 0.6416666666666667
0 0.7307291666666667 0.026851851851851852 0.06979166666666667 0.053703703703703705
0 0.6231770833333333 0.08935185185185185 0.14114583333333333 0.03611111111111111
0 0.5 0.16712962962962963 0.12604166666666666 0.0787037037037037
0 0.8330729166666667 0.3337962962962963 0.1140625 0.32314814814814813
0 0.5567708333333333 0.6097222222222223 0.3375 0.7805555555555556
0 0.15182291666666667 0.31157407407407406 0.1140625 0.08055555555555556
0 0.5166666666666667 0.3143518518518518 0.22291666666666668 0.06759259259259259
0 0.89453125 0.6592592592592592 0.1359375 0.24444444444444444
0 0.30911458333333336 0.8185185185185185 0.1484375 0.362962962962963
0 0.6341145833333334 0.8481481481481481 0.0296875 0.3037037037037037
0 0.9286458333333333 0.9185185185185185 0.14270833333333333 0.16296296296296298
