0 0.59609375 0.13703703703703704 0.44635416666666666 0.2740740740740741
0 0.32708333333333334 0.09027777777777778 0.28541666666666665 0.06944444444444445
0 0.23697916666666666 0.38981481481481484 0.4739583333333333 0.49444444444444446
0 0.31614583333333335 0.22175925925925927 0.109375 0.06944444444444445
0 0.34322916666666664 0.31157407407407406 0.11145833333333334 0.09537037037037037
0 0.90078125 0.43194444444444446 0.17864583333333334 0.33055555555555555
0 0.6161458333333333 0.30092592592592593 0.290625 0.04259259259259259
0 0.18229166666666666 0.7074074074074074 0.3645833333333333 0.5851851851851851
0 0.6611979166666667 0.7379629629629629 0.42239583333333336 0.524074074074074
0 0.4044270833333333 0.825925925925926 0.033854166666666664 0.34814814814814815
