0 0.4046875 0.044444444444444446 0.4125 0.08888888888888889
0 0.6203125 0.2763888888888889 0.5541666666666667 0.5527777777777778
0 0.26145833333333335 0.1087962962962963 0.146875 0.05092592592592592
0 0.28359375 0.2712962962962963 0.34427083333333336 0.1037037037037037
0 0.22708333333333333 0.6726851851851852 0.45416666666666666 0.6472222222222223
0 0.2625 0.4708333333333333 0.13333333333333333 0.10833333333333334
0 0.03125 0.5481481481481482 0.0625 0.2111111111111111
0 0.28880208333333335 0.6162037037037037 0.14947916666666666 0.15462962962962962
0 0.94765625 0.7550925925925925 0.1046875 0.42685185185185187
0 0.6408854166666667 0.5990740740740741 0.3734375 0.07037037037037037
0 0.027083333333333334 0.8953703703703704 0.05416666666666667 0.20925925925925926
0 0.7098958333333333 0.950462962962963 0.020833333333333332 0.09907407407407408
