0 0.26640625 0.01712962962962963 0.049479166666666664 0.03425925925925926
0 0.346875 0.06342592592592593 0.0625 0.12685185185185185
0 0.42083333333333334 0.014814814814814815 0.08125 0.02962962962962963
0 0.47890625 0.05 0.0328125 0.1
0 0.49765625 0.34629629629629627 0.5776041666666667 0.5148148148148148
0 0.26223958333333336 0.1699074074074074 0.2390625 0.04722222222222222
0 0.07265625 0.513425925925926 0.1453125 0.46944444444444444
0 0.2984375 0.6601851851851852 0.38333333333333336 0.6796296296296296
0 0.7497395833333333 0.46805555555555556 0.15260416666666668 0.12314814814814815
0 0.63125 0.7305555555555555 0.07708333333333334 0.5388888888888889
0 0.7611979166666667 0.7824074074074074 0.022395833333333334 0.4351851851851852
0 0.4197916666666667 0.9092592592592592 0.020833333333333332 0.1814814814814815
