0 0.34401041666666665 0.02546296296296296 0.26197916666666665 0.05092592592592592
0 0.6119791666666666 0.08611111111111111 0.3614583333333333 0.17222222222222222
0 0.24036458333333333 0.32222222222222224 0.48072916666666665 0.5166666666666667
0 0.33567708333333335 0.12916666666666668 0.09947916666666666 0.058333333333333334
0 0.3625 0.2037037037037037 0.09895833333333333 0.07777777777777778
0 0.8575520833333333 0.2967592592592593 0.1515625 0.262037037037037
0 0.6075520833333333 0.19490740740740742 0.2609375 0.03611111111111111
0 0.22447916666666667 0.6425925925925926 0.33229166666666665 0.7148148148148148
0 0.64296875 0.5939814814814814 0.36302083333333335 0.5194444444444445
0 0.42239583333333336 0.7347222222222223 0.06458333333333334 0.5305555555555556
0 0.303125 0.7777777777777778 0.175 0.15555555555555556
0 0.18802083333333333 0.9189814814814815 0.059375 0.16203703703703703
