0 0.6526041666666667 0.031018518518518518 0.246875 0.062037037037037036
0 0.7302083333333333 0.017592592592592594 0.05416666666666667 0.03518518518518519
0 0.53046875 0.16296296296296298 0.09427083333333333 0.2611111111111111
0 0.38671875 0.04675925925925926 0.2015625 0.025
0 0.7356770833333334 0.33564814814814814 0.30052083333333335 0.5083333333333333
0 0.30442708333333335 0.19490740740740742 0.1171875 0.0824074074074074
0 0.41770833333333335 0.4962962962962963 0.25625 0.45740740740740743
0 0.53046875 0.38425925925925924 0.24322916666666666 0.040740740740740744
0 0.19270833333333334 0.749537037037037 0.3697916666666667 0.5009259259259259
0 0.6333333333333333 0.7555555555555555 0.4739583333333333 0.4888888888888889
0 0.9380208333333333 0.7893518518518519 0.11145833333333334 0.4212962962962963
