0 0.24322916666666666 0.26296296296296295 0.4864583333333333 0.5259259259259259
0 0.7364583333333333 0.044444444444444446 0.06666666666666667 0.08888888888888889
0 0.35260416666666666 0.05185185185185185 0.09166666666666666 0.04814814814814815
0 0.378125 0.11342592592592593 0.08958333333333333 0.06388888888888888
0 0.8234375 0.1884259259259259 0.13125 0.21203703703703702
0 0.6002604166666666 0.10601851851851851 0.23697916666666666 0.030555555555555555
0 0.2630208333333333 0.5643518518518519 0.29270833333333335 0.7675925925925926
0 0.62890625 0.41805555555555557 0.3171875 0.3972222222222222
0 0.43515625 0.5888888888888889 0.06302083333333333 0.5259259259259259
0 0.07291666666666667 0.5430555555555555 0.07708333333333334 0.18611111111111112
0 0.3346354166666667 0.5606481481481481 0.1515625 0.11574074074074074
0 0.75703125 0.9074074074074074 0.025520833333333333 0.18518518518518517
