0 0.5723958333333333 0.14027777777777778 0.5364583333333334 0.28055555555555556
0 0.74453125 0.062037037037037036 0.10260416666666666 0.05555555555555555
0 0.77578125 0.18472222222222223 0.08072916666666667 0.10833333333333334
0 0.21796875 0.17453703703703705 0.1296875 0.06018518518518518
0 0.5296875 0.45925925925925926 0.121875 0.45
0 0.3489583333333333 0.25833333333333336 0.25416666666666665 0.037037037037037035
0 0.8010416666666667 0.6574074074074074 0.39791666666666664 0.6851851851851852
0 0.23177083333333334 0.5074074074074074 0.14895833333333333 0.14444444444444443
0 0.37604166666666666 0.8189814814814815 0.35208333333333336 0.36203703703703705
0 0.5307291666666667 0.861574074074074 0.3458333333333333 0.08055555555555556
