0 0.33489583333333334 0.015277777777777777 0.2635416666666667 0.030555555555555555
0 0.5778645833333333 0.18703703703703703 0.5817708333333333 0.37407407407407406
0 0.7325520833333333 0.03657407407407407 0.0640625 0.07314814814814814
0 0.7596354166666667 0.12037037037037036 0.1109375 0.06481481481481481
0 0.79609375 0.262037037037037 0.08802083333333334 0.12777777777777777
0 0.19322916666666667 0.25 0.13854166666666667 0.07037037037037037
0 0.5291666666666667 0.5962962962962963 0.134375 0.5518518518518518
0 0.33229166666666665 0.34814814814814815 0.27708333333333335 0.044444444444444446
0 0.8049479166666667 0.7074074074074074 0.39010416666666664 0.5851851851851851
0 0.19895833333333332 0.6504629629629629 0.1625 0.1787037037037037
0 0.28515625 0.9060185185185186 0.2598958333333333 0.18796296296296297
0 0.46901041666666665 0.9685185185185186 0.05364583333333333 0.06296296296296296
