0 0.5864583333333333 0.04537037037037037 0.06770833333333333 0.037037037037037035
0 0.3984375 0.058333333333333334 0.05520833333333333 0.040740740740740744
0 0.4348958333333333 0.07916666666666666 0.16145833333333334 0.05277777777777778
0 0.5888020833333333 0.09537037037037037 0.1390625 0.011111111111111112
0 0.41875 0.13333333333333333 0.13645833333333332 0.06296296296296296
0 0.5651041666666666 0.13287037037037036 0.15625 0.012037037037037037
0 0.3296875 0.1912037037037037 0.053125 0.11203703703703703
0 0.43515625 0.18425925925925926 0.027604166666666666 0.06296296296296296
0 0.6265625 0.18518518518518517 0.19375 0.014814814814814815
0 0.7052083333333333 0.21666666666666667 0.0875 0.03518518518518519
0 0.54921875 0.2310185185185185 0.10364583333333334 0.032407407407407406
0 0.37057291666666664 0.2490740740740741 0.2526041666666667 0.024074074074074074
0 0.19427083333333334 0.3611111111111111 0.121875 0.03518518518518519
0 0.29453125 0.44027777777777777 0.4265625 0.07314814814814814
0 0.6559895833333333 0.449537037037037 0.4432291666666667 0.04722222222222222
0 0.3651041666666667 0.7564814814814815 0.06770833333333333 0.48703703703703705
0 0.16614583333333333 0.8425925925925926 0.26979166666666665 0.22592592592592592
0 0.95 0.7805555555555556 0.1 0.05555555555555555
0 0.7567708333333333 0.8064814814814815 0.4864583333333333 0.07962962962962963
0 0.9002604166666667 0.9444444444444444 0.19947916666666668 0.1111111111111111
0 0.4895833333333333 0.95 0.06875 0.1
