0 0.48333333333333334 0.014814814814814815 0.052083333333333336 0.02962962962962963
0 0.42890625 0.03935185185185185 0.07552083333333333 0.025
0 0.3619791666666667 0.0699074074074074 0.07604166666666666 0.05277777777777778
0 0.3859375 0.15694444444444444 0.23020833333333332 0.023148148148148147
0 0.5848958333333333 0.1597222222222222 0.24479166666666666 0.01574074074074074
0 0.43984375 0.2388888888888889 0.019270833333333334 0.12962962962962962
0 0.15885416666666666 0.27685185185185185 0.10208333333333333 0.1537037037037037
0 0.3651041666666667 0.2412037037037037 0.09166666666666666 0.03796296296296296
0 0.61796875 0.2351851851851852 0.23177083333333334 0.018518518518518517
0 0.671875 0.2611111111111111 0.11666666666666667 0.025925925925925925
0 0.5278645833333333 0.2759259259259259 0.09739583333333333 0.05185185185185185
0 0.15625 0.5472222222222223 0.20729166666666668 0.5555555555555556
0 0.41640625 0.5731481481481482 0.0796875 0.40555555555555556
0 0.6606770833333333 0.4217592592592593 0.3494791666666667 0.03981481481481482
0 0.46328125 0.9555555555555556 0.36822916666666666 0.08888888888888889
0 0.9307291666666667 0.9671296296296297 0.13854166666666667 0.06574074074074074
