0 0.44869791666666664 0.011111111111111112 0.0828125 0.022222222222222223
0 0.3854166666666667 0.028703703703703703 0.06041666666666667 0.037037037037037035
0 0.4875 0.08425925925925926 0.3333333333333333 0.014814814814814815
0 0.2578125 0.1476851851851852 0.051041666666666666 0.0787037037037037
0 0.5841145833333333 0.12731481481481483 0.16822916666666668 0.012037037037037037
0 0.5174479166666667 0.1486111111111111 0.06822916666666666 0.028703703703703703
0 0.30416666666666664 0.2490740740740741 0.08333333333333333 0.20925925925925926
0 0.4518229166666667 0.2662037037037037 0.0421875 0.14722222222222223
0 0.6018229166666667 0.21712962962962962 0.2265625 0.019444444444444445
0 0.26588541666666665 0.4027777777777778 0.1984375 0.21666666666666667
0 0.60078125 0.39675925925925926 0.4265625 0.04351851851851852
0 0.6838541666666667 0.4648148148148148 0.3572916666666667 0.05555555555555555
0 0.465625 0.7231481481481481 0.26458333333333334 0.5537037037037037
0 0.21354166666666666 0.7888888888888889 0.22291666666666668 0.4222222222222222
0 0.67734375 0.6162037037037037 0.4703125 0.06574074074074074
0 0.8690104166666667 0.7856481481481481 0.26197916666666665 0.20092592592592592
0 0.6567708333333333 0.8861111111111111 0.04791666666666667 0.22777777777777777
