0 0.5098958333333333 0.03425925925925926 0.25729166666666664 0.06851851851851852
0 0.6177083333333333 0.10972222222222222 0.09270833333333334 0.026851851851851852
0 0.39921875 0.11574074074074074 0.0859375 0.018518518518518517
0 0.49192708333333335 0.1375 0.16510416666666666 0.012037037037037037
0 0.6546875 0.20416666666666666 0.15104166666666666 0.10833333333333334
0 0.3171875 0.24722222222222223 0.10104166666666667 0.13518518518518519
0 0.38046875 0.325 0.3203125 0.20555555555555555
0 0.6510416666666666 0.27175925925925926 0.23229166666666667 0.030555555555555555
0 0.7 0.38287037037037036 0.3072916666666667 0.032407407407407406
0 0.325 0.6203703703703703 0.2947916666666667 0.40185185185185185
0 0.7130208333333333 0.5893518518518519 0.4739583333333333 0.06574074074074074
0 0.9138020833333333 0.5833333333333334 0.09947916666666666 0.03518518518518519
0 0.06614583333333333 0.7601851851851852 0.13229166666666667 0.31666666666666665
0 0.29765625 0.8680555555555556 0.06197916666666667 0.2638888888888889
