0 0.51953125 0.10231481481481482 0.3640625 0.12129629629629629
0 0.4322916666666667 0.23425925925925925 0.03229166666666667 0.13518518518518519
0 0.68515625 0.2490740740740741 0.15364583333333334 0.05185185185185185
0 0.3484375 0.26805555555555555 0.13125 0.03796296296296296
0 0.49166666666666664 0.3212962962962963 0.26666666666666666 0.024074074074074074
0 0.81875 0.5462962962962963 0.3489583333333333 0.37962962962962965
0 0.13828125 0.7226851851851852 0.2296875 0.5546296296296296
0 0.9575520833333333 0.5208333333333334 0.024479166666666666 0.06388888888888888
0 0.3098958333333333 0.7972222222222223 0.08020833333333334 0.40555555555555556
0 0.7911458333333333 0.775 0.41770833333333335 0.07407407407407407
