0 0.39114583333333336 0.017592592592592594 0.057291666666666664 0.03333333333333333
0 0.4869791666666667 0.06666666666666667 0.30833333333333335 0.014814814814814815
0 0.2791666666666667 0.11990740740740741 0.041666666666666664 0.06574074074074074
0 0.5153645833333333 0.12129629629629629 0.06197916666666667 0.024074074074074074
0 0.3294270833333333 0.2 0.06822916666666666 0.16296296296296298
0 0.45729166666666665 0.21435185185185185 0.036458333333333336 0.11388888888888889
0 0.5903645833333333 0.17592592592592593 0.2015625 0.016666666666666666
0 0.29739583333333336 0.31527777777777777 0.17916666666666667 0.15648148148148147
0 0.5833333333333334 0.31296296296296294 0.3625 0.03333333333333333
0 0.653125 0.36157407407407405 0.3 0.041666666666666664
0 0.47317708333333336 0.5291666666666667 0.19739583333333333 0.36203703703703705
0 0.026041666666666668 0.449537037037037 0.052083333333333336 0.08055555555555556
0 0.2752604166666667 0.7189814814814814 0.1671875 0.562037037037037
0 0.63984375 0.462037037037037 0.37447916666666664 0.044444444444444446
0 0.7901041666666667 0.5666666666666667 0.20729166666666668 0.12222222222222222
0 0.64140625 0.7791666666666667 0.08072916666666667 0.44166666666666665
0 0.06458333333333334 0.7851851851851852 0.12916666666666668 0.3111111111111111
