0 0.5151041666666667 0.07361111111111111 0.31875 0.09907407407407408
0 0.4401041666666667 0.17407407407407408 0.028125 0.09814814814814815
0 0.6546875 0.18935185185185185 0.12604166666666666 0.041666666666666664
0 0.37109375 0.20092592592592592 0.1109375 0.027777777777777776
0 0.49192708333333335 0.23796296296296296 0.22135416666666666 0.016666666666666666
0 0.73359375 0.3731481481481482 0.24114583333333334 0.22407407407407406
0 0.22708333333333333 0.4736111111111111 0.15625 0.3101851851851852
0 0.3143229166666667 0.7037037037037037 0.5401041666666667 0.5925925925925926
0 0.740625 0.5203703703703704 0.36666666666666664 0.07037037037037037
0 0.7953125 0.8467592592592592 0.409375 0.0787037037037037
