0 0.3966145833333333 0.015277777777777777 0.0484375 0.030555555555555555
0 0.48723958333333334 0.060648148148148145 0.3026041666666667 0.01574074074074074
0 0.2838541666666667 0.11342592592592593 0.040625 0.062037037037037036
0 0.5744791666666667 0.09722222222222222 0.15 0.011111111111111112
0 0.33489583333333334 0.1884259259259259 0.065625 0.15462962962962962
0 0.4588541666666667 0.20185185185185187 0.034375 0.10740740740740741
0 0.5880208333333333 0.16666666666666666 0.196875 0.016666666666666666
0 0.3046875 0.29583333333333334 0.17395833333333333 0.14537037037037037
0 0.5799479166666667 0.29444444444444445 0.3484375 0.02962962962962963
0 0.6463541666666667 0.3384259259259259 0.2875 0.03796296296296296
0 0.47421875 0.487962962962963 0.18489583333333334 0.32407407407407407
0 0.036458333333333336 0.4375 0.07291666666666667 0.11018518518518519
0 0.2877604166666667 0.6560185185185186 0.15677083333333333 0.49537037037037035
0 0.6322916666666667 0.4300925925925926 0.35625 0.041666666666666664
0 0.77265625 0.5226851851851851 0.19427083333333334 0.10833333333333334
0 0.6635416666666667 0.7583333333333333 0.1375 0.48333333333333334
0 0.07630208333333334 0.7606481481481482 0.15260416666666668 0.3638888888888889
0 0.36432291666666666 0.9375 0.025520833333333333 0.125
