0 0.57578125 0.020833333333333332 0.0578125 0.028703703703703703
0 0.41041666666666665 0.031018518518518518 0.04895833333333333 0.032407407407407406
0 0.44244791666666666 0.046296296296296294 0.1390625 0.040740740740740744
0 0.4296875 0.08611111111111111 0.11666666666666667 0.044444444444444446
0 0.5591145833333333 0.08564814814814815 0.1421875 0.010185185185185186
0 0.3921875 0.1287037037037037 0.20729166666666668 0.08518518518518518
0 0.5997395833333333 0.12268518518518519 0.15364583333333334 0.010185185185185186
0 0.6635416666666667 0.14212962962962963 0.06770833333333333 0.023148148148148147
0 0.5388020833333333 0.15231481481481482 0.0828125 0.021296296296296296
0 0.2630208333333333 0.22777777777777777 0.10208333333333333 0.024074074074074074
0 0.34765625 0.2722222222222222 0.31197916666666664 0.040740740740740744
0 0.6197916666666666 0.2791666666666667 0.3375 0.028703703703703703
0 0.40911458333333334 0.45555555555555555 0.0390625 0.29259259259259257
0 0.04140625 0.425 0.0828125 0.12777777777777777
0 0.29739583333333336 0.44814814814814813 0.14791666666666667 0.08518518518518518
0 0.6828125 0.43333333333333335 0.353125 0.037037037037037035
0 0.7684895833333333 0.49537037037037035 0.18385416666666668 0.05740740740740741
0 0.5486979166666667 0.5324074074074074 0.15572916666666667 0.1259259259259259
0 0.0625 0.6583333333333333 0.125 0.2833333333333333
0 0.3611979166666667 0.9 0.044270833333333336 0.2
0 0.9635416666666666 0.9324074074074075 0.07291666666666667 0.046296296296296294
