0 0.44557291666666665 0.01712962962962963 0.06510416666666667 0.03425925925925926
0 0.6169270833333333 0.12037037037037036 0.1109375 0.06296296296296296
0 0.3606770833333333 0.14629629629629629 0.0765625 0.07777777777777778
0 0.40989583333333335 0.1875 0.23229166666666667 0.10833333333333334
0 0.609375 0.16064814814814815 0.16979166666666667 0.019444444444444445
0 0.6380208333333334 0.21944444444444444 0.21354166666666666 0.018518518518518517
0 0.37994791666666666 0.31574074074074077 0.20572916666666666 0.1574074074074074
0 0.6307291666666667 0.3111111111111111 0.296875 0.027777777777777776
0 0.18489583333333334 0.5009259259259259 0.16979166666666667 0.37037037037037035
0 0.3828125 0.4634259259259259 0.05520833333333333 0.19722222222222222
0 0.7322916666666667 0.4601851851851852 0.35104166666666664 0.03888888888888889
0 0.9502604166666667 0.5083333333333333 0.030729166666666665 0.05925925925925926
0 0.9010416666666666 0.5675925925925925 0.19791666666666666 0.12222222222222222
0 0.6046875 0.625 0.20833333333333334 0.12222222222222222
0 0.24947916666666667 0.6995370370370371 0.49895833333333334 0.10092592592592593
