0 0.5747395833333333 0.018518518518518517 0.05677083333333333 0.027777777777777776
0 0.4122395833333333 0.02824074074074074 0.0484375 0.032407407407407406
0 0.4432291666666667 0.043055555555555555 0.1375 0.03981481481481482
0 0.43072916666666666 0.08148148148148149 0.11458333333333333 0.044444444444444446
0 0.38671875 0.12314814814814815 0.21822916666666667 0.08148148148148149
0 0.59765625 0.1162037037037037 0.15052083333333333 0.010185185185185186
0 0.6596354166666667 0.1361111111111111 0.06510416666666667 0.024074074074074074
0 0.5375 0.14537037037037037 0.08020833333333334 0.020370370370370372
0 0.26901041666666664 0.2175925925925926 0.10052083333333334 0.022222222222222223
0 0.35234375 0.25972222222222224 0.30364583333333334 0.03796296296296296
0 0.6158854166666666 0.2657407407407407 0.32760416666666664 0.027777777777777776
0 0.41302083333333334 0.42824074074074076 0.0375 0.26944444444444443
0 0.04895833333333333 0.41898148148148145 0.09791666666666667 0.15462962962962962
0 0.30625 0.42314814814814816 0.14166666666666666 0.08148148148148149
0 0.6747395833333333 0.40879629629629627 0.3380208333333333 0.03611111111111111
0 0.7559895833333333 0.4648148148148148 0.17552083333333332 0.05555555555555555
0 0.5458333333333333 0.5 0.14895833333333333 0.11481481481481481
0 0.07135416666666666 0.6328703703703704 0.14270833333333333 0.2953703703703704
0 0.36770833333333336 0.8689814814814815 0.046875 0.262037037037037
0 0.9481770833333333 0.8606481481481482 0.10364583333333334 0.05277777777777778
0 0.7395833333333334 0.9314814814814815 0.5208333333333334 0.06296296296296296
