0 0.5736979166666667 0.016203703703703703 0.05572916666666667 0.026851851851851852
0 0.44375 0.04027777777777778 0.13541666666666666 0.03796296296296296
0 0.43203125 0.07731481481481481 0.11302083333333333 0.04351851851851852
0 0.3893229166666667 0.11666666666666667 0.21302083333333333 0.07962962962962963
0 0.5364583333333334 0.13842592592592592 0.07916666666666666 0.019444444444444445
0 0.275 0.20787037037037037 0.096875 0.023148148148148147
0 0.35598958333333336 0.24768518518518517 0.2942708333333333 0.03611111111111111
0 0.6119791666666666 0.25324074074074077 0.3177083333333333 0.026851851851851852
0 0.41640625 0.40324074074074073 0.033854166666666664 0.2490740740740741
0 0.05572916666666667 0.4111111111111111 0.11145833333333334 0.17222222222222222
0 0.31328125 0.399537037037037 0.13385416666666666 0.07314814814814814
0 0.6671875 0.387037037037037 0.32395833333333335 0.03333333333333333
0 0.7453125 0.4393518518518518 0.16770833333333332 0.049074074074074076
0 0.5434895833333333 0.47129629629629627 0.14114583333333333 0.10555555555555556
0 0.07890625 0.6101851851851852 0.1578125 0.3055555555555556
0 0.37161458333333336 0.8421296296296297 0.0515625 0.31574074074074077
0 0.93515625 0.7935185185185185 0.1296875 0.05
0 0.73984375 0.85 0.5203125 0.05925925925925926
