0 0.5799479166666667 0.03148148148148148 0.06197916666666667 0.03148148148148148
0 0.40546875 0.04259259259259259 0.0515625 0.03518518518518519
0 0.4395833333333333 0.059722222222222225 0.14895833333333333 0.04537037037037037
0 0.42526041666666664 0.10462962962962963 0.12447916666666667 0.05185185185185185
0 0.5653645833333333 0.10555555555555556 0.15572916666666667 0.011111111111111112
0 0.39348958333333334 0.15648148148148147 0.20572916666666666 0.1
0 0.6098958333333333 0.1476851851851852 0.16875 0.012037037037037037
0 0.6799479166666667 0.1712962962962963 0.07447916666666667 0.027777777777777776
0 0.5432291666666667 0.18287037037037038 0.090625 0.025
0 0.23463541666666668 0.27685185185185185 0.1140625 0.02962962962962963
0 0.32786458333333335 0.3337962962962963 0.3536458333333333 0.05092592592592592
0 0.6388020833333333 0.34305555555555556 0.3880208333333333 0.03611111111111111
0 0.38958333333333334 0.5967592592592592 0.057291666666666664 0.4305555555555556
0 0.25494791666666666 0.575925925925926 0.18489583333333334 0.12407407407407407
0 0.7229166666666667 0.5541666666666667 0.428125 0.05462962962962963
0 0.8315104166666667 0.6458333333333334 0.2296875 0.08611111111111111
0 0.56328125 0.7050925925925926 0.1953125 0.1935185185185185
0 0.018229166666666668 0.7180555555555556 0.036458333333333336 0.0787037037037037
