0 0.5203125 0.10740740740740741 0.3729166666666667 0.1259259259259259
0 0.43072916666666666 0.24537037037037038 0.03333333333333333 0.1425925925925926
0 0.6911458333333333 0.2625 0.159375 0.05277777777777778
0 0.34375 0.28194444444444444 0.13541666666666666 0.041666666666666664
0 0.49192708333333335 0.3388888888888889 0.2765625 0.025925925925925925
0 0.8255208333333334 0.5652777777777778 0.3489583333333333 0.375
0 0.12083333333333333 0.737037037037037 0.24166666666666667 0.5259259259259259
0 0.30520833333333336 0.8189814814814815 0.07291666666666667 0.36203703703703705
0 0.9520833333333333 0.8268518518518518 0.09583333333333334 0.05185185185185185
0 0.7942708333333334 0.850462962962963 0.4114583333333333 0.06944444444444445
