0 0.50703125 0.02175925925925926 0.2265625 0.04351851851851852
0 0.6255208333333333 0.13935185185185187 0.12083333333333333 0.07314814814814814
0 0.35130208333333335 0.16805555555555557 0.08177083333333333 0.08796296296296297
0 0.40338541666666666 0.2152777777777778 0.25052083333333336 0.1287037037037037
0 0.6184895833333334 0.18518518518518517 0.18385416666666668 0.020370370370370372
0 0.6505208333333333 0.2537037037037037 0.23229166666666667 0.020370370370370372
0 0.36796875 0.37083333333333335 0.2234375 0.1935185185185185
0 0.64921875 0.36342592592592593 0.33697916666666666 0.03611111111111111
0 0.12916666666666668 0.6189814814814815 0.22916666666666666 0.49907407407407406
0 0.36354166666666665 0.5611111111111111 0.06666666666666667 0.2611111111111111
0 0.7692708333333333 0.5541666666666667 0.40625 0.049074074074074076
0 0.9263020833333333 0.6722222222222223 0.14739583333333334 0.1111111111111111
0 0.6270833333333333 0.7837962962962963 0.25104166666666666 0.1712962962962963
0 0.25 0.8898148148148148 0.5 0.14814814814814814
