0 0.4356770833333333 0.022222222222222223 0.0859375 0.044444444444444446
0 0.60234375 0.07592592592592592 0.0796875 0.018518518518518517
0 0.62890625 0.14537037037037037 0.12447916666666667 0.07592592592592592
0 0.34791666666666665 0.17546296296296296 0.084375 0.09351851851851851
0 0.40078125 0.22685185185185186 0.2578125 0.13333333333333333
0 0.6221354166666667 0.19490740740740742 0.1890625 0.021296296296296296
0 0.6559895833333333 0.2652777777777778 0.24010416666666667 0.021296296296296296
0 0.36432291666666666 0.3921296296296296 0.2296875 0.20833333333333334
0 0.6505208333333333 0.38333333333333336 0.340625 0.03518518518518519
0 0.11666666666666667 0.6486111111111111 0.23333333333333334 0.5157407407407407
0 0.35572916666666665 0.6018518518518519 0.071875 0.28888888888888886
0 0.7841145833333333 0.5921296296296297 0.42864583333333334 0.05648148148148148
0 0.93671875 0.7217592592592592 0.1265625 0.11944444444444445
0 0.6361979166666667 0.8523148148148149 0.26927083333333335 0.19722222222222222
0 0.16119791666666666 0.9444444444444444 0.3223958333333333 0.1111111111111111
0 0.45625 0.9541666666666667 0.0875 0.09166666666666666
