0 0.5778645833333333 0.025925925925925925 0.059895833333333336 0.02962962962962963
0 0.4083333333333333 0.037037037037037035 0.05 0.03518518518518519
0 0.44088541666666664 0.052314814814814814 0.14322916666666666 0.04351851851851852
0 0.4276041666666667 0.09444444444444444 0.12083333333333333 0.04814814814814815
0 0.56171875 0.09490740740740741 0.1484375 0.012037037037037037
0 0.4005208333333333 0.14212962962962963 0.19270833333333334 0.09166666666666666
0 0.6046875 0.1337962962962963 0.16041666666666668 0.012037037037037037
0 0.6713541666666667 0.15648148148148147 0.071875 0.025925925925925925
0 0.5403645833333334 0.16666666666666666 0.0859375 0.022222222222222223
0 0.24973958333333332 0.25092592592592594 0.1078125 0.025925925925925925
0 0.3385416666666667 0.30185185185185187 0.33125 0.044444444444444446
0 0.6283854166666667 0.30925925925925923 0.3609375 0.03333333333333333
0 0.4005208333333333 0.5185185185185185 0.046875 0.35185185185185186
0 0.025 0.4439814814814815 0.05 0.0824074074074074
0 0.27838541666666666 0.5055555555555555 0.1640625 0.10185185185185185
0 0.70078125 0.487962962962963 0.38697916666666665 0.044444444444444446
0 0.7973958333333333 0.562962962962963 0.20520833333333333 0.07037037037037037
0 0.5549479166666667 0.6097222222222223 0.1734375 0.15462962962962962
0 0.042708333333333334 0.6875 0.08541666666666667 0.19722222222222222
