0 0.3893229166666667 0.02361111111111111 0.05572916666666667 0.03611111111111111
0 0.3890625 0.07268518518518519 0.125 0.012037037037037037
0 0.5486979166666667 0.07546296296296297 0.19739583333333333 0.012037037037037037
0 0.2682291666666667 0.1337962962962963 0.04583333333333333 0.0712962962962963
0 0.5783854166666667 0.11574074074074074 0.15677083333333333 0.009259259259259259
0 0.51640625 0.13518518518518519 0.06510416666666667 0.025925925925925925
0 0.3171875 0.22407407407407406 0.075 0.18518518518518517
0 0.4544270833333333 0.23981481481481481 0.0390625 0.12962962962962962
0 0.59609375 0.19583333333333333 0.2140625 0.017592592592592594
0 0.28203125 0.3574074074074074 0.1890625 0.18518518518518517
0 0.5919270833333333 0.35324074074074074 0.3932291666666667 0.03796296296296296
0 0.6677083333333333 0.41064814814814815 0.32708333333333334 0.049074074074074076
0 0.46901041666666665 0.625 0.22864583333333333 0.46111111111111114
0 0.246875 0.7523148148148148 0.19270833333333334 0.49537037037037035
0 0.65703125 0.5347222222222222 0.4192708333333333 0.05462962962962963
0 0.8302083333333333 0.6666666666666666 0.23958333333333334 0.15555555555555556
0 0.6486979166666667 0.8282407407407407 0.06614583333333333 0.3435185185185185
0 0.03697916666666667 0.8439814814814814 0.07395833333333333 0.19166666666666668
