0 0.5932291666666667 0.06944444444444445 0.08541666666666667 0.044444444444444446
0 0.38645833333333335 0.08611111111111111 0.0625 0.05185185185185185
0 0.4265625 0.1125 0.18333333333333332 0.06944444444444445
0 0.5856770833333333 0.09722222222222222 0.13385416666666666 0.012962962962962963
0 0.6049479166666667 0.13287037037037036 0.1640625 0.012037037037037037
0 0.40703125 0.18472222222222223 0.15677083333333333 0.08425925925925926
0 0.57890625 0.1837962962962963 0.18697916666666667 0.01574074074074074
0 0.29348958333333336 0.26851851851851855 0.0765625 0.1648148148148148
0 0.421875 0.2569444444444444 0.034375 0.09166666666666666
0 0.6611979166666667 0.2574074074074074 0.2484375 0.03888888888888889
0 0.75390625 0.30324074074074076 0.11302083333333333 0.05277777777777778
0 0.5627604166666667 0.32731481481481484 0.12864583333333332 0.049074074074074076
0 0.3216145833333333 0.3537037037037037 0.3515625 0.03888888888888889
0 0.090625 0.5393518518518519 0.165625 0.075
0 0.2565104166666667 0.7087962962962963 0.5130208333333334 0.12314814814814815
0 0.7046875 0.7152777777777778 0.590625 0.08981481481481482
0 0.9299479166666667 0.712037037037037 0.14010416666666667 0.05740740740740741
0 0.33671875 0.925 0.0234375 0.15
