0 0.6059895833333333 0.09861111111111111 0.09947916666666666 0.05462962962962963
0 0.37109375 0.12037037037037036 0.07135416666666666 0.06666666666666667
0 0.41692708333333334 0.15601851851851853 0.21197916666666666 0.08981481481481482
0 0.5994791666666667 0.13425925925925927 0.15520833333333334 0.014814814814814815
0 0.6236979166666666 0.18333333333333332 0.19322916666666667 0.014814814814814815
0 0.39088541666666665 0.2574074074074074 0.18489583333333334 0.12222222222222222
0 0.6057291666666667 0.2550925925925926 0.24479166666666666 0.021296296296296296
0 0.2359375 0.3912037037037037 0.121875 0.2638888888888889
0 0.40078125 0.3685185185185185 0.0453125 0.1425925925925926
0 0.6966145833333334 0.3680555555555556 0.2984375 0.028703703703703703
0 0.8322916666666667 0.4425925925925926 0.15729166666666666 0.08518518518518518
0 0.584375 0.4824074074074074 0.17083333333333334 0.08148148148148149
0 0.2643229166666667 0.5305555555555556 0.46822916666666664 0.06666666666666667
