0 0.4705729166666667 0.016666666666666666 0.0609375 0.03333333333333333
0 0.5908854166666667 0.05324074074074074 0.07239583333333334 0.03611111111111111
0 0.39375 0.0699074074074074 0.058333333333333334 0.04537037037037037
0 0.4317708333333333 0.09212962962962963 0.16979166666666667 0.06018518518518518
0 0.4140625 0.15416666666666667 0.14479166666666668 0.0712962962962963
0 0.56796875 0.1527777777777778 0.16302083333333334 0.014814814814814815
0 0.31614583333333335 0.22037037037037038 0.06145833333333333 0.13148148148148148
0 0.42994791666666665 0.21203703703703702 0.030729166666666665 0.07407407407407407
0 0.6411458333333333 0.20555555555555555 0.21770833333333334 0.03518518518518519
0 0.7236979166666667 0.24953703703703703 0.09739583333333333 0.03981481481481482
0 0.5541666666666667 0.2675925925925926 0.11354166666666667 0.03888888888888889
0 0.3484375 0.2884259259259259 0.296875 0.028703703703703703
0 0.15598958333333332 0.42268518518518516 0.13802083333333334 0.05092592592592592
0 0.26666666666666666 0.5291666666666667 0.48541666666666666 0.09537037037037037
0 0.6979166666666666 0.5453703703703704 0.5447916666666667 0.06851851851851852
0 0.35572916666666665 0.812962962962963 0.053125 0.37407407407407406
0 0.221875 0.9680555555555556 0.06770833333333333 0.06388888888888888
