0 0.4432291666666667 0.031018518518518518 0.09270833333333334 0.028703703703703703
0 0.3703125 0.05555555555555555 0.06979166666666667 0.04814814814814815
0 0.48776041666666664 0.12962962962962962 0.39947916666666666 0.020370370370370372
0 0.44583333333333336 0.19675925925925927 0.016666666666666666 0.10277777777777777
0 0.19765625 0.22685185185185186 0.0796875 0.12222222222222222
0 0.37890625 0.1986111111111111 0.08072916666666667 0.030555555555555555
0 0.6052083333333333 0.19305555555555556 0.20729166666666668 0.01574074074074074
0 0.6526041666666667 0.21481481481481482 0.103125 0.020370370370370372
0 0.5234375 0.22592592592592592 0.08645833333333333 0.040740740740740744
0 0.21979166666666666 0.4134259259259259 0.13958333333333334 0.38425925925925924
0 0.43255208333333334 0.4361111111111111 0.06197916666666667 0.2777777777777778
0 0.6364583333333333 0.337037037037037 0.2989583333333333 0.02962962962962963
0 0.15052083333333333 0.7412037037037037 0.240625 0.5175925925925926
0 0.6653645833333334 0.7064814814814815 0.6692708333333334 0.10185185185185185
0 0.9513020833333333 0.8212962962962963 0.09739583333333333 0.027777777777777776
0 0.3377604166666667 0.9157407407407407 0.025520833333333333 0.1685185185185185
0 0.75625 0.9018518518518519 0.4875 0.11296296296296296
