0 0.44609375 0.015277777777777777 0.0640625 0.030555555555555555
0 0.6138020833333333 0.11481481481481481 0.1078125 0.06111111111111111
0 0.36354166666666665 0.1398148148148148 0.075 0.07407407407407407
0 0.41171875 0.17916666666666667 0.2265625 0.10277777777777777
0 0.60703125 0.15416666666666667 0.16614583333333333 0.017592592592592594
0 0.634375 0.20925925925925926 0.20729166666666668 0.016666666666666666
0 0.38255208333333335 0.3 0.19947916666666668 0.14814814814814814
0 0.6239583333333333 0.29583333333333334 0.28229166666666666 0.026851851851851852
0 0.19947916666666668 0.4685185185185185 0.15625 0.34074074074074073
0 0.3880208333333333 0.43657407407407406 0.053125 0.1824074074074074
0 0.7234375 0.43472222222222223 0.3385416666666667 0.03796296296296296
0 0.9268229166666667 0.47314814814814815 0.027604166666666666 0.05555555555555555
0 0.8822916666666667 0.5319444444444444 0.1875 0.11018518518518519
0 0.5989583333333334 0.5847222222222223 0.19791666666666666 0.10833333333333334
0 0.24921875 0.65 0.4984375 0.08888888888888889
