0 0.4869791666666667 0.05740740740740741 0.29583333333333334 0.012962962962962963
0 0.28958333333333336 0.10601851851851851 0.0375 0.06018518518518518
0 0.5721354166666667 0.09166666666666666 0.1453125 0.011111111111111112
0 0.340625 0.17685185185185184 0.0625 0.14444444444444443
0 0.45989583333333334 0.18981481481481483 0.03333333333333333 0.1
0 0.5846354166666666 0.15601851851851853 0.19010416666666666 0.013888888888888888
0 0.31197916666666664 0.2773148148148148 0.16979166666666667 0.13425925925925927
0 0.5763020833333333 0.274537037037037 0.3328125 0.028703703703703703
0 0.63984375 0.31574074074074077 0.27447916666666666 0.03333333333333333
0 0.4752604166666667 0.44814814814814813 0.1734375 0.28703703703703703
0 0.046875 0.42592592592592593 0.09375 0.14074074074074075
0 0.2994791666666667 0.5935185185185186 0.14583333333333334 0.42777777777777776
0 0.6244791666666667 0.3990740740740741 0.33645833333333336 0.037037037037037035
0 0.7565104166666666 0.48194444444444445 0.18072916666666666 0.09722222222222222
0 0.6510416666666666 0.7375 0.12604166666666666 0.525
0 0.0875 0.736574074074074 0.175 0.41388888888888886
0 0.37005208333333334 0.8907407407407407 0.0359375 0.21851851851851853
