0 0.5817708333333333 0.015277777777777777 0.05416666666666667 0.030555555555555555
0 0.4453125 0.033796296296296297 0.13125 0.03796296296296296
0 0.43385416666666665 0.06944444444444445 0.109375 0.03888888888888889
0 0.39375 0.10694444444444444 0.20416666666666666 0.07314814814814814
0 0.5346354166666667 0.12638888888888888 0.07552083333333333 0.019444444444444445
0 0.28541666666666665 0.18935185185185185 0.09166666666666666 0.021296296296296296
0 0.36380208333333336 0.22453703703703703 0.2796875 0.032407407407407406
0 0.60546875 0.23148148148148148 0.2994791666666667 0.024074074074074074
0 0.42239583333333336 0.36018518518518516 0.029166666666666667 0.21296296296296297
0 0.06822916666666666 0.39537037037037037 0.13645833333333332 0.20555555555555555
0 0.3268229166666667 0.35833333333333334 0.1234375 0.06296296296296296
0 0.6546875 0.3476851851851852 0.3 0.028703703703703703
0 0.7252604166666666 0.3925925925925926 0.15364583333333334 0.04259259259259259
0 0.5390625 0.41898148148148145 0.12916666666666668 0.08981481481481482
0 0.0921875 0.6217592592592592 0.184375 0.4287037037037037
0 0.3770833333333333 0.7972222222222223 0.0625 0.40555555555555556
0 0.7408854166666666 0.7037037037037037 0.5182291666666666 0.08703703703703704
