0 0.4869791666666667 0.04398148148148148 0.27708333333333335 0.012037037037037037
0 0.3046875 0.08611111111111111 0.03229166666666667 0.05185185185185185
0 0.35598958333333336 0.14444444444444443 0.0546875 0.12037037037037036
0 0.4625 0.15601851851851853 0.03125 0.0824074074074074
0 0.57734375 0.12916666666666668 0.17447916666666666 0.013888888888888888
0 0.33125 0.22546296296296298 0.15625 0.10462962962962963
0 0.56640625 0.225 0.2942708333333333 0.024074074074074074
0 0.6221354166666667 0.2569444444444444 0.24114583333333334 0.026851851851851852
0 0.4778645833333333 0.35138888888888886 0.1453125 0.2064814814814815
0 0.07317708333333334 0.3962962962962963 0.14635416666666667 0.21851851851851853
0 0.3296875 0.44814814814814813 0.12083333333333333 0.28703703703703703
0 0.60546875 0.3194444444444444 0.28802083333333334 0.027777777777777776
0 0.7143229166666667 0.3787037037037037 0.1484375 0.06851851851851852
0 0.6174479166666667 0.5828703703703704 0.08802083333333334 0.41759259259259257
0 0.11588541666666667 0.6657407407407407 0.2265625 0.5055555555555555
0 0.38385416666666666 0.787962962962963 0.057291666666666664 0.42407407407407405
