0 0.43776041666666665 0.018518518518518517 0.0828125 0.037037037037037035
0 0.5971354166666667 0.06342592592592593 0.07552083333333333 0.019444444444444445
0 0.61953125 0.1259259259259259 0.1140625 0.06666666666666667
0 0.3575520833333333 0.1527777777777778 0.07864583333333333 0.08148148148148149
0 0.4075520833333333 0.19675925925925927 0.23802083333333332 0.11388888888888889
0 0.6125 0.16898148148148148 0.17395833333333333 0.017592592592592594
0 0.6424479166666667 0.23055555555555557 0.2203125 0.018518518518518517
0 0.37604166666666666 0.33287037037037037 0.21041666666666667 0.1675925925925926
0 0.6377604166666667 0.32731481481481484 0.3109375 0.028703703703703703
0 0.16875 0.5356481481481481 0.1875 0.4064814814814815
0 0.3770833333333333 0.4930555555555556 0.059375 0.21574074074074073
0 0.7434895833333334 0.48842592592592593 0.36822916666666666 0.041666666666666664
0 0.9776041666666667 0.5472222222222223 0.034375 0.06296296296296296
0 0.9088541666666666 0.5995370370370371 0.18229166666666666 0.1175925925925926
0 0.6111979166666667 0.6722222222222223 0.22135416666666666 0.13518518518518519
0 0.24947916666666667 0.7546296296296297 0.49895833333333334 0.11296296296296296
