0 0.44088541666666664 0.04027777777777778 0.09635416666666667 0.032407407407407406
0 0.36276041666666664 0.06666666666666667 0.0765625 0.05185185185185185
0 0.4890625 0.15 0.4270833333333333 0.022222222222222223
0 0.44114583333333335 0.22824074074074074 0.01875 0.12129629629629629
0 0.16927083333333334 0.26342592592592595 0.09583333333333334 0.14351851851851852
0 0.3690104166666667 0.22870370370370371 0.0890625 0.037037037037037035
0 0.6145833333333334 0.22453703703703703 0.225 0.019444444444444445
0 0.66640625 0.24861111111111112 0.11302083333333333 0.023148148148148147
0 0.5268229166666667 0.26296296296296295 0.09427083333333333 0.05
0 0.17447916666666666 0.5083333333333333 0.184375 0.5037037037037037
0 0.42135416666666664 0.5324074074074074 0.07395833333333333 0.3648148148148148
0 0.6536458333333334 0.39814814814814814 0.33541666666666664 0.03888888888888889
0 0.03958333333333333 0.8560185185185185 0.07916666666666666 0.287962962962963
0 0.6473958333333333 0.8986111111111111 0.7052083333333333 0.13240740740740742
0 0.9171875 0.8930555555555556 0.165625 0.08055555555555556
