0 0.43046875 0.03333333333333333 0.07239583333333334 0.022222222222222223
0 0.3653645833333333 0.0625 0.0734375 0.05092592592592592
0 0.390625 0.1425925925925926 0.221875 0.020370370370370372
0 0.58046875 0.1449074074074074 0.23385416666666667 0.01574074074074074
0 0.44296875 0.21666666666666667 0.018229166666666668 0.11481481481481481
0 0.17942708333333332 0.25 0.09010416666666667 0.13518518518518519
0 0.37265625 0.21851851851851853 0.08697916666666666 0.03518518518518519
0 0.6114583333333333 0.21342592592592594 0.21875 0.017592592592592594
0 0.5255208333333333 0.24861111111111112 0.09166666666666666 0.04722222222222222
0 0.66171875 0.23657407407407408 0.10989583333333333 0.023148148148148147
0 0.190625 0.4726851851851852 0.165625 0.4564814814814815
0 0.42552083333333335 0.49722222222222223 0.06979166666666667 0.3314814814814815
0 0.6473958333333333 0.37592592592592594 0.321875 0.03518518518518519
0 0.06979166666666667 0.787962962962963 0.13958333333333334 0.42407407407407405
0 0.6541666666666667 0.8226851851851852 0.6916666666666667 0.11388888888888889
0 0.17682291666666666 0.937037037037037 0.028645833333333332 0.1259259259259259
