0 0.5088541666666667 0.031018518518518518 0.24791666666666667 0.062037037037037036
0 0.6125 0.09861111111111111 0.08854166666666667 0.023148148148148147
0 0.4921875 0.12546296296296297 0.15833333333333333 0.012037037037037037
0 0.64609375 0.18333333333333332 0.1421875 0.1
0 0.32708333333333334 0.22407407407407406 0.09583333333333334 0.12037037037037036
0 0.38697916666666665 0.29212962962962963 0.2989583333333333 0.18055555555555555
0 0.64140625 0.2462962962962963 0.21822916666666667 0.025925925925925925
0 0.6854166666666667 0.3425925925925926 0.284375 0.027777777777777776
0 0.3375 0.5375 0.27395833333333336 0.32685185185185184
0 0.6833333333333333 0.5162037037037037 0.4114583333333333 0.05462962962962963
0 0.8658854166666666 0.5106481481481482 0.0734375 0.025
0 0.084375 0.725925925925926 0.16875 0.39814814814814814
0 0.30755208333333334 0.8171296296296297 0.08177083333333333 0.36574074074074076
0 0.7979166666666667 0.8666666666666667 0.4041666666666667 0.08703703703703704
