0 0.5768229166666666 0.013888888888888888 0.06197916666666667 0.027777777777777776
0 0.44609375 0.026851851851851852 0.1296875 0.044444444444444446
0 0.43463541666666666 0.06574074074074074 0.1078125 0.03888888888888889
0 0.39609375 0.10138888888888889 0.19947916666666668 0.06944444444444445
0 0.290625 0.18055555555555555 0.08958333333333333 0.020370370370370372
0 0.36640625 0.21481481481481482 0.2713541666666667 0.02962962962962963
0 0.6026041666666667 0.2199074074074074 0.2916666666666667 0.023148148148148147
0 0.425 0.34074074074074073 0.027083333333333334 0.19814814814814816
0 0.07369791666666667 0.38981481481481484 0.14739583333333334 0.22037037037037038
0 0.3328125 0.3402777777777778 0.11770833333333333 0.058333333333333334
0 0.6489583333333333 0.3300925925925926 0.28958333333333336 0.026851851851851852
0 0.7169270833333333 0.3699074074074074 0.14739583333333334 0.041666666666666664
0 0.5372395833333333 0.3958333333333333 0.12447916666666667 0.0824074074074074
0 0.09817708333333333 0.6333333333333333 0.19635416666666666 0.4962962962962963
0 0.37994791666666666 0.7782407407407408 0.06614583333333333 0.44351851851851853
0 0.7276041666666667 0.6546296296296297 0.4895833333333333 0.07777777777777778
0 0.0828125 0.9611111111111111 0.065625 0.07777777777777778
