0 0.43723958333333335 0.019444444444444445 0.08385416666666666 0.03888888888888889
0 0.54921875 0.03518518518518519 0.13802083333333334 0.011111111111111112
0 0.6229166666666667 0.13194444444444445 0.11770833333333333 0.06944444444444445
0 0.3546875 0.16111111111111112 0.08020833333333334 0.08518518518518518
0 0.40546875 0.20601851851851852 0.24427083333333333 0.11944444444444445
0 0.6153645833333333 0.17592592592592593 0.17864583333333334 0.020370370370370372
0 0.6463541666666667 0.2412037037037037 0.22604166666666667 0.017592592592592594
0 0.3723958333333333 0.35138888888888886 0.21666666666666667 0.18055555555555555
0 0.6463541666666667 0.34444444444444444 0.32916666666666666 0.03333333333333333
0 0.14973958333333334 0.575 0.20677083333333332 0.45
0 0.37083333333333335 0.5259259259259259 0.0625 0.23703703703703705
0 0.75546875 0.5199074074074074 0.3859375 0.04537037037037037
0 0.9169270833333333 0.6370370370370371 0.16614583333333333 0.12037037037037036
0 0.6184895833333334 0.7240740740740741 0.23489583333333333 0.15185185185185185
0 0.25 0.8180555555555555 0.5 0.1287037037037037
