0 0.4466145833333333 0.016203703703703703 0.08697916666666666 0.025
0 0.3809895833333333 0.03657407407407407 0.06197916666666667 0.03981481481481482
0 0.48776041666666664 0.09675925925925925 0.35260416666666666 0.01574074074074074
0 0.24036458333333333 0.1699074074074074 0.058854166666666666 0.08981481481481482
0 0.39427083333333335 0.15046296296296297 0.06875 0.023148148148148147
0 0.5901041666666667 0.14675925925925926 0.17916666666666667 0.012037037037037037
0 0.63125 0.16203703703703703 0.08854166666666667 0.016666666666666666
0 0.51953125 0.17083333333333334 0.0734375 0.030555555555555555
0 0.2833333333333333 0.2912037037037037 0.09583333333333334 0.2490740740740741
0 0.4466145833333333 0.3106481481481482 0.04739583333333333 0.17685185185185184
0 0.6114583333333333 0.24861111111111112 0.24583333333333332 0.021296296296296296
0 0.23723958333333334 0.4828703703703704 0.21197916666666666 0.27870370370370373
0 0.615625 0.4708333333333333 0.484375 0.05462962962962963
0 0.7114583333333333 0.5597222222222222 0.409375 0.075
0 0.36354166666666665 0.7675925925925926 0.06354166666666666 0.4648148148148148
0 0.15338541666666666 0.8578703703703704 0.27760416666666665 0.28425925925925927
0 0.7143229166666667 0.7680555555555556 0.5651041666666666 0.09351851851851851
0 0.8510416666666667 0.9337962962962963 0.11979166666666667 0.13240740740740742
