0 0.56015625 0.05462962962962963 0.1234375 0.014814814814814815
0 0.3731770833333333 0.10648148148148148 0.0484375 0.09444444444444444
0 0.4674479166666667 0.1162037037037037 0.025520833333333333 0.06388888888888888
0 0.5674479166666667 0.09583333333333334 0.15364583333333334 0.010185185185185186
0 0.3541666666666667 0.1675925925925926 0.1375 0.07777777777777778
0 0.5552083333333333 0.16805555555555557 0.2520833333333333 0.017592592592592594
0 0.6020833333333333 0.19027777777777777 0.20416666666666666 0.019444444444444445
0 0.48098958333333336 0.2537037037037037 0.11614583333333334 0.13703703703703704
0 0.15 0.29444444444444445 0.10833333333333334 0.1648148148148148
0 0.3606770833333333 0.31342592592592594 0.0953125 0.1787037037037037
0 0.5848958333333333 0.2337962962962963 0.23645833333333333 0.019444444444444445
0 0.671875 0.27361111111111114 0.11666666666666667 0.04537037037037037
0 0.58828125 0.3888888888888889 0.059895833333333336 0.23703703703703705
0 0.22317708333333333 0.4324074074074074 0.12239583333333333 0.2722222222222222
0 0.4075520833333333 0.6226851851851852 0.0640625 0.4583333333333333
0 0.065625 0.46944444444444444 0.11875 0.09259259259259259
