0 0.45286458333333335 0.010185185185185186 0.07447916666666667 0.020370370370370372
0 0.38723958333333336 0.02638888888888889 0.0578125 0.03611111111111111
0 0.38697916666666665 0.07731481481481481 0.12708333333333333 0.013888888888888888
0 0.55 0.08101851851851852 0.20208333333333334 0.012037037037037037
0 0.2625 0.14166666666666666 0.04895833333333333 0.07592592592592592
0 0.5809895833333333 0.12175925925925926 0.16197916666666667 0.010185185185185186
0 0.5177083333333333 0.14212962962962963 0.06770833333333333 0.026851851851851852
0 0.3106770833333333 0.23703703703703705 0.07864583333333333 0.19814814814814816
0 0.45364583333333336 0.25324074074074077 0.040625 0.13796296296296295
0 0.5989583333333334 0.20601851851851852 0.21979166666666666 0.017592592592592594
0 0.27369791666666665 0.3800925925925926 0.19322916666666667 0.20092592592592592
0 0.5963541666666666 0.37453703703703706 0.409375 0.03981481481481482
0 0.6763020833333333 0.43703703703703706 0.34322916666666664 0.05185185185185185
0 0.4666666666666667 0.6814814814814815 0.246875 0.5222222222222223
0 0.23072916666666668 0.7703703703703704 0.20729166666666668 0.45925925925925926
0 0.6669270833333333 0.5740740740740741 0.4432291666666667 0.05925925925925926
0 0.8533854166666667 0.7245370370370371 0.25885416666666666 0.17685185185185184
0 0.6528645833333333 0.8560185185185185 0.0578125 0.287962962962963
0 0.020833333333333332 0.8851851851851852 0.041666666666666664 0.13333333333333333
