0 0.5174479166666667 0.09166666666666666 0.34739583333333335 0.11296296296296296
0 0.4348958333333333 0.2111111111111111 0.030208333333333334 0.11851851851851852
0 0.6736979166666667 0.22916666666666666 0.14322916666666666 0.05092592592592592
0 0.3572916666666667 0.24259259259259258 0.125 0.03333333333333333
0 0.49166666666666664 0.2902777777777778 0.24895833333333334 0.023148148148148147
0 0.7841145833333333 0.4759259259259259 0.30364583333333334 0.31296296296296294
0 0.17421875 0.6282407407407408 0.1984375 0.4638888888888889
0 0.31640625 0.7597222222222222 0.09635416666666667 0.48055555555555557
0 0.7859375 0.6810185185185185 0.428125 0.09722222222222222
0 0.04583333333333333 0.9430555555555555 0.09166666666666666 0.11388888888888889
