0 0.58125 0.033796296296296297 0.0625 0.032407407407407406
0 0.4044270833333333 0.04537037037037037 0.05260416666666667 0.037037037037037035
0 0.43854166666666666 0.06296296296296296 0.15 0.046296296296296294
0 0.4239583333333333 0.11018518518518519 0.12708333333333333 0.053703703703703705
0 0.5578125 0.11018518518518519 0.140625 0.011111111111111112
0 0.3927083333333333 0.16342592592592592 0.20729166666666668 0.10462962962962963
0 0.615625 0.1439814814814815 0.178125 0.032407407407407406
0 0.6846354166666667 0.1787037037037037 0.07760416666666667 0.02962962962962963
0 0.5442708333333334 0.19212962962962962 0.09270833333333334 0.026851851851851852
0 0.2265625 0.29074074074074074 0.11770833333333333 0.03333333333333333
0 0.3221354166666667 0.3523148148148148 0.36614583333333334 0.05277777777777778
0 0.6442708333333333 0.3611111111111111 0.40208333333333335 0.040740740740740744
0 0.3828125 0.6439814814814815 0.06458333333333334 0.48055555555555557
0 0.9604166666666667 0.5231481481481481 0.030208333333333334 0.053703703703703705
0 0.24140625 0.6171296296296296 0.19739583333333333 0.13796296296296295
0 0.7356770833333334 0.5925925925925926 0.45260416666666664 0.05925925925925926
0 0.8520833333333333 0.6962962962962963 0.24583333333333332 0.09814814814814815
0 0.5682291666666667 0.762962962962963 0.20833333333333334 0.22037037037037038
