0 0.446875 0.029166666666666667 0.128125 0.03425925925925926
0 0.4354166666666667 0.06157407407407407 0.10625 0.03796296296296296
0 0.39817708333333335 0.09675925925925925 0.1953125 0.06759259259259259
0 0.2953125 0.17314814814814813 0.0875 0.020370370370370372
0 0.48932291666666666 0.20601851851851852 0.5036458333333333 0.030555555555555555
0 0.42734375 0.32314814814814813 0.025520833333333333 0.18518518518518517
0 0.07994791666666666 0.3800925925925926 0.15572916666666667 0.23055555555555557
0 0.3390625 0.32222222222222224 0.11354166666666667 0.05555555555555555
0 0.64375 0.31342592592592594 0.2791666666666667 0.025
0 0.709375 0.35185185185185186 0.14166666666666666 0.037037037037037035
0 0.5356770833333333 0.37407407407407406 0.11927083333333334 0.07777777777777778
0 0.10390625 0.638425925925926 0.2078125 0.5472222222222223
0 0.38255208333333335 0.7611111111111111 0.06927083333333334 0.4777777777777778
0 0.71484375 0.6101851851851852 0.4630208333333333 0.06851851851851852
0 0.08854166666666667 0.9231481481481482 0.10729166666666666 0.1537037037037037
