0 0.5888020833333333 0.06018518518518518 0.08072916666666667 0.03888888888888889
0 0.39010416666666664 0.07731481481481481 0.06041666666666667 0.04722222222222222
0 0.42890625 0.10185185185185185 0.1765625 0.06296296296296296
0 0.6 0.12083333333333333 0.15729166666666666 0.010185185185185186
0 0.41067708333333336 0.1675925925925926 0.15052083333333333 0.07777777777777778
0 0.5736979166666667 0.16712962962962963 0.17552083333333332 0.01574074074074074
0 0.30572916666666666 0.24212962962962964 0.06875 0.14722222222222223
0 0.42630208333333336 0.23333333333333334 0.03177083333333333 0.08148148148148149
0 0.6505208333333333 0.22962962962962963 0.23229166666666667 0.03518518518518519
0 0.7377604166666667 0.275 0.1046875 0.046296296296296294
0 0.5583333333333333 0.29583333333333334 0.121875 0.04351851851851852
0 0.33671875 0.3189814814814815 0.32135416666666666 0.03425925925925926
0 0.12994791666666666 0.48009259259259257 0.14427083333333332 0.05092592592592592
0 0.97890625 0.5560185185185185 0.028645833333333332 0.06018518518518518
0 0.25546875 0.6055555555555555 0.5109375 0.11296296296296296
0 0.7091145833333333 0.6217592592592592 0.5817708333333333 0.0787037037037037
0 0.34791666666666665 0.862037037037037 0.03854166666666667 0.2759259259259259
