0 0.51640625 0.08148148148148149 0.3328125 0.10555555555555556
0 0.43776041666666665 0.19212962962962962 0.028645833333333332 0.10833333333333334
0 0.6635416666666667 0.20555555555555555 0.13333333333333333 0.040740740740740744
0 0.36432291666666666 0.2199074074074074 0.1171875 0.030555555555555555
0 0.4921875 0.262037037037037 0.234375 0.020370370370370372
0 0.7559895833333333 0.41944444444444445 0.2682291666666667 0.2611111111111111
0 0.203125 0.5398148148148149 0.175 0.37407407407407406
0 0.18854166666666666 0.7287037037037037 0.3770833333333333 0.5425925925925926
0 0.75859375 0.5939814814814814 0.39114583333333336 0.08611111111111111
0 0.94765625 0.5703703703703704 0.04114583333333333 0.03518518518518519
0 0.42083333333333334 0.9606481481481481 0.0625 0.0787037037037037
0 0.7171875 0.9805555555555555 0.22291666666666668 0.03888888888888889
