0 0.5940104166666667 0.07222222222222222 0.08697916666666666 0.04259259259259259
0 0.3846354166666667 0.09027777777777778 0.0640625 0.05277777777777778
0 0.42552083333333335 0.1175925925925926 0.18645833333333334 0.07037037037037037
0 0.5875 0.10231481481481482 0.13645833333333332 0.013888888888888888
0 0.6072916666666667 0.1388888888888889 0.16770833333333332 0.011111111111111112
0 0.4049479166666667 0.1935185185185185 0.15989583333333332 0.08888888888888889
0 0.5828125 0.1925925925925926 0.19479166666666667 0.016666666666666666
0 0.2869791666666667 0.2814814814814815 0.08125 0.17592592592592593
0 0.4192708333333333 0.27037037037037037 0.035416666666666666 0.0962962962962963
0 0.65859375 0.27037037037037037 0.2421875 0.020370370370370372
0 0.7625 0.3194444444444444 0.11770833333333333 0.05555555555555555
0 0.5651041666666666 0.34444444444444444 0.13333333333333333 0.05185185185185185
0 0.3151041666666667 0.3731481481481482 0.3645833333333333 0.040740740740740744
0 0.07838541666666667 0.5819444444444445 0.15677083333333333 0.06759259259259259
0 0.25729166666666664 0.7662037037037037 0.5145833333333333 0.13796296296296295
0 0.7020833333333333 0.7722222222222223 0.5958333333333333 0.1
0 0.94140625 0.7662037037037037 0.1171875 0.058333333333333334
