0 0.5848958333333333 0.03194444444444444 0.07291666666666667 0.03796296296296296
0 0.40677083333333336 0.03981481481481482 0.051041666666666666 0.03518518518518519
0 0.4401041666666667 0.056018518518518516 0.14583333333333334 0.04351851851851852
0 0.42630208333333336 0.09953703703703703 0.12239583333333333 0.05092592592592592
0 0.5635416666666667 0.09953703703703703 0.15208333333333332 0.010185185185185186
0 0.396875 0.14953703703703702 0.19895833333333332 0.09722222222222222
0 0.6072916666666667 0.14027777777777778 0.16458333333333333 0.012037037037037037
0 0.67578125 0.16342592592592592 0.0734375 0.026851851851851852
0 0.5411458333333333 0.17453703703703705 0.08854166666666667 0.023148148148148147
0 0.24244791666666668 0.2625 0.1109375 0.030555555555555555
0 0.3333333333333333 0.31712962962962965 0.3416666666666667 0.04722222222222222
0 0.6333333333333333 0.325 0.37395833333333334 0.03518518518518519
0 0.39505208333333336 0.5555555555555556 0.0515625 0.387037037037037
0 0.015625 0.4537037037037037 0.03125 0.05555555555555555
0 0.2669270833333333 0.5393518518518519 0.17447916666666666 0.11203703703703703
0 0.7109375 0.5171296296296296 0.40625 0.05277777777777778
0 0.8130208333333333 0.6023148148148149 0.215625 0.0787037037037037
0 0.5588541666666667 0.6546296296296297 0.18333333333333332 0.17222222222222222
0 0.03125 0.6930555555555555 0.0625 0.125
