0 0.3528645833333333 0.0375 0.08489583333333334 0.075
0 0.63671875 0.032407407407407406 0.24322916666666666 0.05
0 0.6333333333333333 0.4125 0.4864583333333333 0.8046296296296296
0 0.05364583333333333 0.2300925925925926 0.10729166666666666 0.3175925925925926
0 0.30911458333333336 0.33287037037037037 0.12760416666666666 0.4398148148148148
0 0.6135416666666667 0.14953703703703702 0.3145833333333333 0.041666666666666664
0 0.728125 0.2490740740740741 0.15416666666666667 0.10925925925925926
0 0.12838541666666667 0.6032407407407407 0.15677083333333333 0.6268518518518519
0 0.47682291666666665 0.4583333333333333 0.14427083333333332 0.17407407407407408
0 0.03203125 0.6166666666666667 0.0640625 0.337037037037037
0 0.3640625 0.7699074074074074 0.05 0.4601851851851852
0 0.74375 0.7416666666666667 0.26145833333333335 0.17592592592592593
0 0.81015625 0.9481481481481482 0.24739583333333334 0.1037037037037037
0 0.53828125 0.9921296296296296 0.09322916666666667 0.01574074074074074
