0 0.31588541666666664 0.05555555555555555 0.2234375 0.1111111111111111
0 0.41015625 0.034722222222222224 0.033854166666666664 0.06944444444444445
0 0.5736979166666667 0.05555555555555555 0.26927083333333335 0.03518518518518519
0 0.228125 0.2814814814814815 0.23541666666666666 0.35
0 0.5838541666666667 0.34675925925925927 0.44479166666666664 0.2064814814814815
0 0.08541666666666667 0.36435185185185187 0.17083333333333334 0.22685185185185186
0 0.25390625 0.549074074074074 0.42135416666666664 0.16111111111111112
0 0.6440104166666667 0.5958333333333333 0.43697916666666664 0.07685185185185185
0 0.81171875 0.7972222222222223 0.2265625 0.22592592592592592
0 0.6440104166666667 0.9032407407407408 0.6088541666666667 0.1935185185185185
