0 0.3625 0.01712962962962963 0.25729166666666664 0.03425925925925926
0 0.6049479166666667 0.01898148148148148 0.2796875 0.032407407407407406
0 0.7052083333333333 0.09675925925925925 0.134375 0.08611111111111111
0 0.6 0.15416666666666667 0.36666666666666664 0.10648148148148148
0 0.2234375 0.18935185185185185 0.378125 0.06018518518518518
0 0.6109375 0.3921296296296296 0.45729166666666665 0.3490740740740741
0 0.05651041666666667 0.500462962962963 0.11302083333333333 0.09722222222222222
0 0.6010416666666667 0.6916666666666667 0.590625 0.10740740740740741
0 0.1046875 0.9 0.209375 0.2
0 0.32473958333333336 0.9050925925925926 0.022395833333333334 0.18981481481481483
0 0.22734375 0.9412037037037037 0.07135416666666666 0.1175925925925926
0 0.6059895833333333 0.9421296296296297 0.49635416666666665 0.11388888888888889
