0 0.23203125 0.1736111111111111 0.3671875 0.3472222222222222
0 0.5591145833333333 0.14953703703703702 0.3109375 0.29907407407407405
0 0.6143229166666667 0.06018518518518518 0.30364583333333334 0.09444444444444444
0 0.19244791666666666 0.4425925925925926 0.25364583333333335 0.44074074074074077
0 0.58984375 0.42916666666666664 0.49947916666666664 0.0787037037037037
0 0.04869791666666667 0.4337962962962963 0.09739583333333333 0.06574074074074074
0 0.6856770833333333 0.5652777777777778 0.36614583333333334 0.11203703703703703
0 0.34401041666666665 0.7564814814814815 0.05260416666666667 0.48703703703703705
0 0.190625 0.8768518518518519 0.16666666666666666 0.2462962962962963
0 0.66171875 0.8444444444444444 0.5067708333333333 0.1037037037037037
