0 0.5549479166666667 0.14027777777777778 0.4671875 0.28055555555555556
0 0.60390625 0.006944444444444444 0.19114583333333332 0.013888888888888888
0 0.06328125 0.19398148148148148 0.12239583333333333 0.35648148148148145
0 0.24739583333333334 0.19537037037037036 0.225 0.3055555555555556
0 0.321875 0.12083333333333333 0.11875 0.08796296296296297
0 0.6104166666666667 0.1162037037037037 0.30833333333333335 0.041666666666666664
0 0.17265625 0.6055555555555555 0.3453125 0.7888888888888889
0 0.6354166666666666 0.45 0.40208333333333335 0.1
0 0.5760416666666667 0.7134259259259259 0.49375 0.5731481481481482
0 0.6567708333333333 0.6199074074074075 0.465625 0.21574074074074073
