0 0.09765625 0.11944444444444445 0.0765625 0.2388888888888889
0 0.6223958333333334 0.3037037037037037 0.440625 0.6074074074074074
0 0.3265625 0.21574074074074073 0.115625 0.36666666666666664
0 0.6078125 0.06342592592592593 0.290625 0.03425925925925926
0 0.7130208333333333 0.14814814814814814 0.140625 0.09074074074074075
0 0.17109375 0.4361111111111111 0.1265625 0.5055555555555555
0 0.04140625 0.27870370370370373 0.0390625 0.1111111111111111
0 0.4817708333333333 0.32314814814814813 0.13229166666666667 0.1388888888888889
0 0.05364583333333333 0.5486111111111112 0.10729166666666666 0.4675925925925926
0 0.37135416666666665 0.6953703703703704 0.06458333333333334 0.6092592592592593
0 0.7205729166666667 0.5527777777777778 0.23177083333333334 0.13703703703703704
0 0.6484375 0.7273148148148149 0.4739583333333333 0.10462962962962963
