0 0.3606770833333333 0.028703703703703703 0.2598958333333333 0.03333333333333333
0 0.6708333333333333 0.2875 0.37604166666666666 0.41203703703703703
0 0.21510416666666668 0.4273148148148148 0.11145833333333334 0.5027777777777778
0 0.3140625 0.6703703703703704 0.09166666666666666 0.6592592592592592
0 0.6065104166666667 0.5388888888888889 0.45364583333333336 0.1111111111111111
0 0.053125 0.5449074074074074 0.10625 0.06388888888888888
0 0.08333333333333333 0.9300925925925926 0.16666666666666666 0.1398148148148148
0 0.2078125 0.962037037037037 0.046875 0.07592592592592592
0 0.7723958333333333 0.9629629629629629 0.13854166666666667 0.07407407407407407
0 0.4484375 0.9782407407407407 0.18958333333333333 0.04351851851851852
