0 0.15390625 0.02962962962962963 0.1234375 0.05925925925925926
0 0.3111979166666667 0.07962962962962963 0.14739583333333334 0.15925925925925927
0 0.5747395833333333 0.03981481481481482 0.36302083333333335 0.04259259259259259
0 0.64375 0.10972222222222222 0.26145833333333335 0.05648148148148148
0 0.6458333333333334 0.5412037037037037 0.540625 0.9175925925925926
0 0.03697916666666667 0.26666666666666666 0.07395833333333333 0.22592592592592592
0 0.28880208333333335 0.4666666666666667 0.1390625 0.5296296296296297
0 0.6203125 0.24444444444444444 0.340625 0.04814814814814815
0 0.7458333333333333 0.36342592592592593 0.16875 0.13240740740740742
0 0.10130208333333333 0.7050925925925926 0.14739583333333334 0.5898148148148148
0 0.4708333333333333 0.6166666666666667 0.15833333333333333 0.2111111111111111
0 0.3546875 0.8564814814814815 0.03333333333333333 0.28703703703703703
0 0.7122395833333334 0.9287037037037037 0.1796875 0.1425925925925926
