0 0.6239583333333333 0.32083333333333336 0.4479166666666667 0.6416666666666667
0 0.09192708333333334 0.13425925925925927 0.08072916666666667 0.25
0 0.3234375 0.23657407407407408 0.11770833333333333 0.38055555555555554
0 0.6088541666666667 0.07731481481481481 0.2947916666666667 0.03611111111111111
0 0.7158854166666667 0.16527777777777777 0.14322916666666666 0.09537037037037037
0 0.16380208333333332 0.4634259259259259 0.13072916666666667 0.525
0 0.03333333333333333 0.30092592592592593 0.03958333333333333 0.11296296296296296
0 0.48125 0.34675925925925927 0.13333333333333333 0.14537037037037037
0 0.05026041666666667 0.5291666666666667 0.10052083333333334 0.3861111111111111
0 0.37005208333333334 0.7074074074074074 0.06197916666666667 0.5851851851851851
0 0.725 0.5828703703703704 0.23645833333333333 0.14351851851851852
0 0.6510416666666666 0.7662037037037037 0.484375 0.11018518518518519
