0 0.27578125 0.012037037037037037 0.28072916666666664 0.024074074074074074
0 0.5986979166666667 0.1412037037037037 0.37447916666666664 0.2361111111111111
0 0.10651041666666666 0.20416666666666666 0.17239583333333333 0.08796296296296297
0 0.5864583333333333 0.3398148148148148 0.46770833333333334 0.07037037037037037
0 0.40390625 0.6546296296296297 0.8078125 0.6907407407407408
0 0.5893229166666667 0.49166666666666664 0.3807291666666667 0.06851851851851852
0 0.19348958333333333 0.7851851851851852 0.20364583333333333 0.21851851851851853
0 0.65546875 0.7712962962962963 0.49114583333333334 0.10185185185185185
0 0.03203125 0.9050925925925926 0.0640625 0.18981481481481483
0 0.81875 0.9333333333333333 0.24479166666666666 0.13333333333333333
