0 0.13307291666666668 0.05138888888888889 0.05364583333333333 0.10277777777777777
0 0.19583333333333333 0.33796296296296297 0.39166666666666666 0.6759259259259259
0 0.32369791666666664 0.04351851851851852 0.14010416666666667 0.08703703703703704
0 0.5041666666666667 0.02175925925925926 0.08229166666666667 0.04351851851851852
0 0.61484375 0.15185185185185185 0.31927083333333334 0.06481481481481481
0 0.56171875 0.3699074074074074 0.37864583333333335 0.4638888888888889
0 0.62890625 0.2569444444444444 0.35989583333333336 0.13240740740740742
0 0.08619791666666667 0.7851851851851852 0.17239583333333333 0.42962962962962964
0 0.6059895833333333 0.8074074074074075 0.6317708333333333 0.12407407407407407
0 0.19583333333333333 0.9314814814814815 0.035416666666666666 0.13703703703703704
0 0.8872395833333333 0.9680555555555556 0.15260416666666668 0.06388888888888888
