0 0.6260416666666667 0.33564814814814814 0.4552083333333333 0.6712962962962963
0 0.08463541666666667 0.1486111111111111 0.0859375 0.2564814814814815
0 0.32109375 0.2523148148148148 0.11927083333333334 0.38981481481481484
0 0.6098958333333333 0.09027777777777778 0.2989583333333333 0.03611111111111111
0 0.7182291666666667 0.18009259259259258 0.14479166666666668 0.09907407407407408
0 0.15755208333333334 0.4875 0.1359375 0.5416666666666666
0 0.026302083333333334 0.3199074074074074 0.04114583333333333 0.11574074074074074
0 0.48020833333333335 0.36527777777777776 0.13541666666666666 0.15092592592592594
0 0.047135416666666666 0.5425925925925926 0.09427083333333333 0.37407407407407406
0 0.36822916666666666 0.7175925925925926 0.0625 0.5648148148148148
0 0.7278645833333334 0.6097222222222223 0.24010416666666667 0.14907407407407408
0 0.653125 0.8004629629629629 0.49375 0.1175925925925926
