0 0.49166666666666664 0.20185185185185187 0.6395833333333333 0.40370370370370373
0 0.57421875 0.07083333333333333 0.2734375 0.03611111111111111
0 0.046614583333333334 0.2449074074074074 0.09322916666666667 0.30648148148148147
0 0.2234375 0.30416666666666664 0.23854166666666668 0.36203703703703705
0 0.30390625 0.21388888888888888 0.13072916666666667 0.10185185185185185
0 0.6166666666666667 0.20833333333333334 0.3333333333333333 0.04814814814814815
0 0.05260416666666667 0.5305555555555556 0.10520833333333333 0.4203703703703704
0 0.6401041666666667 0.5796296296296296 0.2375 0.06296296296296296
0 0.39817708333333335 0.7907407407407407 0.13697916666666668 0.4185185185185185
0 0.6463541666666667 0.6296296296296297 0.446875 0.08148148148148149
0 0.6721354166666667 0.8212962962962963 0.5244791666666667 0.2722222222222222
0 0.53828125 0.975925925925926 0.05572916666666667 0.04814814814814815
