0 0.14244791666666667 0.038425925925925926 0.0515625 0.07685185185185185
0 0.19791666666666666 0.30833333333333335 0.3958333333333333 0.6166666666666667
0 0.36692708333333335 0.031018518518518518 0.0609375 0.062037037037037036
0 0.6125 0.12268518518518519 0.3104166666666667 0.062037037037037036
0 0.5609375 0.32916666666666666 0.36770833333333336 0.43796296296296294
0 0.6265625 0.22361111111111112 0.35 0.125
0 0.12395833333333334 0.7337962962962963 0.24791666666666667 0.5324074074074074
0 0.6028645833333334 0.7388888888888889 0.6078125 0.11481481481481481
0 0.7333333333333333 0.9296296296296296 0.425 0.14074074074074075
0 0.3216145833333333 0.9324074074074075 0.016145833333333335 0.13518518518518519
