0 0.7072916666666667 0.017592592592592594 0.0875 0.03518518518518519
0 0.59375 0.04490740740740741 0.3333333333333333 0.08796296296296297
0 0.25286458333333334 0.07453703703703704 0.3421875 0.049074074074074076
0 0.6033854166666667 0.23796296296296296 0.40572916666666664 0.2796296296296296
0 0.08125 0.30972222222222223 0.1625 0.10277777777777777
0 0.5919270833333333 0.4703703703703704 0.5140625 0.08148148148148149
0 0.18229166666666666 0.7412037037037037 0.3645833333333333 0.5175925925925926
0 0.5953125 0.6564814814814814 0.42291666666666666 0.08333333333333333
0 0.21588541666666666 0.9430555555555555 0.09739583333333333 0.11388888888888889
0 0.8190104166666666 0.9722222222222222 0.09322916666666667 0.05555555555555555
0 0.4817708333333333 0.9875 0.17708333333333334 0.025
