0 0.2903645833333333 0.06944444444444445 0.26927083333333335 0.1388888888888889
0 0.40729166666666666 0.047685185185185185 0.034375 0.09537037037037037
0 0.57421875 0.08009259259259259 0.2765625 0.03796296296296296
0 0.21953125 0.3194444444444444 0.24114583333333334 0.37037037037037035
0 0.5854166666666667 0.387037037037037 0.4583333333333333 0.21851851851851853
0 0.024479166666666666 0.35185185185185186 0.04895833333333333 0.13148148148148148
0 0.0796875 0.48935185185185187 0.159375 0.07314814814814814
0 0.24401041666666667 0.6041666666666666 0.4359375 0.17314814814814813
0 0.6481770833333333 0.6537037037037037 0.45364583333333336 0.08148148148148149
0 0.82265625 0.8708333333333333 0.23697916666666666 0.24351851851851852
0 0.3684895833333333 0.9407407407407408 0.07447916666666667 0.11851851851851852
0 0.6252604166666667 0.9532407407407407 0.22760416666666666 0.09351851851851851
