0 0.4713541666666667 0.22592592592592592 0.696875 0.45185185185185184
0 0.5796875 0.016203703703703703 0.3416666666666667 0.032407407407407406
0 0.575 0.09768518518518518 0.28020833333333334 0.03796296296296296
0 0.04114583333333333 0.24444444444444444 0.08229166666666667 0.24814814814814815
0 0.21380208333333334 0.3458333333333333 0.24322916666666666 0.3861111111111111
0 0.296875 0.2490740740740741 0.134375 0.10925925925925926
0 0.6192708333333333 0.24259259259259258 0.34375 0.05
0 0.04583333333333333 0.5481481481481482 0.09166666666666666 0.37037037037037035
0 0.64453125 0.6388888888888888 0.24635416666666668 0.06666666666666667
0 0.36223958333333334 0.8203703703703704 0.0734375 0.3592592592592593
0 0.65078125 0.6930555555555555 0.4640625 0.08611111111111111
0 0.6544270833333333 0.8768518518518519 0.4984375 0.2462962962962963
0 0.9278645833333333 0.9814814814814815 0.0484375 0.037037037037037035
