0 0.17916666666666667 0.04722222222222222 0.18333333333333332 0.09444444444444444
0 0.3734375 0.025925925925925925 0.051041666666666666 0.05185185185185185
0 0.6309895833333333 0.02361111111111111 0.15052083333333333 0.04722222222222222
0 0.3341145833333333 0.09768518518518518 0.30572916666666666 0.0824074074074074
0 0.61171875 0.12083333333333333 0.3067708333333333 0.03796296296296296
0 0.7236979166666667 0.21574074074074073 0.14947916666666666 0.10555555555555556
0 0.60703125 0.28703703703703703 0.4078125 0.13148148148148148
0 0.19895833333333332 0.33101851851851855 0.39791666666666664 0.07314814814814814
0 0.6208333333333333 0.5935185185185186 0.5239583333333333 0.45555555555555555
0 0.02421875 0.749537037037037 0.0484375 0.06759259259259259
0 0.44036458333333334 0.9587962962962963 0.3484375 0.0824074074074074
0 0.8078125 0.9648148148148148 0.13854166666666667 0.07037037037037037
