0 0.33125 0.013425925925925926 0.10833333333333334 0.026851851851851852
0 0.41796875 0.08333333333333333 0.024479166666666666 0.16666666666666666
0 0.6067708333333334 0.0763888888888889 0.22708333333333333 0.1175925925925926
0 0.17109375 0.11527777777777778 0.1546875 0.075
0 0.32786458333333335 0.2212962962962963 0.3067708333333333 0.046296296296296294
0 0.7075520833333333 0.6143518518518518 0.4734375 0.6361111111111111
0 0.14791666666666667 0.7166666666666667 0.128125 0.5666666666666667
0 0.2903645833333333 0.8421296296296297 0.044270833333333336 0.31574074074074077
0 0.8395833333333333 0.9583333333333334 0.16041666666666668 0.08333333333333333
0 0.5453125 0.9597222222222223 0.4239583333333333 0.08055555555555556
