0 0.21041666666666667 0.012962962962962963 0.08333333333333333 0.025925925925925925
0 0.39348958333333334 0.1037037037037037 0.6713541666666667 0.2074074074074074
0 0.5760416666666667 0.014814814814814815 0.13854166666666667 0.02962962962962963
0 0.3690104166666667 0.5300925925925926 0.0671875 0.612037037037037
0 0.215625 0.4513888888888889 0.20208333333333334 0.125
0 0.6427083333333333 0.6296296296296297 0.340625 0.26296296296296295
0 0.047135416666666666 0.7578703703703704 0.09427083333333333 0.08425925925925926
0 0.3723958333333333 0.9583333333333334 0.125 0.08333333333333333
0 0.08411458333333334 0.9787037037037037 0.16822916666666668 0.04259259259259259
0 0.25625 0.9925925925925926 0.1625 0.014814814814814815
