0 0.5067708333333333 0.019444444444444445 0.07395833333333333 0.03888888888888889
0 0.265625 0.02638888888888889 0.32708333333333334 0.04537037037037037
0 0.6 0.17083333333333334 0.384375 0.2490740740740741
0 0.09505208333333333 0.23796296296296296 0.1765625 0.09259259259259259
0 0.58828125 0.38055555555555554 0.4817708333333333 0.07222222222222222
0 0.18828125 0.6800925925925926 0.3765625 0.6398148148148148
0 0.5911458333333334 0.5425925925925926 0.39375 0.07407407407407407
0 0.17864583333333334 0.8592592592592593 0.21354166666666666 0.23703703703703705
0 0.6598958333333333 0.8449074074074074 0.5114583333333333 0.10833333333333334
0 0.7471354166666667 0.9731481481481481 0.0890625 0.053703703703703705
