0 0.28125 0.05925925925925926 0.06770833333333333 0.11851851851851852
0 0.446875 0.04212962962962963 0.04375 0.08425925925925926
0 0.25052083333333336 0.17916666666666667 0.22395833333333334 0.29907407407407405
0 0.09765625 0.13194444444444445 0.15260416666666668 0.1361111111111111
0 0.5799479166666667 0.175 0.40989583333333335 0.053703703703703705
0 0.6580729166666667 0.26342592592592595 0.29739583333333336 0.075
0 0.6315104166666666 0.6152777777777778 0.5755208333333334 0.7694444444444445
0 0.24739583333333334 0.6925925925925925 0.16666666666666666 0.6148148148148148
0 0.63359375 0.44212962962962965 0.3953125 0.06388888888888888
0 0.7825520833333334 0.6041666666666666 0.20052083333333334 0.1824074074074074
0 0.0671875 0.8342592592592593 0.08229166666666667 0.3314814814814815
0 0.4 0.9060185185185186 0.075 0.18796296296296297
