0 0.19947916666666668 0.01712962962962963 0.10104166666666667 0.03425925925925926
0 0.31354166666666666 0.03796296296296296 0.03958333333333333 0.07592592592592592
0 0.39375 0.10601851851851851 0.03854166666666667 0.21203703703703702
0 0.5638020833333334 0.020370370370370372 0.2630208333333333 0.040740740740740744
0 0.25104166666666666 0.1699074074074074 0.3229166666666667 0.19166666666666668
0 0.5783854166666667 0.19444444444444445 0.30572916666666666 0.044444444444444446
0 0.18046875 0.49722222222222223 0.25885416666666666 0.4722222222222222
0 0.5924479166666666 0.5828703703703704 0.5182291666666666 0.28425925925925927
0 0.05182291666666667 0.7222222222222222 0.10364583333333334 0.08148148148148149
0 0.22421875 0.9199074074074074 0.4484375 0.13055555555555556
0 0.66796875 0.9351851851851852 0.5307291666666667 0.1111111111111111
