0 0.17604166666666668 0.02361111111111111 0.140625 0.04722222222222222
0 0.5861979166666667 0.027777777777777776 0.3109375 0.05555555555555555
0 0.57734375 0.11018518518518519 0.3880208333333333 0.04814814814814815
0 0.4708333333333333 0.3736111111111111 0.775 0.5694444444444444
0 0.5791666666666667 0.21388888888888888 0.309375 0.046296296296296294
0 0.016145833333333335 0.2967592592592593 0.03229166666666667 0.11018518518518519
0 0.17369791666666667 0.5277777777777778 0.26197916666666665 0.49074074074074076
0 0.26796875 0.4009259259259259 0.15364583333333334 0.13518518518518519
0 0.6294270833333333 0.3925925925925926 0.3859375 0.06296296296296296
0 0.016145833333333335 0.6069444444444444 0.03229166666666667 0.11944444444444445
0 0.6619791666666667 0.9097222222222222 0.2864583333333333 0.08981481481481482
0 0.33489583333333334 0.9555555555555556 0.027083333333333334 0.08888888888888889
0 0.6028645833333334 0.9629629629629629 0.40677083333333336 0.07407407407407407
0 0.8338541666666667 0.9675925925925926 0.13020833333333334 0.06481481481481481
