0 0.12369791666666667 0.06481481481481481 0.05572916666666667 0.12962962962962962
0 0.3067708333333333 0.05740740740740741 0.16770833333333332 0.11481481481481481
0 0.49713541666666666 0.03333333333333333 0.09635416666666667 0.06666666666666667
0 0.61796875 0.011574074074074073 0.2609375 0.023148148148148147
0 0.19348958333333333 0.37916666666666665 0.38697916666666665 0.7212962962962963
0 0.6166666666666667 0.1814814814814815 0.32708333333333334 0.06666666666666667
0 0.5622395833333333 0.412962962962963 0.39114583333333336 0.4925925925925926
0 0.6315104166666666 0.2916666666666667 0.3703125 0.1388888888888889
0 0.06536458333333334 0.8342592592592593 0.13072916666666667 0.3314814814814815
0 0.6088541666666667 0.8819444444444444 0.6572916666666667 0.13240740740740742
