0 0.275 0.16666666666666666 0.07604166666666666 0.3333333333333333
0 0.7744791666666667 0.10601851851851851 0.05625 0.21203703703703702
0 0.3609375 0.32685185185185184 0.06145833333333333 0.43703703703703706
0 0.12161458333333333 0.2212962962962963 0.13177083333333334 0.09074074074074075
0 0.5934895833333333 0.2412037037037037 0.36822916666666666 0.07314814814814814
0 0.18854166666666666 0.4837962962962963 0.3770833333333333 0.29907407407407405
0 0.5901041666666667 0.5180555555555556 0.3875 0.0712962962962963
0 0.015885416666666666 0.9597222222222223 0.03177083333333333 0.08055555555555556
0 0.3875 0.9689814814814814 0.24895833333333334 0.062037037037037036
0 0.7885416666666667 0.975 0.09583333333333334 0.05
