0 0.5744791666666667 0.03518518518518519 0.3614583333333333 0.040740740740740744
0 0.4708333333333333 0.2564814814814815 0.7145833333333333 0.47962962962962963
0 0.5765625 0.125 0.2875 0.040740740740740744
0 0.03515625 0.2601851851851852 0.0703125 0.22407407407407406
0 0.2046875 0.38657407407407407 0.24791666666666667 0.4064814814814815
0 0.290625 0.28379629629629627 0.13854166666666667 0.11388888888888889
0 0.6216145833333333 0.2773148148148148 0.35260416666666666 0.05277777777777778
0 0.0390625 0.5805555555555556 0.078125 0.35
0 0.6481770833333333 0.6990740740740741 0.2546875 0.07222222222222222
0 0.35052083333333334 0.850925925925926 0.040625 0.29814814814814816
0 0.65546875 0.7578703703703704 0.4817708333333333 0.09351851851851851
0 0.6588541666666666 0.9111111111111111 0.51875 0.17777777777777778
