0 0.6234375 0.3101851851851852 0.4427083333333333 0.6203703703703703
0 0.09583333333333334 0.125 0.07916666666666666 0.2462962962962963
0 0.32526041666666666 0.22361111111111112 0.11614583333333334 0.3712962962962963
0 0.6080729166666666 0.06851851851851852 0.2921875 0.03333333333333333
0 0.7143229166666667 0.15462962962962962 0.14114583333333333 0.09259259259259259
0 0.16875 0.44583333333333336 0.12916666666666668 0.5138888888888888
0 0.038802083333333334 0.2865740740740741 0.0390625 0.11203703703703703
0 0.4817708333333333 0.33240740740740743 0.13229166666666667 0.1425925925925926
0 0.05234375 0.5319444444444444 0.1046875 0.41574074074074074
0 0.37083333333333335 0.7 0.06458333333333334 0.6
0 0.7223958333333333 0.5643518518518519 0.23333333333333334 0.1398148148148148
0 0.6494791666666667 0.7421296296296296 0.478125 0.10648148148148148
