0 0.14192708333333334 0.022222222222222223 0.0640625 0.044444444444444446
0 0.34322916666666664 0.04583333333333333 0.2916666666666667 0.075
0 0.6080729166666666 0.06805555555555555 0.2921875 0.03611111111111111
0 0.7140625 0.1527777777777778 0.14166666666666666 0.09444444444444444
0 0.6033854166666667 0.21712962962962962 0.3859375 0.1175925925925926
0 0.20598958333333334 0.25601851851851853 0.3984375 0.06574074074074074
0 0.615625 0.48564814814814816 0.48854166666666665 0.39537037037037037
0 0.024739583333333332 0.5888888888888889 0.049479166666666664 0.07037037037037037
0 0.041666666666666664 0.6287037037037037 0.08333333333333333 0.07037037037037037
0 0.60703125 0.8310185185185185 0.6390625 0.12685185185185185
