0 0.140625 0.044444444444444446 0.13125 0.08888888888888889
0 0.2947916666666667 0.09675925925925925 0.17083333333333334 0.1935185185185185
0 0.5760416666666667 0.06805555555555555 0.3729166666666667 0.04537037037037037
0 0.646875 0.14212962962962963 0.26875 0.062037037037037036
0 0.6518229166666667 0.5569444444444445 0.5661458333333333 0.8861111111111111
0 0.029947916666666668 0.2810185185185185 0.059895833333333336 0.18425925925925926
0 0.28072916666666664 0.5259259259259259 0.14479166666666668 0.5722222222222222
0 0.6229166666666667 0.28564814814814815 0.35208333333333336 0.05092592592592592
0 0.753125 0.41203703703703703 0.175 0.14074074074074075
0 0.09427083333333333 0.7314814814814815 0.13541666666666666 0.5370370370370371
0 0.46796875 0.687037037037037 0.16510416666666666 0.22962962962962963
0 0.34869791666666666 0.8953703703703704 0.028645833333333332 0.20925925925925926
0 0.66015625 0.975 0.06614583333333333 0.05
