0 0.41901041666666666 0.020370370370370372 0.06197916666666667 0.040740740740740744
0 0.6080729166666666 0.024074074074074074 0.2859375 0.046296296296296294
0 0.36276041666666664 0.11990740740740741 0.3026041666666667 0.22685185185185186
0 0.6640625 0.10324074074074074 0.10625 0.06388888888888888
0 0.54140625 0.15648148148148147 0.3098958333333333 0.09074074074074075
0 0.2872395833333333 0.2935185185185185 0.18177083333333333 0.07592592592592592
0 0.540625 0.34629629629629627 0.29375 0.1037037037037037
0 0.46848958333333335 0.538425925925926 0.6953125 0.175
0 0.51875 0.8115740740740741 0.01875 0.3768518518518518
0 0.03515625 0.9023148148148148 0.0484375 0.19537037037037036
0 0.3260416666666667 0.9111111111111111 0.19166666666666668 0.17777777777777778
0 0.7638020833333333 0.9425925925925925 0.2734375 0.11481481481481481
