0 0.5588541666666667 0.11527777777777778 0.08958333333333333 0.23055555555555557
0 0.6752604166666667 0.011111111111111112 0.12135416666666667 0.022222222222222223
0 0.4122395833333333 0.016203703703703703 0.19947916666666668 0.023148148148148147
0 0.6567708333333333 0.1574074074074074 0.19166666666666668 0.25555555555555554
0 0.28671875 0.06342592592592593 0.0796875 0.062037037037037036
0 0.3489583333333333 0.1375 0.115625 0.075
0 0.46380208333333334 0.41759259259259257 0.25364583333333335 0.412962962962963
0 0.21770833333333334 0.31527777777777777 0.14270833333333333 0.10462962962962963
0 0.3302083333333333 0.3194444444444444 0.10729166666666666 0.1037037037037037
0 0.5786458333333333 0.31666666666666665 0.234375 0.03888888888888889
0 0.6606770833333333 0.7097222222222223 0.47552083333333334 0.5805555555555556
0 0.2734375 0.5726851851851852 0.37916666666666665 0.2675925925925926
0 0.07291666666666667 0.8430555555555556 0.13645833333333332 0.3138888888888889
0 0.709375 0.9745370370370371 0.05416666666666667 0.05092592592592592
