0 0.6484375 0.03888888888888889 0.125 0.07777777777777778
0 0.4765625 0.15601851851851853 0.20416666666666666 0.25277777777777777
0 0.28072916666666664 0.0962962962962963 0.11770833333333333 0.06851851851851852
0 0.37057291666666664 0.09953703703703703 0.08802083333333334 0.06759259259259259
0 0.5692708333333333 0.09814814814814815 0.18645833333333334 0.025925925925925925
0 0.6341145833333334 0.34074074074074073 0.3609375 0.3592592592592593
0 0.33229166666666665 0.2518518518518518 0.29791666666666666 0.15555555555555556
0 0.2890625 0.5324074074074074 0.28958333333333336 0.43148148148148147
0 0.209375 0.6856481481481481 0.30520833333333336 0.45092592592592595
0 0.7604166666666666 0.6587962962962963 0.140625 0.09351851851851851
0 0.6950520833333333 0.8462962962962963 0.5921875 0.18518518518518517
