0 0.3807291666666667 0.037037037037037035 0.026041666666666668 0.07407407407407407
0 0.66484375 0.014351851851851852 0.08385416666666666 0.028703703703703703
0 0.55703125 0.07314814814814814 0.2140625 0.027777777777777776
0 0.4083333333333333 0.24675925925925926 0.46458333333333335 0.3398148148148148
0 0.615625 0.1763888888888889 0.10729166666666666 0.06388888888888888
0 0.6018229166666667 0.29074074074074074 0.22135416666666666 0.12777777777777777
0 0.18020833333333333 0.33935185185185185 0.15416666666666667 0.08425925925925926
0 0.70625 0.4601851851851852 0.3177083333333333 0.10740740740740741
0 0.5783854166666667 0.7189814814814814 0.1546875 0.562037037037037
0 0.3372395833333333 0.5037037037037037 0.3255208333333333 0.05925925925925926
0 0.81796875 0.7717592592592593 0.1109375 0.4564814814814815
0 0.11927083333333334 0.6351851851851852 0.12395833333333334 0.17222222222222222
0 0.20625 0.8652777777777778 0.19270833333333334 0.23981481481481481
0 0.6536458333333334 0.8888888888888888 0.13854166666666667 0.2222222222222222
