0 0.4817708333333333 0.031018518518518518 0.2520833333333333 0.062037037037037036
0 0.60234375 0.016203703703703703 0.1203125 0.032407407407407406
0 0.28020833333333334 0.022685185185185187 0.1125 0.04351851851851852
0 0.6354166666666666 0.21574074074074073 0.246875 0.32037037037037036
0 0.39947916666666666 0.10277777777777777 0.221875 0.02962962962962963
0 0.6739583333333333 0.2847222222222222 0.21875 0.32685185185185184
0 0.25833333333333336 0.16111111111111112 0.0875 0.07592592592592592
0 0.3255208333333333 0.25555555555555554 0.12916666666666668 0.0962962962962963
0 0.4544270833333333 0.637962962962963 0.2921875 0.5740740740740741
0 0.16822916666666668 0.4888888888888889 0.16145833333333334 0.1425925925925926
0 0.2984375 0.49444444444444446 0.121875 0.1388888888888889
0 0.58671875 0.4898148148148148 0.27239583333333334 0.05
0 0.7153645833333333 0.8162037037037037 0.5109375 0.3675925925925926
0 0.21875 0.8300925925925926 0.4354166666666667 0.3398148148148148
