0 0.32864583333333336 0.0787037037037037 0.11041666666666666 0.1574074074074074
0 0.4901041666666667 0.06944444444444445 0.18854166666666666 0.1388888888888889
0 0.6338541666666667 0.009259259259259259 0.09791666666666667 0.018518518518518517
0 0.625 0.14722222222222223 0.19166666666666668 0.03518518518518519
0 0.371875 0.17222222222222222 0.25104166666666666 0.040740740740740744
0 0.5700520833333333 0.2111111111111111 0.25677083333333334 0.06481481481481481
0 0.48854166666666665 0.6134259259259259 0.3927083333333333 0.7731481481481481
0 0.21770833333333334 0.600925925925926 0.08541666666666667 0.5462962962962963
0 0.71484375 0.40555555555555556 0.1171875 0.04814814814814815
0 0.42161458333333335 0.4625 0.1234375 0.1361111111111111
0 0.8169270833333333 0.7546296296296297 0.12447916666666667 0.49074074074074076
0 0.6473958333333333 0.9629629629629629 0.020833333333333332 0.07407407407407407
