0 0.49114583333333334 0.03194444444444444 0.43020833333333336 0.06388888888888888
0 0.4234375 0.20462962962962963 0.34375 0.28888888888888886
0 0.13802083333333334 0.5611111111111111 0.2635416666666667 0.8777777777777778
0 0.41744791666666664 0.1884259259259259 0.10989583333333333 0.12129629629629629
0 0.6565104166666667 0.16620370370370371 0.1484375 0.03796296296296296
0 0.37916666666666665 0.6407407407407407 0.353125 0.7185185185185186
0 0.49505208333333334 0.43425925925925923 0.3296875 0.044444444444444446
0 0.6583333333333333 0.5203703703703704 0.13020833333333334 0.11851851851851852
0 0.49557291666666664 0.7388888888888889 0.29739583333333336 0.5222222222222223
0 0.7447916666666666 0.7134259259259259 0.21458333333333332 0.1175925925925926
