0 0.36484375 0.09490740740740741 0.2109375 0.18981481481481483
0 0.5666666666666667 0.04722222222222222 0.17708333333333334 0.09444444444444444
0 0.32005208333333335 0.15787037037037038 0.21822916666666667 0.18611111111111112
0 0.67890625 0.1527777777777778 0.09114583333333333 0.03888888888888889
0 0.6283854166666667 0.22592592592592592 0.35989583333333336 0.07037037037037037
0 0.30755208333333334 0.3888888888888889 0.4015625 0.38333333333333336
0 0.7028645833333333 0.35555555555555557 0.1390625 0.1037037037037037
0 0.5473958333333333 0.44537037037037036 0.4083333333333333 0.1574074074074074
0 0.19765625 0.6944444444444444 0.2453125 0.1425925925925926
0 0.5486979166666667 0.7986111111111112 0.41510416666666666 0.20462962962962963
