0 0.5559895833333334 0.01898148148148148 0.16614583333333333 0.03796296296296296
0 0.48828125 0.10046296296296296 0.4671875 0.0787037037037037
0 0.4119791666666667 0.3138888888888889 0.38333333333333336 0.3537037037037037
0 0.12135416666666667 0.5976851851851852 0.24270833333333333 0.775
0 0.40572916666666664 0.29074074074074074 0.11979166666666667 0.14814814814814814
0 0.66953125 0.26342592592592595 0.1640625 0.04537037037037037
0 0.35598958333333336 0.7027777777777777 0.4078125 0.5944444444444444
0 0.4901041666666667 0.6018518518518519 0.37604166666666666 0.05555555555555555
0 0.6770833333333334 0.7143518518518519 0.14791666666666667 0.15648148148148147
0 0.5653645833333333 0.8287037037037037 0.033854166666666664 0.3425925925925926
0 0.8515625 0.9476851851851852 0.11354166666666667 0.10462962962962963
