0 0.5677083333333334 0.05694444444444444 0.18125 0.11388888888888889
0 0.3611979166666667 0.11296296296296296 0.2140625 0.20185185185185187
0 0.31484375 0.18101851851851852 0.22239583333333332 0.19537037037037036
0 0.6825520833333333 0.175 0.09322916666666667 0.040740740740740744
0 0.63125 0.2518518518518518 0.3697916666666667 0.07407407407407407
0 0.3 0.42592592592592593 0.415625 0.4074074074074074
0 0.7080729166666667 0.3888888888888889 0.14322916666666666 0.1111111111111111
0 0.5484375 0.4842592592592593 0.421875 0.16666666666666666
0 0.18463541666666666 0.7527777777777778 0.25364583333333335 0.1537037037037037
0 0.5497395833333333 0.8652777777777778 0.4328125 0.22314814814814815
