0 0.365625 0.02824074074074074 0.06875 0.05648148148148148
0 0.61484375 0.049074074074074076 0.1703125 0.027777777777777776
0 0.39036458333333335 0.06851851851851852 0.2234375 0.03333333333333333
0 0.565625 0.09861111111111111 0.22708333333333333 0.05092592592592592
0 0.49557291666666664 0.5555555555555556 0.3296875 0.8888888888888888
0 0.2677083333333333 0.38333333333333336 0.05625 0.3888888888888889
0 0.6893229166666667 0.24722222222222223 0.1015625 0.03518518518518519
0 0.43776041666666665 0.28888888888888886 0.1046875 0.1
0 0.7861979166666667 0.5939814814814814 0.12864583333333332 0.5416666666666666
0 0.6421875 0.8064814814814815 0.051041666666666666 0.387037037037037
0 0.10755208333333334 0.9763888888888889 0.033854166666666664 0.04722222222222222
