0 0.3484375 0.06666666666666667 0.184375 0.13333333333333333
0 0.4197916666666667 0.04259259259259259 0.11458333333333333 0.08518518518518518
0 0.66328125 0.055092592592592596 0.08177083333333333 0.03425925925925926
0 0.6169270833333333 0.11296296296296296 0.31927083333333334 0.05555555555555555
0 0.33932291666666664 0.23657407407407408 0.3453125 0.2898148148148148
0 0.6809895833333334 0.21342592592592594 0.1203125 0.08055555555555556
0 0.54375 0.2814814814814815 0.353125 0.11666666666666667
0 0.24947916666666667 0.462037037037037 0.20833333333333334 0.10185185185185185
0 0.54375 0.5347222222222222 0.34479166666666666 0.14351851851851852
0 0.45729166666666665 0.8050925925925926 0.8322916666666667 0.25462962962962965
