0 0.2265625 0.3648148148148148 0.16979166666666667 0.7296296296296296
0 0.44166666666666665 0.03518518518518519 0.08020833333333334 0.07037037037037037
0 0.44192708333333336 0.06851851851851852 0.2828125 0.13703703703703704
0 0.6359375 0.013425925925925926 0.12395833333333334 0.026851851851851852
0 0.4434895833333333 0.38657407407407407 0.3380208333333333 0.5898148148148148
0 0.50234375 0.19212962962962962 0.26197916666666665 0.028703703703703703
0 0.63125 0.24444444444444444 0.10416666666666667 0.07407407407407407
0 0.6934895833333333 0.36018518518518516 0.1640625 0.06851851851851852
0 0.68359375 0.7069444444444445 0.3109375 0.0824074074074074
0 0.2716145833333333 0.774537037037037 0.40677083333333336 0.10648148148148148
0 0.5927083333333333 0.8833333333333333 0.43333333333333335 0.17962962962962964
0 0.24479166666666666 0.9648148148148148 0.12291666666666666 0.07037037037037037
