0 0.37734375 0.046296296296296294 0.027604166666666666 0.09259259259259259
0 0.6510416666666666 0.022222222222222223 0.11770833333333333 0.044444444444444446
0 0.5578125 0.09212962962962963 0.21875 0.028703703703703703
0 0.40598958333333335 0.27546296296296297 0.4765625 0.35833333333333334
0 0.6177083333333333 0.19953703703703704 0.11041666666666666 0.06759259259259259
0 0.6041666666666666 0.32083333333333336 0.228125 0.13425925925925927
0 0.17057291666666666 0.37175925925925923 0.1578125 0.08981481481481482
0 0.7119791666666667 0.500462962962963 0.32916666666666666 0.11388888888888889
0 0.5799479166666667 0.7375 0.1609375 0.525
0 0.3307291666666667 0.5467592592592593 0.33645833333333336 0.06388888888888888
0 0.8221354166666667 0.7949074074074074 0.10260416666666666 0.4101851851851852
0 0.10364583333333334 0.6875 0.128125 0.18611111111111112
0 0.13984375 0.9037037037037037 0.09427083333333333 0.1925925925925926
0 0.6421875 0.9217592592592593 0.11145833333333334 0.15648148148148147
