0 0.41484375 0.0060185185185185185 0.1953125 0.012037037037037037
0 0.5583333333333333 0.10277777777777777 0.0875 0.20555555555555555
0 0.6536458333333334 0.1361111111111111 0.18645833333333334 0.24259259259259258
0 0.29192708333333334 0.04583333333333333 0.07864583333333333 0.058333333333333334
0 0.353125 0.1175925925925926 0.11354166666666667 0.07222222222222222
0 0.46536458333333336 0.38055555555555554 0.24739583333333334 0.3907407407407407
0 0.22630208333333332 0.28564814814814815 0.1390625 0.10092592592592593
0 0.3359375 0.2898148148148148 0.10520833333333333 0.1
0 0.5776041666666667 0.2865740740740741 0.228125 0.03611111111111111
0 0.6572916666666667 0.6888888888888889 0.459375 0.6074074074074074
0 0.28125 0.5277777777777778 0.36875 0.24814814814814815
0 0.10755208333333334 0.8166666666666667 0.16510416666666666 0.36666666666666664
