0 0.39401041666666664 0.022222222222222223 0.2484375 0.044444444444444446
0 0.6111979166666667 0.0125 0.10989583333333333 0.025
0 0.33515625 0.08425925925925926 0.14635416666666667 0.05
0 0.5377604166666666 0.1175925925925926 0.2328125 0.06666666666666667
0 0.4822916666666667 0.23287037037037037 0.5375 0.10462962962962963
0 0.38828125 0.5370370370370371 0.46510416666666665 0.5111111111111111
0 0.10885416666666667 0.6912037037037037 0.1625 0.6175925925925926
0 0.38307291666666665 0.49722222222222223 0.14114583333333333 0.21296296296296297
0 0.6966145833333334 0.45601851851851855 0.1953125 0.06574074074074074
0 0.20390625 0.8319444444444445 0.0484375 0.33611111111111114
0 0.4791666666666667 0.961574074074074 0.478125 0.07685185185185185
