0 0.31536458333333334 0.1111111111111111 0.11614583333333334 0.2222222222222222
0 0.47630208333333335 0.10046296296296296 0.2234375 0.20092592592592592
0 0.6481770833333333 0.046296296296296294 0.11927083333333334 0.03888888888888889
0 0.6315104166666666 0.21157407407407408 0.2046875 0.03796296296296296
0 0.3606770833333333 0.24074074074074073 0.2682291666666667 0.046296296296296294
0 0.57265625 0.2851851851851852 0.27760416666666665 0.07407407407407407
0 0.48333333333333334 0.6518518518518519 0.43854166666666666 0.6962962962962963
0 0.18854166666666666 0.7111111111111111 0.096875 0.5777777777777777
0 0.73203125 0.5138888888888888 0.12760416666666666 0.05555555555555555
0 0.41067708333333336 0.5819444444444445 0.13697916666666668 0.1638888888888889
0 0.82109375 0.8189814814814815 0.08697916666666666 0.36203703703703705
