0 0.234375 0.337037037037037 0.16041666666666668 0.674074074074074
0 0.4432291666666667 0.02638888888888889 0.07708333333333334 0.05277777777777778
0 0.4440104166666667 0.0587962962962963 0.2755208333333333 0.1175925925925926
0 0.44609375 0.35138888888888886 0.3296875 0.5564814814814815
0 0.5036458333333333 0.16898148148148148 0.25729166666666664 0.026851851851851852
0 0.6291666666666667 0.2199074074074074 0.10104166666666667 0.0712962962962963
0 0.6890625 0.3287037037037037 0.159375 0.06481481481481481
0 0.67734375 0.6527777777777778 0.2994791666666667 0.07777777777777778
0 0.28151041666666665 0.7152777777777778 0.3921875 0.09722222222222222
0 0.5908854166666667 0.8157407407407408 0.41510416666666666 0.1648148148148148
0 0.30911458333333336 0.9296296296296296 0.22135416666666666 0.14074074074074075
0 0.5901041666666667 0.9430555555555555 0.017708333333333333 0.11388888888888889
