0 0.2708333333333333 0.22453703703703703 0.13333333333333333 0.44907407407407407
0 0.4546875 0.20879629629629629 0.28958333333333336 0.41759259259259257
0 0.5140625 0.013425925925925926 0.12604166666666666 0.026851851851851852
0 0.50625 0.06851851851851852 0.228125 0.022222222222222223
0 0.6182291666666667 0.1087962962962963 0.090625 0.05462962962962963
0 0.66953125 0.19305555555555556 0.14010416666666667 0.05092592592592592
0 0.6546875 0.43333333333333335 0.2520833333333333 0.05740740740740741
0 0.32083333333333336 0.47685185185185186 0.3302083333333333 0.06851851851851852
0 0.5815104166666667 0.5467592592592593 0.3453125 0.11574074074074074
0 0.4986979166666667 0.788425925925926 0.48385416666666664 0.42314814814814816
0 0.128125 0.8837962962962963 0.04375 0.2324074074074074
0 0.5291666666666667 0.9185185185185185 0.01875 0.16296296296296298
0 0.79765625 0.924074074074074 0.16927083333333334 0.09444444444444444
0 0.43046875 0.950925925925926 0.0640625 0.09814814814814815
