0 0.38776041666666666 0.04027777777777778 0.2578125 0.08055555555555556
0 0.54921875 0.028703703703703703 0.24427083333333333 0.05740740740740741
0 0.3265625 0.12314814814814815 0.153125 0.053703703703703705
0 0.53828125 0.15925925925925927 0.24427083333333333 0.07222222222222222
0 0.47942708333333334 0.2875 0.5651041666666666 0.11574074074074074
0 0.37838541666666664 0.6356481481481482 0.5015625 0.5861111111111111
0 0.10494791666666667 0.7273148148148149 0.12552083333333333 0.5453703703703704
0 0.3731770833333333 0.5861111111111111 0.14947916666666666 0.24259259259259258
0 0.7075520833333333 0.5393518518518519 0.2078125 0.07314814814814814
0 0.18125 0.8888888888888888 0.04375 0.2222222222222222
