0 0.4434895833333333 0.018055555555555554 0.1015625 0.03611111111111111
0 0.5848958333333333 0.06666666666666667 0.21770833333333334 0.13333333333333333
0 0.3575520833333333 0.1337962962962963 0.21822916666666667 0.2101851851851852
0 0.30963541666666666 0.20601851851851852 0.2265625 0.2064814814814815
0 0.6861979166666666 0.19814814814814816 0.09635416666666667 0.04259259259259259
0 0.6341145833333334 0.27870370370370373 0.3807291666666667 0.07777777777777778
0 0.2921875 0.4648148148148148 0.43020833333333336 0.43333333333333335
0 0.71328125 0.4236111111111111 0.1484375 0.11944444444444445
0 0.5494791666666666 0.5259259259259259 0.43645833333333334 0.17777777777777778
0 0.17109375 0.8148148148148148 0.2640625 0.16666666666666666
0 0.5057291666666667 0.9078703703703703 0.3614583333333333 0.18425925925925926
0 0.68203125 0.9587962962962963 0.09739583333333333 0.0824074074074074
