0 0.37421875 0.0712962962962963 0.19427083333333334 0.1425925925925926
0 0.6 0.010185185185185186 0.11354166666666667 0.020370370370370372
0 0.5020833333333333 0.08935185185185185 0.11770833333333333 0.06944444444444445
0 0.30859375 0.3449074074074074 0.0578125 0.36574074074074076
0 0.17083333333333334 0.22870370370370371 0.10833333333333334 0.07037037037037037
0 0.59765625 0.33194444444444443 0.3848958333333333 0.175
0 0.5713541666666667 0.525 0.33229166666666665 0.06111111111111111
0 0.21848958333333332 0.7680555555555556 0.43697916666666664 0.4638888888888889
0 0.6692708333333334 0.7907407407407407 0.17395833333333333 0.17407407407407408
0 0.50234375 0.9671296296296297 0.08072916666666667 0.06574074074074074
