0 0.30104166666666665 0.027314814814814816 0.109375 0.05462962962962963
0 0.38385416666666666 0.028703703703703703 0.08125 0.05740740740740741
0 0.5057291666666667 0.08981481481481482 0.13854166666666667 0.17962962962962964
0 0.5658854166666667 0.027314814814814816 0.17135416666666667 0.021296296296296296
0 0.6247395833333333 0.22546296296296298 0.3255208333333333 0.287962962962963
0 0.3502604166666667 0.15416666666666667 0.2713541666666667 0.12685185185185185
0 0.3151041666666667 0.37546296296296294 0.2635416666666667 0.33611111111111114
0 0.24921875 0.4925925925925926 0.2765625 0.3425925925925926
0 0.7309895833333333 0.475462962962963 0.1234375 0.0712962962962963
0 0.6697916666666667 0.6138888888888889 0.5052083333333334 0.13518518518518519
0 0.05286458333333333 0.7800925925925926 0.0640625 0.4398148148148148
0 0.78359375 0.8814814814814815 0.20989583333333334 0.2222222222222222
0 0.3424479166666667 0.9527777777777777 0.1796875 0.09444444444444444
0 0.5151041666666667 0.9675925925925926 0.06979166666666667 0.06481481481481481
