0 0.37057291666666664 0.09212962962962963 0.28802083333333334 0.18425925925925926
0 0.6361979166666667 0.006944444444444444 0.2109375 0.013888888888888888
0 0.65859375 0.06620370370370371 0.1015625 0.058333333333333334
0 0.5403645833333334 0.11388888888888889 0.29635416666666664 0.08333333333333333
0 0.29973958333333334 0.23796296296296296 0.17239583333333333 0.06851851851851852
0 0.53984375 0.2851851851851852 0.27760416666666665 0.09444444444444444
0 0.47213541666666664 0.4546296296296296 0.6526041666666667 0.1537037037037037
0 0.5229166666666667 0.7643518518518518 0.025 0.47129629629629627
0 0.059895833333333336 0.8425925925925926 0.07291666666666667 0.3148148148148148
0 0.3424479166666667 0.85 0.17760416666666667 0.3
0 0.74453125 0.8064814814814815 0.25052083333333336 0.10555555555555556
