0 0.4674479166666667 0.058333333333333334 0.022395833333333334 0.11666666666666667
0 0.61875 0.15416666666666667 0.30416666666666664 0.2490740740740741
0 0.3614583333333333 0.09305555555555556 0.2552083333333333 0.11018518518518519
0 0.33151041666666664 0.2814814814814815 0.24635416666666668 0.2851851851851852
0 0.27265625 0.3787037037037037 0.2578125 0.2833333333333333
0 0.7138020833333333 0.36712962962962964 0.11302083333333333 0.058333333333333334
0 0.65546875 0.48148148148148145 0.4557291666666667 0.1111111111111111
0 0.25026041666666665 0.7185185185185186 0.5005208333333333 0.562962962962963
0 0.7549479166666667 0.6953703703703704 0.18489583333333334 0.17592592592592593
0 0.5583333333333333 0.8523148148148149 0.5479166666666667 0.27685185185185185
