0 0.384375 0.028703703703703703 0.027083333333333334 0.05740740740740741
0 0.5565104166666667 0.055092592592592596 0.20989583333333334 0.026851851851851852
0 0.41067708333333336 0.22083333333333333 0.45364583333333336 0.32314814814814813
0 0.6135416666666667 0.1537037037037037 0.10416666666666667 0.06111111111111111
0 0.6 0.2625 0.215625 0.12129629629629629
0 0.19036458333333334 0.30833333333333335 0.15052083333333333 0.07962962962962963
0 0.7002604166666667 0.4222222222222222 0.3078125 0.10185185185185185
0 0.5763020833333333 0.700462962962963 0.1484375 0.5990740740740741
0 0.34348958333333335 0.4634259259259259 0.3151041666666667 0.05648148148148148
0 0.8190104166666666 0.750462962962963 0.12864583333333332 0.49907407407407406
0 0.13385416666666666 0.5856481481481481 0.11979166666666667 0.16018518518518518
0 0.21901041666666668 0.799074074074074 0.1859375 0.22037037037037038
0 0.684375 0.8597222222222223 0.20520833333333333 0.28055555555555556
