0 0.3455729166666667 0.05092592592592592 0.09427083333333333 0.10185185185185185
0 0.44114583333333335 0.04259259259259259 0.04479166666666667 0.08518518518518518
0 0.525 0.03564814814814815 0.11354166666666667 0.0712962962962963
0 0.6192708333333333 0.09351851851851851 0.18020833333333333 0.03148148148148148
0 0.38203125 0.11481481481481481 0.23489583333333333 0.037037037037037035
0 0.5677083333333334 0.14953703703703702 0.240625 0.05648148148148148
0 0.4921875 0.5819444444444445 0.3572916666666667 0.8361111111111111
0 0.24583333333333332 0.4787037037037037 0.06875 0.4537037037037037
0 0.70078125 0.3175925925925926 0.10885416666666667 0.040740740740740744
0 0.43072916666666666 0.36666666666666664 0.11354166666666667 0.11851851851851852
0 0.80703125 0.7027777777777777 0.1421875 0.5944444444444444
0 0.6427083333333333 0.8740740740740741 0.034375 0.2518518518518518
