0 0.39895833333333336 0.014351851851851852 0.20833333333333334 0.028703703703703703
0 0.5638020833333334 0.03981481481481482 0.21197916666666666 0.044444444444444446
0 0.5 0.4162037037037037 0.30104166666666665 0.7287037037037037
0 0.2916666666666667 0.28055555555555556 0.04479166666666667 0.32407407407407407
0 0.6770833333333334 0.16805555555555557 0.09270833333333334 0.030555555555555555
0 0.44583333333333336 0.2023148148148148 0.096875 0.08425925925925926
0 0.7591145833333334 0.45046296296296295 0.10677083333333333 0.43425925925925923
0 0.6583333333333333 0.7347222222222223 0.1 0.5305555555555556
0 0.22604166666666667 0.8416666666666667 0.15833333333333333 0.21296296296296297
0 0.13411458333333334 0.8944444444444445 0.05677083333333333 0.2111111111111111
