0 0.30807291666666664 0.12962962962962962 0.11927083333333334 0.25925925925925924
0 0.46328125 0.11805555555555555 0.25364583333333335 0.2361111111111111
0 0.59609375 0.014351851851851852 0.05677083333333333 0.028703703703703703
0 0.6510416666666666 0.07175925925925926 0.12291666666666666 0.03981481481481482
0 0.6354166666666666 0.24722222222222223 0.2125 0.040740740740740744
0 0.35442708333333334 0.27870370370370373 0.2786458333333333 0.05
0 0.5739583333333333 0.32731481481481484 0.2875 0.0824074074074074
0 0.48072916666666665 0.6736111111111112 0.465625 0.6527777777777778
0 0.17864583333333334 0.7375 0.08958333333333333 0.525
0 0.7419270833333333 0.5763888888888888 0.13385416666666666 0.062037037037037036
0 0.4041666666666667 0.6523148148148148 0.14479166666666668 0.1824074074074074
0 0.8265625 0.8569444444444444 0.07083333333333333 0.2861111111111111
