0 0.46901041666666665 0.10324074074074074 0.30364583333333334 0.2064814814814815
0 0.6033854166666667 0.03796296296296296 0.0921875 0.04814814814814815
0 0.5901041666666667 0.11851851851851852 0.18541666666666667 0.08888888888888889
0 0.2390625 0.15185185185185185 0.12916666666666668 0.05925925925925926
0 0.6544270833333333 0.43472222222222223 0.29322916666666665 0.47314814814814815
0 0.37447916666666664 0.262037037037037 0.2625 0.040740740740740744
0 0.709375 0.537962962962963 0.27395833333333336 0.4981481481481482
0 0.2046875 0.34629629629629627 0.10208333333333333 0.10925925925925926
0 0.2796875 0.48564814814814816 0.15520833333333334 0.14166666666666666
0 0.43463541666666666 0.8157407407407408 0.3723958333333333 0.3685185185185185
0 0.23177083333333334 0.8671296296296296 0.15104166666666666 0.23425925925925925
0 0.6033854166666667 0.8583333333333333 0.3536458333333333 0.08333333333333333
0 0.08177083333333333 0.9069444444444444 0.16354166666666667 0.1361111111111111
