0 0.34869791666666666 0.14629629629629629 0.03802083333333333 0.24814814814814815
0 0.22786458333333334 0.0699074074074074 0.09322916666666667 0.05092592592592592
0 0.58515625 0.14074074074074075 0.3182291666666667 0.11851851851851852
0 0.5630208333333333 0.2689814814814815 0.265625 0.03981481481481482
0 0.3859375 0.5625 0.590625 0.5731481481481482
0 0.6380208333333334 0.43194444444444446 0.13541666666666666 0.10277777777777777
0 0.625 0.625462962962963 0.2916666666666667 0.21944444444444444
0 0.08229166666666667 0.7421296296296296 0.16458333333333333 0.08611111111111111
0 0.7690104166666667 0.9162037037037037 0.4317708333333333 0.1675925925925926
0 0.39036458333333335 0.9805555555555555 0.06510416666666667 0.03888888888888889
