0 0.3927083333333333 0.062037037037037036 0.1625 0.12407407407407407
0 0.5645833333333333 0.020370370370370372 0.16666666666666666 0.040740740740740744
0 0.3333333333333333 0.09583333333333334 0.20625 0.16203703703703703
0 0.6692708333333334 0.09212962962962963 0.08541666666666667 0.03425925925925926
0 0.62109375 0.1550925925925926 0.3338541666666667 0.06018518518518518
0 0.32734375 0.29305555555555557 0.36614583333333334 0.32314814814814813
0 0.6890625 0.2662037037037037 0.12708333333333333 0.08796296296296297
0 0.5453125 0.34120370370370373 0.37395833333333334 0.13055555555555556
0 0.23072916666666668 0.5462962962962963 0.221875 0.11481481481481481
0 0.5447916666666667 0.6287037037037037 0.3697916666666667 0.16296296296296298
0 0.4518229166666667 0.8981481481481481 0.9036458333333334 0.2037037037037037
