0 0.2638020833333333 0.2439814814814815 0.13802083333333334 0.487962962962963
0 0.48333333333333334 0.022222222222222223 0.18854166666666666 0.044444444444444446
0 0.45286458333333335 0.2310185185185185 0.29635416666666664 0.44722222222222224
0 0.5057291666666667 0.0875 0.23333333333333334 0.023148148148148147
0 0.6203125 0.12916666666666668 0.09270833333333334 0.058333333333333334
0 0.6729166666666667 0.21805555555555556 0.14479166666666668 0.05277777777777778
0 0.6588541666666666 0.4722222222222222 0.2604166666666667 0.06111111111111111
0 0.3143229166666667 0.5185185185185185 0.3411458333333333 0.07407407407407407
0 0.5830729166666667 0.5944444444444444 0.3578125 0.12407407407407407
0 0.4981770833333333 0.812962962962963 0.5026041666666666 0.37407407407407406
0 0.1171875 0.9157407407407407 0.03333333333333333 0.1685185185185185
0 0.528125 0.9550925925925926 0.017708333333333333 0.08981481481481482
0 0.865625 0.975925925925926 0.059375 0.04814814814814815
