0 0.3776041666666667 0.044444444444444446 0.228125 0.08888888888888889
0 0.5875 0.1 0.23125 0.2
0 0.7 0.014814814814814815 0.1125 0.02962962962962963
0 0.3455729166666667 0.2023148148148148 0.23177083333333334 0.24351851851851852
0 0.29244791666666664 0.2847222222222222 0.24114583333333334 0.23796296296296296
0 0.6986979166666667 0.2763888888888889 0.1046875 0.05092592592592592
0 0.64375 0.37083333333333335 0.41458333333333336 0.09166666666666666
0 0.2635416666666667 0.5995370370370371 0.48020833333333335 0.5287037037037037
0 0.7322916666666667 0.5453703703703704 0.16458333333333333 0.1425925925925926
0 0.553125 0.6712962962962963 0.48541666666666666 0.22037037037037038
0 0.03125 0.9643518518518519 0.0625 0.0712962962962963
