0 0.39453125 0.014351851851851852 0.22239583333333332 0.028703703703703703
0 0.33958333333333335 0.06574074074074074 0.14479166666666668 0.046296296296296294
0 0.5372395833333333 0.09768518518518518 0.22760416666666666 0.06388888888888888
0 0.4828125 0.2074074074074074 0.5239583333333333 0.09814814814814815
0 0.39296875 0.4930555555555556 0.44947916666666665 0.47685185185185186
0 0.11041666666666666 0.674537037037037 0.17916666666666667 0.6509259259259259
0 0.38723958333333336 0.45694444444444443 0.13697916666666668 0.19907407407407407
0 0.6911458333333333 0.41898148148148145 0.18854166666666666 0.06018518518518518
0 0.2109375 0.8064814814814815 0.05520833333333333 0.387037037037037
0 0.4817708333333333 0.8921296296296296 0.45729166666666665 0.08055555555555556
0 0.7752604166666667 0.9717592592592592 0.0484375 0.05648148148148148
