0 0.47369791666666666 0.058333333333333334 0.27760416666666665 0.11666666666666667
0 0.58515625 0.04398148148148148 0.1703125 0.075
0 0.2643229166666667 0.07268518518518519 0.11822916666666666 0.049074074074074076
0 0.6591145833333333 0.1398148148148148 0.23177083333333334 0.05925925925925926
0 0.5643229166666667 0.3060185185185185 0.10885416666666667 0.35648148148148145
0 0.38958333333333334 0.1638888888888889 0.2375 0.03333333333333333
0 0.6877604166666667 0.37777777777777777 0.24010416666666667 0.3851851851851852
0 0.23776041666666667 0.23055555555555557 0.09322916666666667 0.08888888888888889
0 0.30833333333333335 0.34120370370370373 0.13854166666666667 0.11203703703703703
0 0.4471354166666667 0.7268518518518519 0.32135416666666666 0.5462962962962963
0 0.13125 0.6217592592592592 0.175 0.1712962962962963
0 0.27421875 0.6287037037037037 0.1328125 0.17222222222222222
0 0.5927083333333333 0.6226851851851852 0.3020833333333333 0.06018518518518518
0 0.7934895833333333 0.899074074074074 0.41302083333333334 0.20185185185185187
0 0.04583333333333333 0.9495370370370371 0.09166666666666666 0.10092592592592593
