0 0.37083333333333335 0.06620370370370371 0.028125 0.13240740740740742
0 0.5864583333333333 0.04027777777777778 0.2625 0.08055555555555556
0 0.5591145833333333 0.13148148148148148 0.2296875 0.03148148148148148
0 0.4015625 0.33564814814814814 0.5010416666666667 0.3990740740740741
0 0.6221354166666667 0.25 0.11510416666666666 0.07407407407407407
0 0.6083333333333333 0.3837962962962963 0.24166666666666667 0.1527777777777778
0 0.14791666666666667 0.4425925925925926 0.16666666666666666 0.1
0 0.72578125 0.5879629629629629 0.35260416666666666 0.12962962962962962
0 0.5854166666666667 0.7805555555555556 0.17083333333333334 0.4388888888888889
0 0.31536458333333334 0.6421296296296296 0.3609375 0.07314814814814814
0 0.8276041666666667 0.8458333333333333 0.07708333333333334 0.30833333333333335
0 0.06875 0.8050925925925926 0.1375 0.21574074074074073
0 0.07369791666666667 0.9726851851851852 0.04010416666666667 0.05462962962962963
