0 0.47604166666666664 0.03935185185185185 0.26666666666666666 0.0787037037037037
0 0.5950520833333334 0.02361111111111111 0.14010416666666667 0.04722222222222222
0 0.275 0.038425925925925926 0.11354166666666667 0.04537037037037037
0 0.6377604166666667 0.24212962962962964 0.2526041666666667 0.33796296296296297
0 0.3963541666666667 0.12222222222222222 0.22604166666666667 0.03148148148148148
0 0.2515625 0.1824074074074074 0.08958333333333333 0.08148148148148149
0 0.6778645833333333 0.3138888888888889 0.22552083333333334 0.34444444444444444
0 0.32005208333333335 0.2828703703703704 0.13177083333333334 0.09907407407407408
0 0.4515625 0.6916666666666667 0.3020833333333333 0.6166666666666667
0 0.15677083333333333 0.5300925925925926 0.165625 0.15092592592592594
0 0.2903645833333333 0.5370370370370371 0.12552083333333333 0.15
0 0.5885416666666666 0.5319444444444444 0.28125 0.05462962962962963
0 0.7239583333333334 0.8421296296296297 0.53125 0.31574074074074077
0 0.15572916666666667 0.8611111111111112 0.31145833333333334 0.2777777777777778
0 0.33515625 0.9569444444444445 0.0609375 0.08611111111111111
