0 0.4239583333333333 0.05 0.035416666666666666 0.1
0 0.5033854166666667 0.050462962962962966 0.11197916666666667 0.062037037037037036
0 0.3221354166666667 0.27824074074074073 0.0515625 0.32314814814814813
0 0.18932291666666667 0.17685185185185184 0.10364583333333334 0.06296296296296296
0 0.59375 0.26851851851851855 0.3625 0.1537037037037037
0 0.56875 0.43842592592592594 0.309375 0.05462962962962963
0 0.2296875 0.7240740740740741 0.428125 0.5518518518518518
0 0.6580729166666667 0.6657407407407407 0.1609375 0.14629629629629629
0 0.5786458333333333 0.8935185185185185 0.221875 0.21296296296296297
0 0.17708333333333334 0.9629629629629629 0.125 0.07407407407407407
0 0.8010416666666667 0.9722222222222222 0.052083333333333336 0.05555555555555555
