0 0.46979166666666666 0.03888888888888889 0.021875 0.07777777777777778
0 0.6158854166666666 0.11342592592592593 0.29010416666666666 0.22685185185185186
0 0.3684895833333333 0.05648148148148148 0.2453125 0.10185185185185185
0 0.34088541666666666 0.2273148148148148 0.23697916666666666 0.25462962962962965
0 0.28619791666666666 0.3148148148148148 0.24635416666666668 0.2537037037037037
0 0.703125 0.30416666666666664 0.10625 0.05277777777777778
0 0.6473958333333333 0.40555555555555556 0.4270833333333333 0.09814814814814815
0 0.25286458333333334 0.6513888888888889 0.5005208333333333 0.5694444444444444
0 0.7395833333333334 0.5921296296296297 0.17083333333333334 0.1527777777777778
0 0.5546875 0.7268518518518519 0.5041666666666667 0.2351851851851852
