0 0.6268229166666667 0.12916666666666668 0.2265625 0.25833333333333336
0 0.40989583333333335 0.03194444444444444 0.203125 0.025
0 0.6596354166666667 0.18055555555555555 0.19635416666666666 0.26666666666666666
0 0.28177083333333336 0.08101851851851852 0.08125 0.06388888888888888
0 0.34479166666666666 0.1597222222222222 0.11875 0.0787037037037037
0 0.4625 0.45601851851851855 0.26145833333333335 0.43796296296296294
0 0.20885416666666667 0.3458333333333333 0.146875 0.11018518518518519
0 0.32447916666666665 0.350462962962963 0.109375 0.11018518518518519
0 0.5802083333333333 0.3472222222222222 0.24166666666666667 0.040740740740740744
0 0.69140625 0.7287037037037037 0.4401041666666667 0.5425925925925926
0 0.2643229166666667 0.6217592592592592 0.3921875 0.2861111111111111
0 0.06171875 0.8717592592592592 0.1234375 0.2564814814814815
0 0.44583333333333336 0.9837962962962963 0.057291666666666664 0.032407407407407406
