0 0.296875 0.028703703703703703 0.07708333333333334 0.05740740740740741
0 0.5575520833333333 0.0912037037037037 0.0859375 0.1824074074074074
0 0.65078125 0.11527777777777778 0.18177083333333333 0.23055555555555557
0 0.35703125 0.09861111111111111 0.1109375 0.06944444444444445
0 0.4669270833333333 0.3476851851851852 0.24114583333333334 0.3675925925925926
0 0.23411458333333332 0.2574074074074074 0.1359375 0.09444444444444444
0 0.340625 0.26157407407407407 0.10208333333333333 0.09351851851851851
0 0.5760416666666667 0.2587962962962963 0.221875 0.03611111111111111
0 0.6536458333333334 0.6333333333333333 0.44375 0.5648148148148148
0 0.2890625 0.48564814814814816 0.3572916666666667 0.2324074074074074
0 0.14583333333333334 0.7925925925925926 0.20416666666666666 0.4148148148148148
