0 0.4703125 0.09027777777777778 0.296875 0.18055555555555555
0 0.6018229166666667 0.021296296296296296 0.09010416666666667 0.04259259259259259
0 0.5885416666666666 0.09722222222222222 0.18125 0.08703703703703704
0 0.24583333333333332 0.1300925925925926 0.12604166666666666 0.05648148148148148
0 0.66875 0.20787037037037037 0.25 0.06759259259259259
0 0.5674479166666667 0.4060185185185185 0.11822916666666666 0.425
0 0.37864583333333335 0.2351851851851852 0.25625 0.037037037037037035
0 0.7028645833333333 0.4925925925925926 0.2640625 0.4666666666666667
0 0.21354166666666666 0.3138888888888889 0.09895833333333333 0.1037037037037037
0 0.28828125 0.4449074074074074 0.15052083333333333 0.13240740740740742
0 0.43802083333333336 0.7902777777777777 0.3572916666666667 0.41944444444444445
0 0.08958333333333333 0.7893518518518519 0.17916666666666667 0.21574074074074073
0 0.24375 0.7976851851851852 0.14583333333333334 0.21388888888888888
0 0.6002604166666666 0.7898148148148149 0.3390625 0.07777777777777778
