0 0.30364583333333334 0.013425925925925926 0.09791666666666667 0.026851851851851852
0 0.42578125 0.04814814814814815 0.08697916666666666 0.0962962962962963
0 0.309375 0.05694444444444444 0.11770833333333333 0.049074074074074076
0 0.5651041666666666 0.0875 0.128125 0.05277777777777778
0 0.33515625 0.2587962962962963 0.24322916666666666 0.33240740740740743
0 0.6078125 0.19768518518518519 0.16041666666666668 0.04722222222222222
0 0.49453125 0.3337962962962963 0.15052083333333333 0.11203703703703703
0 0.22760416666666666 0.7287037037037037 0.09270833333333334 0.5425925925925926
0 0.058854166666666666 0.6041666666666666 0.11770833333333333 0.075
0 0.6296875 0.7777777777777778 0.540625 0.34074074074074073
