0 0.42994791666666665 0.03009259259259259 0.08489583333333334 0.06018518518518518
0 0.31796875 0.02546296296296296 0.11302083333333333 0.04351851851851852
0 0.5635416666666667 0.05277777777777778 0.125 0.046296296296296294
0 0.34348958333333335 0.20879629629629629 0.23177083333333334 0.30092592592592593
0 0.6046875 0.15462962962962962 0.153125 0.04259259259259259
0 0.49635416666666665 0.2777777777777778 0.14375 0.09814814814814815
0 0.23671875 0.6939814814814815 0.10364583333333334 0.612037037037037
0 0.0765625 0.49398148148148147 0.134375 0.11203703703703703
0 0.6213541666666667 0.6680555555555555 0.503125 0.2935185185185185
0 0.7151041666666667 0.9777777777777777 0.08333333333333333 0.044444444444444446
