0 0.3848958333333333 0.05 0.2635416666666667 0.1
0 0.659375 0.013425925925925926 0.07083333333333333 0.026851851851851852
0 0.5388020833333333 0.03981481481481482 0.2713541666666667 0.07037037037037037
0 0.3216145833333333 0.1439814814814815 0.15677083333333333 0.05648148148148148
0 0.5385416666666667 0.18194444444444444 0.25 0.07685185185185185
0 0.4783854166666667 0.31666666666666665 0.5807291666666666 0.12222222222222222
0 0.3723958333333333 0.6875 0.521875 0.625
0 0.09973958333333334 0.7472222222222222 0.11302083333333333 0.5055555555555555
0 0.36770833333333336 0.6356481481481482 0.15416666666666667 0.262037037037037
0 0.7138020833333333 0.5842592592592593 0.21510416666666668 0.07777777777777778
0 0.17161458333333332 0.9212962962962963 0.034895833333333334 0.1574074074074074
