0 0.25729166666666664 0.26481481481481484 0.14375 0.5296296296296297
0 0.453125 0.030555555555555555 0.25104166666666666 0.06111111111111111
0 0.4515625 0.25833333333333336 0.30416666666666664 0.4722222222222222
0 0.5046875 0.10648148148148148 0.23854166666666668 0.024074074074074074
0 0.6221354166666667 0.15046296296296297 0.09427083333333333 0.062037037037037036
0 0.6765625 0.24351851851851852 0.146875 0.05555555555555555
0 0.6627604166666666 0.5125 0.26927083333333335 0.062037037037037036
0 0.30703125 0.5643518518518519 0.35260416666666666 0.08055555555555556
0 0.58515625 0.6435185185185185 0.3703125 0.13148148148148148
0 0.4973958333333333 0.8384259259259259 0.5229166666666667 0.32314814814814813
0 0.10625 0.950462962962963 0.020833333333333332 0.09907407407407408
