0 0.5380208333333333 0.014351851851851852 0.134375 0.028703703703703703
0 0.6309895833333333 0.16805555555555557 0.2359375 0.2898148148148148
0 0.4044270833333333 0.06620370370370371 0.21302083333333333 0.026851851851851852
0 0.66640625 0.22962962962962963 0.2078125 0.29444444444444445
0 0.27005208333333336 0.11944444444444445 0.08489583333333334 0.07037037037037037
0 0.33515625 0.20555555555555555 0.1234375 0.08703703703703704
0 0.45859375 0.5402777777777777 0.2755208333333333 0.5009259259259259
0 0.18984375 0.4134259259259259 0.15364583333333334 0.125
0 0.31223958333333335 0.41805555555555557 0.11614583333333334 0.125
0 0.5833333333333334 0.4148148148148148 0.25625 0.044444444444444446
0 0.7028645833333333 0.7694444444444445 0.47239583333333335 0.46111111111111114
0 0.24609375 0.7296296296296296 0.4171875 0.3314814814814815
