0 0.41770833333333335 0.08148148148148149 0.09375 0.16296296296296298
0 0.28854166666666664 0.06481481481481481 0.10625 0.03888888888888889
0 0.29348958333333336 0.11944444444444445 0.1265625 0.05555555555555555
0 0.5682291666666667 0.1537037037037037 0.13854166666666667 0.05925925925925926
0 0.3171875 0.3597222222222222 0.26458333333333334 0.3990740740740741
0 0.61484375 0.28425925925925927 0.17447916666666666 0.053703703703703705
0 0.4908854166666667 0.4476851851851852 0.16510416666666666 0.13425925925925927
0 0.20677083333333332 0.8004629629629629 0.07083333333333333 0.3990740740740741
0 0.031510416666666666 0.7898148148148149 0.06302083333333333 0.07962962962962963
0 0.5736979166666667 0.8949074074074074 0.47760416666666666 0.2101851851851852
