0 0.5307291666666667 0.010648148148148148 0.13854166666666667 0.021296296296296296
0 0.5026041666666666 0.3277777777777778 0.2833333333333333 0.6314814814814815
0 0.30703125 0.21388888888888888 0.03802083333333333 0.2833333333333333
0 0.66875 0.1162037037037037 0.0875 0.026851851851851852
0 0.4505208333333333 0.14722222222222223 0.08958333333333333 0.07407407407407407
0 0.7421875 0.3611111111111111 0.09375 0.37407407407407406
0 0.646875 0.6875 0.08854166666666667 0.612037037037037
0 0.25338541666666664 0.6930555555555555 0.1453125 0.17314814814814813
0 0.20833333333333334 0.7662037037037037 0.12395833333333334 0.23055555555555557
0 0.7395833333333334 0.9481481481481482 0.03333333333333333 0.1037037037037037
