0 0.5395833333333333 0.0587962962962963 0.04791666666666667 0.1175925925925926
0 0.6427083333333333 0.08009259259259259 0.16979166666666667 0.16018518518518518
0 0.3671875 0.04351851851851852 0.10520833333333333 0.06111111111111111
0 0.4713541666666667 0.2564814814814815 0.22395833333333334 0.30925925925925923
0 0.2559895833333333 0.18194444444444444 0.12760416666666666 0.08055555555555556
0 0.3546875 0.18564814814814815 0.09583333333333334 0.0824074074074074
0 0.5729166666666666 0.1837962962962963 0.20520833333333333 0.030555555555555555
0 0.6440104166666667 0.4912037037037037 0.4036458333333333 0.4583333333333333
0 0.3098958333333333 0.3726851851851852 0.32916666666666666 0.19537037037037036
0 0.25234375 0.7268518518518519 0.31927083333333334 0.5462962962962963
0 0.09322916666666667 0.8245370370370371 0.18645833333333334 0.3509259259259259
0 0.8005208333333333 0.9106481481481481 0.16458333333333333 0.12685185185185185
