0 0.65390625 0.02962962962962963 0.10677083333333333 0.05925925925925926
0 0.47760416666666666 0.1337962962962963 0.2 0.24166666666666667
0 0.28619791666666666 0.07777777777777778 0.11510416666666666 0.06481481481481481
0 0.37421875 0.07962962962962963 0.08697916666666666 0.06481481481481481
0 0.56796875 0.0787037037037037 0.1828125 0.024074074074074074
0 0.6309895833333333 0.30972222222222223 0.35052083333333334 0.33796296296296297
0 0.33697916666666666 0.225 0.290625 0.14814814814814814
0 0.29635416666666664 0.487962962962963 0.28229166666666666 0.40370370370370373
0 0.22083333333333333 0.6300925925925925 0.29791666666666666 0.41759259259259257
0 0.7520833333333333 0.6078703703703704 0.13645833333333332 0.08611111111111111
0 0.6880208333333333 0.7796296296296297 0.5677083333333334 0.1685185185185185
