0 0.2786458333333333 0.20416666666666666 0.13125 0.4083333333333333
0 0.45651041666666664 0.18935185185185185 0.28177083333333336 0.3787037037037037
0 0.5067708333333333 0.049074074074074076 0.22291666666666668 0.022222222222222223
0 0.6161458333333333 0.08842592592592592 0.08854166666666667 0.05462962962962963
0 0.665625 0.16805555555555557 0.13645833333333332 0.04722222222222222
0 0.6505208333333333 0.3939814814814815 0.24375 0.05277777777777778
0 0.328125 0.43472222222222223 0.31875 0.06574074074074074
0 0.5799479166666667 0.5 0.3328125 0.10740740740740741
0 0.49973958333333335 0.763425925925926 0.46510416666666665 0.47314814814814815
0 0.13932291666666666 0.8518518518518519 0.05364583333333333 0.2962962962962963
0 0.5294270833333333 0.8833333333333333 0.018229166666666668 0.23333333333333334
0 0.7854166666666667 0.8472222222222222 0.16145833333333334 0.08703703703703704
0 0.4049479166666667 0.913425925925926 0.12135416666666667 0.17314814814814813
