0 0.5557291666666667 0.03888888888888889 0.20520833333333333 0.025925925925925925
0 0.4125 0.19490740740740742 0.44375 0.30648148148148147
0 0.6114583333333333 0.13333333333333333 0.10208333333333333 0.05925925925925926
0 0.5984375 0.23564814814814813 0.21041666666666667 0.11388888888888889
0 0.19921875 0.2796296296296296 0.1453125 0.07777777777777778
0 0.6734375 0.6689814814814815 0.34270833333333334 0.6620370370370371
0 0.34921875 0.425462962962963 0.3046875 0.05277777777777778
0 0.7489583333333333 0.7300925925925926 0.3375 0.5398148148148149
0 0.14765625 0.5388888888888889 0.11614583333333334 0.15
0 0.23072916666666668 0.7361111111111112 0.18020833333333333 0.2037037037037037
