0 0.334375 0.06435185185185185 0.10833333333333334 0.1287037037037037
0 0.49140625 0.05555555555555555 0.1828125 0.1111111111111111
0 0.621875 0.11990740740740741 0.18541666666666667 0.032407407407407406
0 0.3776041666666667 0.14305555555555555 0.24270833333333333 0.03981481481481482
0 0.5684895833333333 0.1787037037037037 0.24947916666666667 0.06111111111111111
0 0.4903645833333333 0.5967592592592592 0.3734375 0.8064814814814815
0 0.23229166666666667 0.5361111111111111 0.07708333333333334 0.4962962962962963
0 0.7075520833333333 0.36018518518518516 0.11302083333333333 0.044444444444444446
0 0.4265625 0.4115740740740741 0.11770833333333333 0.125
0 0.8223958333333333 0.7268518518518519 0.15416666666666667 0.5462962962962963
0 0.6440104166666667 0.9152777777777777 0.028645833333333332 0.16944444444444445
