0 0.35260416666666666 0.1259259259259259 0.036458333333333336 0.23703703703703705
0 0.23411458333333332 0.05416666666666667 0.09114583333333333 0.049074074074074076
0 0.5838541666666667 0.12083333333333333 0.3104166666666667 0.11388888888888889
0 0.5625 0.24444444444444444 0.25833333333333336 0.040740740740740744
0 0.38828125 0.5189814814814815 0.5734375 0.5361111111111111
0 0.6348958333333333 0.3972222222222222 0.13125 0.09814814814814815
0 0.6213541666666667 0.5791666666666667 0.28229166666666666 0.2064814814814815
0 0.08880208333333334 0.6578703703703703 0.17760416666666667 0.1398148148148148
0 0.7674479166666667 0.8652777777777778 0.43072916666666666 0.18796296296296297
0 0.6145833333333334 0.912962962962963 0.021875 0.17407407407407408
0 0.26875 0.9439814814814815 0.4395833333333333 0.10833333333333334
