0 0.4205729166666667 0.07037037037037037 0.09114583333333333 0.14074074074074075
0 0.29375 0.04583333333333333 0.10416666666666667 0.03981481481481482
0 0.29921875 0.09768518518518518 0.1234375 0.05277777777777778
0 0.5671875 0.1310185185185185 0.134375 0.05648148148148148
0 0.32317708333333334 0.32407407407407407 0.25677083333333334 0.37407407407407406
0 0.6127604166666667 0.2550925925925926 0.1703125 0.05092592592592592
0 0.4921875 0.40925925925925927 0.16145833333333334 0.1259259259259259
0 0.2140625 0.7754629629629629 0.078125 0.44907407407407407
0 0.04114583333333333 0.7277777777777777 0.08229166666666667 0.07592592592592592
0 0.571875 0.8629629629629629 0.45625 0.2740740740740741
