0 0.37447916666666664 0.05648148148148148 0.028125 0.11296296296296296
0 0.6322916666666667 0.030555555555555555 0.16458333333333333 0.06111111111111111
0 0.55859375 0.1111111111111111 0.22447916666666667 0.02962962962962963
0 0.40390625 0.30416666666666664 0.4890625 0.3768518518518518
0 0.6197916666666666 0.22407407407407406 0.1125 0.07037037037037037
0 0.60625 0.35185185185185186 0.234375 0.1425925925925926
0 0.159375 0.4060185185185185 0.16145833333333334 0.09537037037037037
0 0.71875 0.5425925925925926 0.340625 0.12222222222222222
0 0.58203125 0.7587962962962963 0.16822916666666668 0.4824074074074074
0 0.32317708333333334 0.5925925925925926 0.3484375 0.06851851851851852
0 0.8231770833333333 0.8194444444444444 0.08697916666666666 0.3611111111111111
0 0.08697916666666666 0.7444444444444445 0.13229166666666667 0.2
0 0.10234375 0.937037037037037 0.0578125 0.1259259259259259
0 0.6268229166666667 0.9564814814814815 0.0765625 0.08703703703703704
