0 0.3625 0.010648148148148148 0.11666666666666667 0.021296296296296296
0 0.53671875 0.027777777777777776 0.20885416666666667 0.053703703703703705
0 0.4869791666666667 0.11990740740740741 0.47708333333333336 0.0824074074074074
0 0.4088541666666667 0.3453703703703704 0.39479166666666665 0.37407407407407406
0 0.11770833333333333 0.6148148148148148 0.23541666666666666 0.7592592592592593
0 0.40260416666666665 0.32037037037037036 0.12291666666666666 0.1574074074074074
0 0.6734375 0.29074074074074074 0.16875 0.04814814814814815
0 0.34869791666666666 0.7208333333333333 0.4244791666666667 0.5583333333333333
0 0.48854166666666665 0.6509259259259259 0.38958333333333334 0.05925925925925926
0 0.6828125 0.7726851851851851 0.153125 0.16944444444444445
0 0.5635416666666667 0.8555555555555555 0.029166666666666667 0.28888888888888886
0 0.8611979166666667 0.9847222222222223 0.058854166666666666 0.030555555555555555
