0 0.4127604166666667 0.1050925925925926 0.09739583333333333 0.2101851851851852
0 0.27760416666666665 0.10231481481481482 0.11145833333333334 0.041666666666666664
0 0.28177083333333336 0.16064814814814815 0.13125 0.06018518518518518
0 0.5697916666666667 0.19907407407407407 0.14479166666666668 0.06481481481481481
0 0.30494791666666665 0.43148148148148147 0.2796875 0.44814814814814813
0 0.6197916666666666 0.3458333333333333 0.184375 0.062037037037037036
0 0.48828125 0.5296296296296297 0.1765625 0.15185185185185185
0 0.19348958333333333 0.8527777777777777 0.0515625 0.29444444444444445
0 0.6171875 0.9643518518518519 0.05520833333333333 0.0712962962962963
0 0.7833333333333333 0.975 0.10833333333333334 0.05
0 0.37057291666666664 0.9800925925925926 0.10572916666666667 0.03981481481481482
