0 0.24244791666666668 0.3111111111111111 0.1546875 0.6222222222222222
0 0.4361979166666667 0.018518518518518517 0.0578125 0.037037037037037035
0 0.44557291666666665 0.04814814814814815 0.2703125 0.0962962962962963
0 0.4479166666666667 0.31805555555555554 0.32083333333333336 0.525
0 0.5041666666666667 0.14629629629629629 0.25 0.025925925925925925
0 0.6265625 0.19583333333333333 0.09895833333333333 0.06759259259259259
0 0.6846354166666667 0.29768518518518516 0.15572916666666667 0.062037037037037036
0 0.67265625 0.6027777777777777 0.28802083333333334 0.07222222222222222
0 0.29010416666666666 0.6606481481481481 0.378125 0.08981481481481482
0 0.58828125 0.7532407407407408 0.39947916666666666 0.1527777777777778
0 0.41458333333333336 0.8967592592592593 0.4041666666666667 0.2064814814814815
0 0.6421875 0.9601851851851851 0.090625 0.07962962962962963
