0 0.2453125 0.02175925925925926 0.08854166666666667 0.04351851851851852
0 0.3606770833333333 0.09861111111111111 0.033854166666666664 0.19722222222222222
0 0.58125 0.0837962962962963 0.29791666666666666 0.10462962962962963
0 0.5609375 0.1962962962962963 0.24583333333333332 0.03518518518518519
0 0.39348958333333334 0.4388888888888889 0.5421875 0.4740740740740741
0 0.6291666666666667 0.33425925925925926 0.125 0.08703703703703704
0 0.615625 0.4949074074074074 0.26458333333333334 0.18055555555555555
0 0.11015625 0.5643518518518519 0.18072916666666666 0.12129629629629629
0 0.74921875 0.7430555555555556 0.3963541666666667 0.16018518518518518
0 0.5830729166666667 0.8546296296296296 0.0703125 0.29074074074074074
0 0.2890625 0.8101851851851852 0.40520833333333334 0.09074074074074075
0 0.8419270833333333 0.9361111111111111 0.0421875 0.12777777777777777
