0 0.44036458333333334 0.014351851851851852 0.0671875 0.028703703703703703
0 0.5627604166666667 0.021296296296296296 0.11822916666666666 0.04259259259259259
0 0.3515625 0.16203703703703703 0.221875 0.2740740740740741
0 0.6015625 0.11435185185185186 0.14583333333333334 0.03796296296296296
0 0.4979166666666667 0.225 0.13645833333333332 0.09259259259259259
0 0.25833333333333336 0.5958333333333333 0.08958333333333333 0.5416666666666666
0 0.103125 0.4185185185185185 0.12708333333333333 0.1
0 0.6143229166666667 0.5694444444444444 0.46822916666666664 0.25555555555555554
0 0.5828125 0.8657407407407407 0.42083333333333334 0.09814814814814815
0 0.20494791666666667 0.9412037037037037 0.40989583333333335 0.1175925925925926
