0 0.37109375 0.027777777777777776 0.10260416666666666 0.05555555555555555
0 0.5432291666666667 0.04861111111111111 0.021875 0.09722222222222222
0 0.6403645833333333 0.06898148148148148 0.16614583333333333 0.13796296296296295
0 0.47265625 0.22916666666666666 0.21927083333333333 0.2953703703703704
0 0.2625 0.15833333333333333 0.125 0.07962962962962963
0 0.35911458333333335 0.16203703703703703 0.09322916666666667 0.07592592592592592
0 0.5721354166666667 0.16064814814814815 0.20052083333333334 0.028703703703703703
0 0.64140625 0.45 0.3921875 0.42962962962962964
0 0.31588541666666664 0.33935185185185185 0.3203125 0.18425925925925926
0 0.2638020833333333 0.6856481481481481 0.3140625 0.5361111111111111
0 0.12552083333333333 0.7953703703703704 0.240625 0.40925925925925927
0 0.7890625 0.8398148148148148 0.15833333333333333 0.11666666666666667
0 0.26484375 0.9430555555555555 0.043229166666666666 0.11388888888888889
0 0.41640625 0.9805555555555555 0.07135416666666666 0.03888888888888889
