0 0.35260416666666666 0.018518518518518517 0.13333333333333333 0.037037037037037035
0 0.5364583333333334 0.04351851851851852 0.21354166666666666 0.05740740740740741
0 0.4861979166666667 0.14027777777777778 0.48802083333333335 0.08611111111111111
0 0.4049479166666667 0.3787037037037037 0.40677083333333336 0.3962962962962963
0 0.11354166666666667 0.6305555555555555 0.22708333333333333 0.7388888888888889
0 0.39895833333333336 0.35185185185185186 0.12604166666666666 0.16666666666666666
0 0.6776041666666667 0.32037037037037036 0.17291666666666666 0.053703703703703705
0 0.2747395833333333 0.7402777777777778 0.30885416666666665 0.5194444444444445
0 0.4869791666666667 0.7046296296296296 0.40520833333333334 0.06481481481481481
0 0.6890625 0.8356481481481481 0.15833333333333333 0.18425925925925926
0 0.5630208333333333 0.8847222222222222 0.026041666666666668 0.23055555555555557
0 0.46848958333333335 0.9648148148148148 0.06614583333333333 0.07037037037037037
