0 0.28619791666666666 0.18472222222222223 0.12760416666666666 0.36944444444444446
0 0.45807291666666666 0.17083333333333334 0.27447916666666666 0.3416666666666667
0 0.5072916666666667 0.030555555555555555 0.21770833333333334 0.022222222222222223
0 0.6143229166666667 0.06712962962962964 0.08697916666666666 0.05092592592592592
0 0.6625 0.14305555555555555 0.13333333333333333 0.04722222222222222
0 0.6466145833333333 0.35555555555555557 0.2359375 0.05
0 0.33515625 0.39444444444444443 0.30885416666666665 0.06296296296296296
0 0.5786458333333333 0.45416666666666666 0.32083333333333336 0.09907407407407408
0 0.5005208333333333 0.7398148148148148 0.446875 0.5203703703703704
0 0.15026041666666667 0.8212962962962963 0.06302083333333333 0.3574074074074074
0 0.5307291666666667 0.850925925925926 0.019791666666666666 0.29814814814814816
0 0.7731770833333333 0.774537037037037 0.15364583333333334 0.08055555555555556
0 0.38359375 0.8759259259259259 0.1703125 0.24074074074074073
