0 0.46796875 0.11527777777777778 0.31197916666666664 0.23055555555555557
0 0.6046875 0.05462962962962963 0.09375 0.05
0 0.5916666666666667 0.13935185185185187 0.190625 0.09537037037037037
0 0.23177083333333334 0.17546296296296296 0.13229166666666667 0.062037037037037036
0 0.6768229166666667 0.2611111111111111 0.2640625 0.07592592592592592
0 0.5697916666666667 0.48703703703703705 0.12604166666666666 0.48333333333333334
0 0.37005208333333334 0.2916666666666667 0.2703125 0.04259259259259259
0 0.7158854166666667 0.587037037037037 0.28489583333333335 0.5351851851851852
0 0.19453125 0.38055555555555554 0.1046875 0.11666666666666667
0 0.2713541666666667 0.5300925925925926 0.159375 0.1527777777777778
0 0.43125 0.8430555555555556 0.3875 0.3138888888888889
0 0.17630208333333333 0.9074074074074074 0.07239583333333334 0.18518518518518517
0 0.6067708333333334 0.9314814814814815 0.37083333333333335 0.09074074074074075
0 0.016666666666666666 0.9712962962962963 0.03333333333333333 0.05740740740740741
