0 0.35651041666666666 0.03935185185185185 0.0796875 0.0787037037037037
0 0.440625 0.031018518518518518 0.035416666666666666 0.062037037037037036
0 0.6166666666666667 0.06944444444444445 0.175 0.02962962962962963
0 0.38619791666666664 0.09074074074074075 0.22864583333333333 0.03333333333333333
0 0.5666666666666667 0.12314814814814815 0.23333333333333334 0.053703703703703705
0 0.49375 0.5675925925925925 0.3416666666666667 0.8648148148148148
0 0.25729166666666664 0.42777777777777776 0.0625 0.4185185185185185
0 0.6947916666666667 0.2800925925925926 0.10520833333333333 0.03981481481481482
0 0.434375 0.325 0.10833333333333334 0.10740740740740741
0 0.7981770833333334 0.6583333333333333 0.14010416666666667 0.5907407407407408
0 0.64296875 0.8379629629629629 0.044270833333333336 0.32407407407407407
