0 0.40520833333333334 0.041666666666666664 0.41041666666666665 0.08333333333333333
0 0.553125 0.15694444444444444 0.41770833333333335 0.3138888888888889
0 0.26328125 0.10185185185185185 0.14635416666666667 0.05185185185185185
0 0.28567708333333336 0.49722222222222223 0.3421875 0.5722222222222222
0 0.15755208333333334 0.42824074074074076 0.1421875 0.11574074074074074
0 0.26510416666666664 0.45740740740740743 0.13229166666666667 0.10740740740740741
0 0.6286458333333333 0.5842592592592593 0.3489583333333333 0.07037037037037037
0 0.22760416666666666 0.8245370370370371 0.4552083333333333 0.2935185185185185
0 0.030208333333333334 0.8851851851851852 0.06041666666666667 0.22962962962962963
0 0.5283854166666667 0.8861111111111111 0.030729166666666665 0.22777777777777777
