0 0.46041666666666664 0.03888888888888889 0.25729166666666664 0.07777777777777778
0 0.5768229166666666 0.030555555555555555 0.1546875 0.06111111111111111
0 0.25885416666666666 0.052314814814814814 0.11354166666666667 0.04722222222222222
0 0.378125 0.21574074074074073 0.225 0.29259259259259257
0 0.6302083333333334 0.09953703703703703 0.21458333333333332 0.06018518518518518
0 0.6463541666666667 0.2833333333333333 0.22083333333333333 0.32037037037037036
0 0.5302083333333333 0.2351851851851852 0.103125 0.08703703703703704
0 0.38177083333333334 0.5532407407407407 0.3333333333333333 0.625
0 0.53046875 0.524074074074074 0.2734375 0.05185185185185185
0 0.68828125 0.7912037037037037 0.3723958333333333 0.20092592592592592
0 0.12994791666666666 0.8666666666666667 0.2598958333333333 0.26666666666666666
0 0.90078125 0.8675925925925926 0.043229166666666666 0.046296296296296294
0 0.5888020833333333 0.9222222222222223 0.42864583333333334 0.1037037037037037
0 0.2669270833333333 0.9402777777777778 0.0734375 0.11944444444444445
