0 0.3580729166666667 0.034722222222222224 0.04114583333333333 0.06944444444444445
0 0.5877604166666667 0.11944444444444445 0.30885416666666665 0.22407407407407406
0 0.28046875 0.10694444444444444 0.2234375 0.041666666666666664
0 0.49895833333333334 0.3050925925925926 0.5333333333333333 0.33240740740740743
0 0.11536458333333334 0.3939814814814815 0.11822916666666666 0.38796296296296295
0 0.2828125 0.5777777777777777 0.421875 0.6833333333333333
0 0.73046875 0.3592592592592593 0.13697916666666668 0.1037037037037037
0 0.5270833333333333 0.6231481481481481 0.07083333333333333 0.6277777777777778
0 0.42916666666666664 0.8222222222222222 0.025 0.35555555555555557
0 0.03177083333333333 0.9361111111111111 0.06354166666666666 0.06851851851851852
