0 0.28072916666666664 0.012037037037037037 0.09583333333333334 0.024074074074074074
0 0.534375 0.012962962962962963 0.10104166666666667 0.025925925925925925
0 0.3875 0.1449074074074074 0.21145833333333333 0.25277777777777777
0 0.6236979166666666 0.04537037037037037 0.20052083333333334 0.05185185185185185
0 0.63671875 0.20324074074074075 0.20260416666666667 0.27314814814814814
0 0.53046875 0.16296296296296298 0.0953125 0.07407407407407407
0 0.39375 0.42453703703703705 0.30520833333333336 0.5138888888888888
0 0.53046875 0.4060185185185185 0.2484375 0.04351851851851852
0 0.18671875 0.6962962962962963 0.3734375 0.337037037037037
0 0.6536458333333334 0.6134259259259259 0.29791666666666666 0.14351851851851852
0 0.8302083333333333 0.6837962962962963 0.06041666666666667 0.03796296296296296
0 0.5815104166666667 0.725 0.3776041666666667 0.08333333333333333
