0 0.37734375 0.04953703703703704 0.027604166666666666 0.09907407407407408
0 0.32005208333333335 0.10046296296296296 0.2421875 0.12129629629629629
0 0.6268229166666667 0.07731481481481481 0.2234375 0.06018518518518518
0 0.56015625 0.11388888888888889 0.2203125 0.02962962962962963
0 0.27057291666666666 0.29074074074074074 0.2171875 0.29814814814814816
0 0.5635416666666667 0.2791666666666667 0.30520833333333336 0.10092592592592593
0 0.21015625 0.4 0.21197916666666666 0.2740740740740741
0 0.6033854166666667 0.7217592592592592 0.5088541666666667 0.5564814814814815
0 0.33645833333333336 0.7231481481481481 0.6729166666666667 0.5537037037037037
0 0.4708333333333333 0.8027777777777778 0.18229166666666666 0.17037037037037037
