0 0.44036458333333334 0.1162037037037037 0.2046875 0.2324074074074074
0 0.6192708333333333 0.028703703703703703 0.134375 0.05740740740740741
0 0.5307291666666667 0.09351851851851851 0.18125 0.024074074074074074
0 0.28854166666666664 0.23564814814814813 0.275 0.16018518518518518
0 0.6421875 0.20324074074074075 0.25729166666666664 0.0787037037037037
0 0.5651041666666666 0.25277777777777777 0.25625 0.03888888888888889
0 0.221875 0.5027777777777778 0.24583333333333332 0.42592592592592593
0 0.5705729166666667 0.48194444444444445 0.3640625 0.14351851851851852
0 0.13333333333333333 0.6462962962962963 0.25625 0.44074074074074077
0 0.5971354166666667 0.861574074074074 0.5828125 0.27685185185185185
