0 0.3578125 0.027314814814814816 0.034375 0.05462962962962963
0 0.5864583333333333 0.10601851851851851 0.303125 0.21203703703703702
0 0.28515625 0.09027777777777778 0.21927083333333333 0.041666666666666664
0 0.49895833333333334 0.2810185185185185 0.5229166666666667 0.3175925925925926
0 0.12578125 0.36574074074074076 0.11197916666666667 0.3685185185185185
0 0.2916666666666667 0.537962962962963 0.40625 0.6462962962962963
0 0.72578125 0.3333333333333333 0.13385416666666666 0.09814814814814815
0 0.5276041666666667 0.5819444444444445 0.06875 0.5916666666666667
0 0.4296875 0.8023148148148148 0.03125 0.39537037037037037
0 0.03984375 0.8805555555555555 0.0796875 0.07037037037037037
