0 0.38385416666666666 0.03148148148148148 0.026041666666666668 0.06296296296296296
0 0.32890625 0.06342592592592593 0.2328125 0.11018518518518519
0 0.62265625 0.04259259259259259 0.2140625 0.05555555555555555
0 0.5588541666666667 0.07546296296296297 0.21145833333333333 0.026851851851851852
0 0.28359375 0.2351851851851852 0.20989583333333334 0.26851851851851855
0 0.5614583333333333 0.22546296296296298 0.28958333333333336 0.09166666666666666
0 0.23020833333333332 0.3388888888888889 0.19791666666666666 0.23333333333333334
0 0.34453125 0.6583333333333333 0.6890625 0.5740740740740741
0 0.6111979166666667 0.6861111111111111 0.5036458333333333 0.6277777777777778
0 0.4752604166666667 0.6837962962962963 0.16927083333333334 0.14537037037037037
