0 0.54609375 0.08101851851851852 0.19947916666666668 0.16203703703703703
0 0.39947916666666666 0.18287037037037038 0.41354166666666664 0.30648148148148147
0 0.584375 0.24722222222222223 0.21041666666666667 0.11851851851851852
0 0.17916666666666667 0.29305555555555557 0.14479166666666668 0.0787037037037037
0 0.328125 0.6032407407407407 0.3 0.5583333333333333
0 0.6635416666666667 0.3763888888888889 0.2864583333333333 0.10277777777777777
0 0.6578125 0.7087962962962963 0.240625 0.5824074074074074
0 0.52890625 0.625462962962963 0.1421875 0.16574074074074074
0 0.17916666666666667 0.8180555555555555 0.17083333333333334 0.3638888888888889
0 0.82890625 0.9657407407407408 0.07447916666666667 0.06851851851851852
