0 0.41067708333333336 0.024074074074074074 0.39427083333333335 0.04814814814814815
0 0.5513020833333333 0.1287037037037037 0.3963541666666667 0.2574074074074074
0 0.2747395833333333 0.06527777777777778 0.14010416666666667 0.04722222222222222
0 0.29791666666666666 0.41759259259259257 0.325 0.5037037037037037
0 0.17916666666666667 0.3597222222222222 0.13229166666666667 0.10277777777777777
0 0.28072916666666664 0.38657407407407407 0.12604166666666666 0.09537037037037037
0 0.61875 0.49675925925925923 0.31875 0.06018518518518518
0 0.24322916666666666 0.7037037037037037 0.4354166666666667 0.2518518518518518
0 0.04791666666666667 0.8296296296296296 0.09375 0.34074074074074073
0 0.5216145833333333 0.8300925925925926 0.043229166666666666 0.3398148148148148
0 0.26666666666666666 0.9537037037037037 0.025 0.09259259259259259
