0 0.3807291666666667 0.040740740740740744 0.027083333333333334 0.08148148148148149
0 0.32473958333333336 0.0824074074074074 0.23697916666666666 0.11481481481481481
0 0.6247395833333333 0.05925925925925926 0.21822916666666667 0.05740740740740741
0 0.5596354166666667 0.09490740740740741 0.21614583333333334 0.028703703703703703
0 0.27708333333333335 0.262037037037037 0.21354166666666666 0.2814814814814815
0 0.5622395833333333 0.2513888888888889 0.29739583333333336 0.09537037037037037
0 0.21276041666666667 0.35509259259259257 0.2203125 0.28055555555555556
0 0.34791666666666665 0.7023148148148148 0.6958333333333333 0.5953703703703703
0 0.6078125 0.7037037037037037 0.50625 0.5925925925925926
0 0.47317708333333336 0.7402777777777778 0.1765625 0.15833333333333333
