0 0.4510416666666667 0.04351851851851852 0.03125 0.08703703703703704
0 0.5106770833333333 0.019444444444444445 0.04010416666666667 0.03888888888888889
0 0.6177083333333333 0.06666666666666667 0.165625 0.13333333333333333
0 0.4161458333333333 0.18055555555555555 0.2552083333333333 0.3296296296296296
0 0.5307291666666667 0.17685185185185184 0.19895833333333332 0.02962962962962963
0 0.26197916666666665 0.3509259259259259 0.3020833333333333 0.19814814814814816
0 0.6549479166666666 0.3101851851851852 0.2869791666666667 0.09814814814814815
0 0.56875 0.3712962962962963 0.2864583333333333 0.04814814814814815
0 0.17734375 0.700462962962963 0.2682291666666667 0.5638888888888889
0 0.57734375 0.6652777777777777 0.4171875 0.18796296296296297
0 0.062239583333333334 0.8606481481481482 0.12447916666666667 0.27870370370370373
0 0.15104166666666666 0.9523148148148148 0.028125 0.09537037037037037
