0 0.5463541666666667 0.09305555555555556 0.20520833333333333 0.18611111111111112
0 0.39739583333333334 0.20833333333333334 0.421875 0.32407407407407407
0 0.5854166666666667 0.27685185185185185 0.215625 0.1259259259259259
0 0.16927083333333334 0.324537037037037 0.14895833333333333 0.0824074074074074
0 0.3216145833333333 0.6587962962962963 0.3098958333333333 0.6027777777777777
0 0.6682291666666667 0.41203703703703703 0.29583333333333334 0.10925925925925926
0 0.71171875 0.7287037037037037 0.10052083333333334 0.5425925925925926
0 0.5286458333333334 0.6800925925925926 0.14791666666666667 0.1787037037037037
0 0.16484375 0.8453703703703703 0.1765625 0.30925925925925923
0 0.6333333333333333 0.8638888888888889 0.18958333333333333 0.2722222222222222
