0 0.3375 0.08888888888888889 0.065625 0.17777777777777778
0 0.3885416666666667 0.05925925925925926 0.13854166666666667 0.11851851851851852
0 0.5125 0.020833333333333332 0.041666666666666664 0.041666666666666664
0 0.25104166666666666 0.03935185185185185 0.05520833333333333 0.07314814814814814
0 0.5966145833333333 0.24675925925925926 0.3536458333333333 0.2898148148148148
0 0.24583333333333332 0.2273148148148148 0.253125 0.05462962962962963
0 0.49713541666666666 0.49907407407407406 0.6192708333333333 0.46111111111111114
0 0.05963541666666667 0.5467592592592593 0.11927083333333334 0.39537037037037037
0 0.26484375 0.6981481481481482 0.44114583333333335 0.6037037037037037
0 0.7682291666666666 0.5703703703703704 0.16666666666666666 0.14629629629629629
0 0.5348958333333333 0.7490740740740741 0.06666666666666667 0.5018518518518519
