0 0.41848958333333336 0.1574074074074074 0.24947916666666667 0.3148148148148148
0 0.45078125 0.034722222222222224 0.025520833333333333 0.06944444444444445
0 0.6158854166666666 0.05648148148148148 0.16197916666666667 0.11296296296296296
0 0.53046875 0.15416666666666667 0.19427083333333334 0.026851851851851852
0 0.26927083333333335 0.3194444444444444 0.2947916666666667 0.18888888888888888
0 0.6513020833333333 0.2810185185185185 0.2786458333333333 0.09166666666666666
0 0.5677083333333334 0.3388888888888889 0.278125 0.044444444444444446
0 0.18984375 0.6458333333333334 0.26197916666666665 0.5231481481481481
0 0.5752604166666667 0.6148148148148148 0.40260416666666665 0.17407407407407408
0 0.09244791666666667 0.8157407407407408 0.18489583333333334 0.3685185185185185
0 0.17786458333333333 0.9185185185185185 0.0484375 0.16296296296296298
0 0.34609375 0.9583333333333334 0.1390625 0.08333333333333333
