0 0.37447916666666664 0.03148148148148148 0.153125 0.06296296296296296
0 0.6734375 0.010185185185185186 0.08854166666666667 0.020370370370370372
0 0.5572916666666666 0.025 0.19791666666666666 0.024074074074074074
0 0.30052083333333335 0.16203703703703703 0.19895833333333332 0.23148148148148148
0 0.5588541666666667 0.1550925925925926 0.26875 0.0787037037037037
0 0.24296875 0.2375 0.2078125 0.225
0 0.33541666666666664 0.5097222222222222 0.6708333333333333 0.47129629629629627
0 0.6205729166666667 0.6402777777777777 0.4942708333333333 0.7194444444444444
0 0.48072916666666665 0.5370370370370371 0.153125 0.11851851851851852
0 0.08802083333333334 0.8513888888888889 0.17604166666666668 0.08611111111111111
0 0.2484375 0.9546296296296296 0.13645833333333332 0.09074074074074075
0 0.9403645833333333 0.9694444444444444 0.0296875 0.05185185185185185
