0 0.37109375 0.03611111111111111 0.027604166666666666 0.07222222222222222
0 0.5471354166666667 0.12222222222222222 0.2140625 0.22962962962962963
0 0.39140625 0.26342592592592595 0.44427083333333334 0.36018518518518516
0 0.5885416666666666 0.3384259259259259 0.22916666666666666 0.1398148148148148
0 0.14635416666666667 0.3921296296296296 0.15625 0.09166666666666666
0 0.30703125 0.7148148148148148 0.33177083333333335 0.5703703703703704
0 0.6778645833333333 0.49166666666666664 0.3171875 0.12407407407407407
0 0.70390625 0.7722222222222223 0.06614583333333333 0.45555555555555555
0 0.5283854166666667 0.8027777777777778 0.15989583333333332 0.2111111111111111
0 0.07942708333333333 0.9074074074074074 0.0859375 0.18518518518518517
0 0.5921875 0.9296296296296296 0.10625 0.14074074074074075
