0 0.26588541666666665 0.01712962962962963 0.050520833333333334 0.03425925925925926
0 0.34713541666666664 0.06342592592592593 0.06302083333333333 0.12685185185185185
0 0.4205729166666667 0.03657407407407407 0.08072916666666667 0.07314814814814814
0 0.5924479166666666 0.1865740740740741 0.3328125 0.25833333333333336
0 0.26223958333333336 0.17037037037037037 0.2390625 0.05
0 0.49765625 0.4060185185185185 0.5776041666666667 0.3972222222222222
0 0.07291666666666667 0.5125 0.14583333333333334 0.47129629629629627
0 0.26848958333333334 0.6597222222222222 0.4421875 0.6805555555555556
0 0.7494791666666667 0.4675925925925926 0.15208333333333332 0.12407407407407407
0 0.5346354166666667 0.7037037037037037 0.0640625 0.5925925925925926
0 0.4203125 0.9087962962962963 0.021875 0.1824074074074074
