0 0.453125 0.05324074074074074 0.03854166666666667 0.10648148148148148
0 0.6192708333333333 0.07731481481481481 0.16979166666666667 0.15462962962962962
0 0.53046875 0.02824074074074074 0.08177083333333333 0.05462962962962963
0 0.41380208333333335 0.20462962962962963 0.2598958333333333 0.34629629629629627
0 0.53046875 0.19907407407407407 0.20364583333333333 0.02962962962962963
0 0.2546875 0.38425925925925924 0.309375 0.20925925925925926
0 0.6583333333333333 0.3402777777777778 0.2947916666666667 0.10277777777777777
0 0.5700520833333333 0.4046296296296296 0.2953125 0.05
0 0.16041666666666668 0.7277777777777777 0.265625 0.5444444444444444
0 0.5794270833333334 0.7203703703703703 0.4328125 0.20185185185185187
0 0.03177083333333333 0.937962962962963 0.06354166666666666 0.12407407407407407
