0 0.5830729166666667 0.07777777777777778 0.2869791666666667 0.15555555555555556
0 0.29713541666666665 0.04861111111111111 0.20885416666666667 0.03611111111111111
0 0.5 0.21712962962962962 0.49375 0.27870370370370373
0 0.15260416666666668 0.2898148148148148 0.096875 0.32407407407407407
0 0.31328125 0.43657407407407406 0.36822916666666666 0.5527777777777778
0 0.71328125 0.26435185185185184 0.12552083333333333 0.08425925925925926
0 0.5283854166666667 0.47453703703703703 0.06510416666666667 0.5027777777777778
0 0.43411458333333336 0.749537037037037 0.034895833333333334 0.5009259259259259
0 0.06041666666666667 0.674074074074074 0.12083333333333333 0.16296296296296298
0 0.045572916666666664 0.7958333333333333 0.09114583333333333 0.13425925925925927
0 0.15651041666666668 0.9611111111111111 0.0453125 0.07777777777777778
0 0.7677083333333333 0.9685185185185186 0.058333333333333334 0.06296296296296296
