0 0.36744791666666665 0.04583333333333333 0.0296875 0.09166666666666666
0 0.5473958333333333 0.14444444444444443 0.21875 0.24259259259259258
0 0.3885416666666667 0.2935185185185185 0.4552083333333333 0.37962962962962965
0 0.590625 0.37175925925925923 0.23541666666666666 0.14907407407407408
0 0.13463541666666667 0.42962962962962964 0.1609375 0.09814814814814815
0 0.2989583333333333 0.7342592592592593 0.34375 0.5314814814814814
0 0.6830729166666667 0.5351851851851852 0.32864583333333336 0.13333333333333333
0 0.7067708333333333 0.7953703703703704 0.06145833333333333 0.40925925925925927
0 0.5278645833333333 0.8717592592592592 0.1671875 0.22870370370370371
0 0.04088541666666667 0.9425925925925925 0.05572916666666667 0.11481481481481481
0 0.56171875 0.9666666666666667 0.0453125 0.06666666666666667
