0 0.25442708333333336 0.020833333333333332 0.08697916666666666 0.041666666666666664
0 0.3697916666666667 0.06620370370370371 0.05 0.13240740740740742
0 0.5197916666666667 0.020833333333333332 0.1625 0.03796296296296296
0 0.6333333333333333 0.024537037037037038 0.07083333333333333 0.03611111111111111
0 0.5484375 0.19074074074074074 0.22916666666666666 0.26666666666666666
0 0.3828125 0.35833333333333334 0.48020833333333335 0.42777777777777776
0 0.5947916666666667 0.44583333333333336 0.25 0.16944444444444445
0 0.10807291666666667 0.5101851851851852 0.1703125 0.1111111111111111
0 0.28151041666666665 0.7777777777777778 0.3703125 0.4444444444444444
0 0.6953125 0.6319444444444444 0.3541666666666667 0.1527777777777778
0 0.7104166666666667 0.8481481481481481 0.04583333333333333 0.3037037037037037
0 0.5463541666666667 0.9458333333333333 0.14479166666666668 0.10833333333333334
