0 0.3932291666666667 0.022685185185185187 0.11979166666666667 0.04537037037037037
0 0.5565104166666667 0.010185185185185186 0.19427083333333334 0.020370370370370372
0 0.30572916666666666 0.1398148148148148 0.19583333333333333 0.22037037037037038
0 0.55859375 0.1337962962962963 0.2630208333333333 0.075
0 0.25 0.21157407407407408 0.20416666666666666 0.21388888888888888
0 0.3328125 0.46620370370370373 0.665625 0.44351851851851853
0 0.6184895833333334 0.6263888888888889 0.4817708333333333 0.7472222222222222
0 0.0953125 0.7847222222222222 0.190625 0.08425925925925926
0 0.3223958333333333 0.9194444444444444 0.2552083333333333 0.16111111111111112
0 0.5119791666666667 0.9796296296296296 0.03854166666666667 0.040740740740740744
