0 0.5846354166666666 0.09027777777777778 0.2942708333333333 0.18055555555555555
0 0.2921875 0.06666666666666667 0.21354166666666666 0.03888888888888889
0 0.49973958333333335 0.24444444444444444 0.5057291666666667 0.2962962962962963
0 0.14088541666666668 0.32314814814814813 0.10364583333333334 0.3425925925925926
0 0.30390625 0.48009259259259257 0.38385416666666666 0.5916666666666667
0 0.7190104166666667 0.29398148148148145 0.12864583333333332 0.08981481481481482
0 0.5278645833333333 0.5203703703703704 0.06614583333333333 0.5407407407407407
0 0.4328125 0.7717592592592593 0.03229166666666667 0.4564814814814815
0 0.0515625 0.7777777777777778 0.103125 0.08888888888888889
0 0.0359375 0.9125 0.071875 0.05462962962962963
