0 0.453125 0.06296296296296296 0.04375 0.1259259259259259
0 0.6216145833333333 0.08842592592592592 0.1734375 0.17685185185185184
0 0.5307291666666667 0.044444444444444446 0.08333333333333333 0.05740740740740741
0 0.41119791666666666 0.23055555555555557 0.26614583333333336 0.3648148148148148
0 0.53046875 0.22407407407407406 0.20989583333333334 0.03333333333333333
0 0.246875 0.4199074074074074 0.31875 0.22314814814814815
0 0.6619791666666667 0.3736111111111111 0.30416666666666664 0.11018518518518519
0 0.571875 0.44166666666666665 0.30520833333333336 0.053703703703703705
0 0.11901041666666666 0.7481481481481481 0.21822916666666667 0.5037037037037037
0 0.58125 0.7805555555555556 0.4510416666666667 0.21851851851851853
0 0.24244791666666668 0.9310185185185185 0.034895833333333334 0.13796296296296295
