0 0.6846354166666667 0.0587962962962963 0.1640625 0.1175925925925926
0 0.23333333333333334 0.26064814814814813 0.4666666666666667 0.4861111111111111
0 0.33645833333333336 0.07361111111111111 0.09270833333333334 0.05277777777777778
0 0.36041666666666666 0.13796296296296295 0.09375 0.06666666666666667
0 0.8184895833333333 0.22546296296296298 0.13385416666666666 0.22870370370370371
0 0.5893229166666667 0.13564814814814816 0.24427083333333333 0.032407407407407406
0 0.66796875 0.18472222222222223 0.11822916666666666 0.04351851851851852
0 0.4903645833333333 0.21388888888888888 0.09635416666666667 0.09074074074074075
0 0.22786458333333334 0.6037037037037037 0.2984375 0.7925925925925926
0 0.609375 0.4722222222222222 0.33229166666666665 0.43333333333333335
0 0.39348958333333334 0.6560185185185186 0.0734375 0.5768518518518518
0 0.03125 0.5949074074074074 0.0625 0.20277777777777778
0 0.29791666666666666 0.6208333333333333 0.15520833333333334 0.1287037037037037
0 0.7302083333333333 0.9560185185185185 0.025 0.08796296296296297
