0 0.45 0.04722222222222222 0.025 0.09444444444444444
0 0.70078125 0.08657407407407407 0.04635416666666667 0.17314814814814813
0 0.7309895833333333 0.037037037037037035 0.07135416666666666 0.07407407407407407
0 0.79453125 0.1685185185185185 0.1109375 0.20185185185185187
0 0.2453125 0.11805555555555555 0.121875 0.05462962962962963
0 0.3690104166666667 0.562962962962963 0.23802083333333332 0.8740740740740741
0 0.5541666666666667 0.1787037037037037 0.11666666666666667 0.03888888888888889
0 0.6713541666666667 0.32592592592592595 0.18229166666666666 0.05925925925925926
0 0.77578125 0.49583333333333335 0.2713541666666667 0.36944444444444446
0 0.5151041666666667 0.4546296296296296 0.16458333333333333 0.13703703703703704
0 0.32916666666666666 0.7601851851851852 0.06666666666666667 0.47962962962962963
0 0.7088541666666667 0.774537037037037 0.3697916666666667 0.45092592592592595
0 0.5388020833333333 0.7212962962962963 0.30572916666666666 0.13333333333333333
0 0.9471354166666667 0.8333333333333334 0.0765625 0.3333333333333333
0 0.0578125 0.7393518518518518 0.115625 0.08055555555555556
