0 0.6622395833333333 0.18472222222222223 0.3359375 0.36944444444444446
0 0.7484375 0.053703703703703705 0.075 0.10740740740740741
0 0.4166666666666667 0.24768518518518517 0.26145833333333335 0.41388888888888886
0 0.20286458333333332 0.21574074074074073 0.1046875 0.06851851851851852
0 0.5755208333333334 0.2300925925925926 0.290625 0.05462962962962963
0 0.21197916666666666 0.6472222222222223 0.3885416666666667 0.7055555555555556
0 0.5895833333333333 0.5925925925925926 0.5375 0.5666666666666667
0 0.8927083333333333 0.6310185185185185 0.21458333333333332 0.5398148148148149
0 0.9911458333333333 0.8175925925925925 0.017708333333333333 0.08518518518518518
0 0.8919270833333334 0.9782407407407407 0.21614583333333334 0.04351851851851852
