0 0.69140625 0.03564814814814815 0.024479166666666666 0.0712962962962963
0 0.7640625 0.07268518518518519 0.09479166666666666 0.14537037037037037
0 0.2755208333333333 0.025 0.109375 0.044444444444444446
0 0.4158854166666667 0.5157407407407407 0.8317708333333333 0.9685185185185186
0 0.5513020833333333 0.07314814814814814 0.10364583333333334 0.03148148148148148
0 0.65390625 0.18703703703703703 0.1578125 0.044444444444444446
0 0.7377604166666667 0.3101851851851852 0.22552083333333334 0.27037037037037037
0 0.5171875 0.2828703703703704 0.14166666666666666 0.10092592592592593
0 0.12083333333333333 0.4625 0.12708333333333333 0.10648148148148148
0 0.53671875 0.47453703703703703 0.2546875 0.09351851851851851
0 0.9208333333333333 0.7180555555555556 0.15833333333333333 0.5638888888888889
