0 0.4317708333333333 0.040740740740740744 0.026041666666666668 0.08148148148148149
0 0.7153645833333333 0.020370370370370372 0.0640625 0.040740740740740744
0 0.3143229166666667 0.1884259259259259 0.2630208333333333 0.375
0 0.5666666666666667 0.13657407407407407 0.3416666666666667 0.25462962962962965
0 0.8208333333333333 0.36203703703703705 0.271875 0.6537037037037037
0 0.2203125 0.30925925925925923 0.21145833333333333 0.2611111111111111
0 0.3372395833333333 0.6310185185185185 0.6744791666666666 0.562037037037037
0 0.6036458333333333 0.6796296296296296 0.49270833333333336 0.6407407407407407
0 0.4669270833333333 0.6657407407407407 0.16614583333333333 0.14444444444444443
0 0.9736979166666667 0.8763888888888889 0.05260416666666667 0.24722222222222223
