0 0.34296875 0.010648148148148148 0.25052083333333336 0.021296296296296296
0 0.6140625 0.06944444444444445 0.31666666666666665 0.1388888888888889
0 0.23229166666666667 0.27175925925925926 0.46458333333333335 0.47685185185185186
0 0.33203125 0.09259259259259259 0.09427083333333333 0.053703703703703705
0 0.35598958333333336 0.16111111111111112 0.09635416666666667 0.07037037037037037
0 0.8263020833333333 0.25277777777777777 0.1390625 0.24074074074074073
0 0.5908854166666667 0.15694444444444444 0.25052083333333336 0.032407407407407406
0 0.6713541666666667 0.20833333333333334 0.12083333333333333 0.044444444444444446
0 0.4895833333333333 0.24027777777777778 0.09895833333333333 0.09722222222222222
0 0.21744791666666666 0.6162037037037037 0.3078125 0.7675925925925926
0 0.6122395833333333 0.5143518518518518 0.34427083333333336 0.4638888888888889
0 0.38776041666666666 0.7013888888888888 0.07447916666666667 0.5972222222222222
0 0.28932291666666665 0.6726851851851852 0.1609375 0.13796296296296295
