0 0.19973958333333333 0.037037037037037035 0.05260416666666667 0.07407407407407407
0 0.3338541666666667 0.125 0.19895833333333332 0.25
0 0.45078125 0.1087962962962963 0.0390625 0.2175925925925926
0 0.58203125 0.06388888888888888 0.21614583333333334 0.12777777777777777
0 0.21536458333333333 0.09027777777777778 0.05572916666666667 0.08055555555555556
0 0.384375 0.10046296296296296 0.1 0.05092592592592592
0 0.21822916666666667 0.30972222222222223 0.309375 0.287962962962963
0 0.4661458333333333 0.5648148148148148 0.6677083333333333 0.7203703703703703
0 0.025260416666666667 0.5236111111111111 0.050520833333333334 0.15092592592592594
0 0.2708333333333333 0.7555555555555555 0.15104166666666666 0.4888888888888889
0 0.7572916666666667 0.7319444444444444 0.1875 0.18611111111111112
0 0.5731770833333333 0.8583333333333333 0.0171875 0.2833333333333333
0 0.10677083333333333 0.8986111111111111 0.053125 0.20277777777777778
0 0.7606770833333333 0.9375 0.0140625 0.125
