0 0.196875 0.05 0.06979166666666667 0.1
0 0.32786458333333335 0.14444444444444443 0.20572916666666666 0.28888888888888886
0 0.5841145833333333 0.0787037037037037 0.2234375 0.1574074074074074
0 0.4473958333333333 0.13472222222222222 0.041666666666666664 0.23796296296296296
0 0.20494791666666667 0.1175925925925926 0.05677083333333333 0.08703703703703704
0 0.3796875 0.12824074074074074 0.103125 0.05462962962962963
0 0.20546875 0.3541666666666667 0.3223958333333333 0.31203703703703706
0 0.46458333333333335 0.6203703703703703 0.6989583333333333 0.7592592592592593
0 0.014322916666666666 0.549074074074074 0.028645833333333332 0.09074074074074075
0 0.25677083333333334 0.7861111111111111 0.16145833333333334 0.42777777777777776
0 0.7703125 0.8180555555555555 0.19791666666666666 0.2064814814814815
0 0.5755208333333334 0.9004629629629629 0.017708333333333333 0.19907407407407407
0 0.09505208333333333 0.9458333333333333 0.028645833333333332 0.10833333333333334
