0 0.396875 0.5 0.79375 1.0
0 0.74921875 0.031018518518518518 0.0734375 0.062037037037037036
0 0.6424479166666667 0.0962962962962963 0.14322916666666666 0.03888888888888889
0 0.71484375 0.19444444444444445 0.1984375 0.21481481481481482
0 0.51796875 0.1736111111111111 0.12760416666666666 0.08055555555555556
0 0.16953125 0.3143518518518518 0.1140625 0.0824074074074074
0 0.53515625 0.32407407407407407 0.22447916666666667 0.07222222222222222
0 0.896875 0.5523148148148148 0.190625 0.5157407407407407
0 0.328125 0.8240740740740741 0.15 0.35185185185185186
0 0.6578125 0.8574074074074074 0.026041666666666668 0.2851851851851852
0 0.9380208333333333 0.9333333333333333 0.10729166666666666 0.13333333333333333
0 0.7604166666666666 0.9569444444444445 0.109375 0.08611111111111111
