0 0.7125 0.09861111111111111 0.19583333333333333 0.19722222222222222
0 0.68046875 0.26435185185185184 0.3796875 0.5175925925925926
0 0.3984375 0.019444444444444445 0.19479166666666667 0.024074074074074074
0 0.40625 0.37453703703703706 0.2864583333333333 0.5175925925925926
0 0.165625 0.3263888888888889 0.11458333333333333 0.08425925925925926
0 0.5807291666666666 0.3458333333333333 0.32395833333333335 0.06944444444444445
0 0.21380208333333334 0.7134259259259259 0.3463541666666667 0.5731481481481482
0 0.6296875 0.7222222222222222 0.44895833333333335 0.5555555555555556
0 0.9317708333333333 0.7560185185185185 0.13645833333333332 0.487962962962963
0 0.030989583333333334 0.9037037037037037 0.06197916666666667 0.1925925925925926
0 0.39401041666666664 0.9523148148148148 0.13697916666666668 0.09537037037037037
