0 0.425 0.1736111111111111 0.24375 0.3472222222222222
0 0.5190104166666667 0.04490740740740741 0.027604166666666666 0.08981481481481482
0 0.6940104166666666 0.1388888888888889 0.2265625 0.2777777777777778
0 0.74140625 0.025925925925925925 0.0578125 0.05185185185185185
0 0.22604166666666667 0.14444444444444443 0.09791666666666667 0.05925925925925926
0 0.5723958333333333 0.15787037037037038 0.26979166666666665 0.04722222222222222
0 0.24192708333333332 0.5671296296296297 0.3515625 0.7083333333333334
0 0.5822916666666667 0.4564814814814815 0.478125 0.46296296296296297
0 0.8765625 0.5972222222222222 0.246875 0.6574074074074074
0 0.10546875 0.7972222222222223 0.2109375 0.40555555555555556
0 0.35260416666666666 0.9444444444444444 0.15625 0.1111111111111111
