0 0.43671875 0.12962962962962962 0.2171875 0.25925925925925924
0 0.6927083333333334 0.1 0.18958333333333333 0.2
0 0.24583333333333332 0.08564814814814815 0.09166666666666666 0.05092592592592592
0 0.5697916666666667 0.0962962962962963 0.2520833333333333 0.04259259259259259
0 0.26614583333333336 0.4356481481481482 0.321875 0.5824074074074074
0 0.5770833333333333 0.3490740740740741 0.43125 0.387037037037037
0 0.8645833333333334 0.5180555555555556 0.2708333333333333 0.649074074074074
0 0.13515625 0.6236111111111111 0.2453125 0.4324074074074074
0 0.5927083333333333 0.850462962962963 0.5770833333333333 0.29907407407407405
0 0.9666666666666667 0.9476851851851852 0.06666666666666667 0.10462962962962963
