0 0.5875 0.1439814814814815 0.44583333333333336 0.287962962962963
0 0.2359375 0.040740740740740744 0.096875 0.03518518518518519
0 0.2989583333333333 0.09537037037037037 0.31875 0.07222222222222222
0 0.22552083333333334 0.37546296296296294 0.4510416666666667 0.4527777777777778
0 0.30130208333333336 0.22685185185185186 0.1078125 0.07037037037037037
0 0.325 0.3194444444444444 0.11666666666666667 0.0962962962962963
0 0.82265625 0.35555555555555557 0.049479166666666664 0.15
0 0.6013020833333333 0.3138888888888889 0.2942708333333333 0.044444444444444446
0 0.6966145833333334 0.3861111111111111 0.14322916666666666 0.06296296296296296
0 0.4817708333333333 0.4300925925925926 0.11770833333333333 0.13425925925925927
0 0.16328125 0.7106481481481481 0.3265625 0.5787037037037037
0 0.9028645833333333 0.5231481481481481 0.14427083333333332 0.2
0 0.6328125 0.7467592592592592 0.4322916666666667 0.5064814814814815
0 0.37161458333333336 0.8342592592592593 0.04010416666666667 0.3314814814814815
