0 0.26979166666666665 0.019444444444444445 0.08333333333333333 0.03888888888888889
0 0.36041666666666666 0.034722222222222224 0.029166666666666667 0.06944444444444445
0 0.42265625 0.08101851851851852 0.028645833333333332 0.16203703703703703
0 0.6838541666666667 0.05694444444444444 0.16354166666666667 0.11388888888888889
0 0.5666666666666667 0.026851851851851852 0.23229166666666667 0.03518518518518519
0 0.29244791666666664 0.2972222222222222 0.29010416666666666 0.46111111111111114
0 0.57109375 0.23148148148148148 0.38177083333333334 0.3111111111111111
0 0.85234375 0.5277777777777778 0.2953125 0.8407407407407408
0 0.18229166666666666 0.4462962962962963 0.22916666666666666 0.3314814814814815
0 0.6005208333333333 0.7541666666666667 0.5333333333333333 0.49166666666666664
0 0.4557291666666667 0.9087962962962963 0.19375 0.1824074074074074
0 0.25390625 0.9166666666666666 0.22135416666666666 0.16666666666666666
0 0.022916666666666665 0.9546296296296296 0.020833333333333332 0.09074074074074075
0 0.08723958333333333 0.9828703703703704 0.0453125 0.03425925925925926
