0 0.403125 0.5 0.7510416666666667 1.0
0 0.7408854166666666 0.0125 0.06822916666666666 0.025
0 0.68359375 0.14166666666666666 0.2296875 0.2037037037037037
0 0.51875 0.12638888888888888 0.12083333333333333 0.07314814814814814
0 0.19010416666666666 0.25277777777777777 0.10833333333333334 0.07407407407407407
0 0.5348958333333333 0.26157407407407407 0.21145833333333333 0.06388888888888888
0 0.8703125 0.4587962962962963 0.16979166666666667 0.44722222222222224
0 0.34375 0.7722222222222223 0.13958333333333334 0.45555555555555555
0 0.640625 0.8013888888888889 0.03854166666666667 0.3972222222222222
0 0.9270833333333334 0.8157407407407408 0.14583333333333334 0.17222222222222222
0 0.84296875 0.8851851851851852 0.3046875 0.22962962962962963
0 0.9716145833333333 0.950462962962963 0.05677083333333333 0.08425925925925926
0 0.49713541666666666 0.9666666666666667 0.07760416666666667 0.06666666666666667
