0 0.4005208333333333 0.037037037037037035 0.40520833333333334 0.07407407407407407
0 0.60546875 0.2662037037037037 0.5348958333333333 0.5324074074074074
0 0.18671875 0.17592592592592593 0.11197916666666667 0.04814814814814815
0 0.25703125 0.2518518518518518 0.37447916666666664 0.10185185185185185
0 0.21328125 0.6361111111111111 0.4265625 0.6185185185185185
0 0.25234375 0.44027777777777777 0.12864583333333332 0.10462962962962963
0 0.029427083333333333 0.5018518518518519 0.058854166666666666 0.1814814814814815
0 0.27447916666666666 0.5810185185185185 0.14895833333333333 0.14537037037037037
0 0.9330729166666667 0.7606481481481482 0.13385416666666666 0.4787037037037037
0 0.61875 0.5722222222222222 0.365625 0.06666666666666667
0 0.7390625 0.6842592592592592 0.18020833333333333 0.09814814814814815
0 0.46953125 0.7560185185185185 0.14739583333333334 0.2175925925925926
0 0.022135416666666668 0.8222222222222222 0.044270833333333336 0.16296296296296298
0 0.6755208333333333 0.9296296296296296 0.019791666666666666 0.14074074074074075
