0 0.3046875 0.04722222222222222 0.23020833333333332 0.09444444444444444
0 0.4796875 0.15046296296296297 0.46770833333333334 0.30092592592592593
0 0.14401041666666667 0.2361111111111111 0.09947916666666666 0.29074074074074074
0 0.31484375 0.4046296296296296 0.30052083333333335 0.5666666666666667
0 0.6794270833333333 0.22037037037037038 0.11927083333333334 0.07962962962962963
0 0.5729166666666666 0.41712962962962963 0.042708333333333334 0.4027777777777778
0 0.6677083333333333 0.5120370370370371 0.027083333333333334 0.45740740740740743
0 0.38723958333333336 0.7148148148148148 0.0609375 0.5703703703703704
0 0.05182291666666667 0.575925925925926 0.10364583333333334 0.14444444444444443
0 0.0375 0.6925925925925925 0.075 0.09444444444444444
