0 0.746875 0.03564814814814815 0.084375 0.0712962962962963
0 0.4296875 0.18101851851851852 0.03229166666666667 0.2601851851851852
0 0.728125 0.25601851851851853 0.18854166666666666 0.36944444444444446
0 0.23125 0.10462962962962963 0.1125 0.03888888888888889
0 0.8731770833333333 0.4388888888888889 0.15885416666666666 0.3333333333333333
0 0.17083333333333334 0.35138888888888886 0.15 0.08796296296296297
0 0.32083333333333336 0.6819444444444445 0.30833333333333335 0.6361111111111111
0 0.56015625 0.45 0.15052083333333333 0.06296296296296296
0 0.72109375 0.7074074074074074 0.24739583333333334 0.10740740740740741
0 0.8333333333333334 0.8398148148148148 0.3020833333333333 0.32037037037037036
0 0.45625 0.9106481481481481 0.12083333333333333 0.1787037037037037
