0 0.59140625 0.17407407407407408 0.4661458333333333 0.34814814814814815
0 0.22369791666666666 0.07453703703703704 0.10052083333333334 0.03796296296296296
0 0.28828125 0.13472222222222222 0.3328125 0.0787037037037037
0 0.22265625 0.4152777777777778 0.4453125 0.44351851851851853
0 0.28932291666666665 0.2791666666666667 0.11302083333333333 0.0787037037037037
0 0.31302083333333336 0.38287037037037036 0.12395833333333334 0.10648148148148148
0 0.90703125 0.5337962962962963 0.1859375 0.38981481481481484
0 0.6057291666666667 0.3768518518518518 0.31145833333333334 0.05
0 0.70703125 0.45740740740740743 0.15260416666666668 0.07037037037037037
0 0.47890625 0.5078703703703704 0.12447916666666667 0.1527777777777778
0 0.06197916666666667 0.7486111111111111 0.12395833333333334 0.5027777777777778
0 0.7510416666666667 0.7898148148148149 0.2520833333333333 0.4203703703703704
0 0.36380208333333336 0.8902777777777777 0.033854166666666664 0.21944444444444444
0 0.5294270833333333 0.9120370370370371 0.17760416666666667 0.17592592592592593
