0 0.3255208333333333 0.046296296296296294 0.11979166666666667 0.09259259259259259
0 0.39348958333333334 0.030555555555555555 0.0640625 0.06111111111111111
0 0.7302083333333333 0.10555555555555556 0.17291666666666666 0.2111111111111111
0 0.3671875 0.1763888888888889 0.5114583333333333 0.2601851851851852
0 0.6395833333333333 0.5259259259259259 0.7208333333333333 0.9481481481481482
0 0.8619791666666666 0.42824074074074076 0.1375 0.3787037037037037
0 0.07734375 0.4777777777777778 0.14635416666666667 0.08148148148148149
0 0.20572916666666666 0.6171296296296296 0.4114583333333333 0.18611111111111112
0 0.3497395833333333 0.8791666666666667 0.0265625 0.24166666666666667
0 0.06770833333333333 0.9407407407407408 0.05625 0.11851851851851852
