0 0.59375 0.19027777777777777 0.4791666666666667 0.38055555555555554
0 0.21692708333333333 0.09259259259259259 0.10260416666666666 0.03888888888888889
0 0.2828125 0.15601851851851853 0.340625 0.08425925925925926
0 0.22109375 0.4532407407407407 0.4421875 0.47129629629629627
0 0.2828125 0.30787037037037035 0.115625 0.0824074074074074
0 0.3065104166666667 0.41759259259259257 0.12760416666666666 0.11296296296296296
0 0.91171875 0.5787037037037037 0.1765625 0.4166666666666667
0 0.6078125 0.4111111111111111 0.32083333333333336 0.05185185185185185
0 0.7127604166666667 0.4962962962962963 0.15677083333333333 0.07407407407407407
0 0.47734375 0.5504629629629629 0.12864583333333332 0.1638888888888889
0 0.05520833333333333 0.749537037037037 0.11041666666666666 0.4212962962962963
0 0.6481770833333333 0.8134259259259259 0.028645833333333332 0.3731481481481482
0 0.35963541666666665 0.9222222222222223 0.0296875 0.15555555555555556
0 0.5596354166666667 0.9453703703703704 0.12552083333333333 0.10925925925925926
0 0.7666666666666667 0.986574074074074 0.0625 0.026851851851851852
