0 0.6932291666666667 0.044444444444444446 0.028125 0.08888888888888889
0 0.7697916666666667 0.08425925925925926 0.09791666666666667 0.1685185185185185
0 0.26979166666666665 0.041666666666666664 0.11145833333333334 0.04814814814814815
0 0.42083333333333334 0.524537037037037 0.8416666666666667 0.950925925925926
0 0.5520833333333334 0.09305555555555556 0.10625 0.032407407407407406
0 0.65703125 0.2125 0.16302083333333334 0.049074074074074076
0 0.7442708333333333 0.3435185185185185 0.23333333333333334 0.28703703703703703
0 0.5166666666666667 0.3138888888888889 0.14583333333333334 0.10740740740740741
0 0.10703125 0.5046296296296297 0.13072916666666667 0.11296296296296296
0 0.5372395833333333 0.5171296296296296 0.2640625 0.10092592592592593
0 0.9268229166666667 0.7384259259259259 0.14635416666666667 0.5231481481481481
