0 0.6072916666666667 0.23425925925925925 0.5625 0.4685185185185185
0 0.7450520833333333 0.024537037037037038 0.09635416666666667 0.049074074074074076
0 0.6932291666666667 0.041666666666666664 0.16458333333333333 0.06851851851851852
0 0.24635416666666668 0.1162037037037037 0.12083333333333333 0.05462962962962963
0 0.73984375 0.586574074074074 0.5192708333333333 0.8268518518518518
0 0.3692708333333333 0.19305555555555556 0.2375 0.03425925925925926
0 0.35885416666666664 0.6708333333333333 0.3927083333333333 0.6583333333333333
0 0.5973958333333333 0.7314814814814815 0.434375 0.12222222222222222
0 0.058333333333333334 0.7319444444444444 0.11666666666666667 0.0824074074074074
0 0.19583333333333333 0.9453703703703704 0.0375 0.10925925925925926
0 0.6338541666666667 0.9597222222222223 0.18125 0.08055555555555556
