0 0.3567708333333333 0.04398148148148148 0.030208333333333334 0.08796296296296297
0 0.475 0.09259259259259259 0.13958333333333334 0.18518518518518517
0 0.6872395833333333 0.06666666666666667 0.1671875 0.13333333333333333
0 0.26328125 0.03333333333333333 0.08697916666666666 0.046296296296296294
0 0.5674479166666667 0.04259259259259259 0.23697916666666666 0.037037037037037035
0 0.2864583333333333 0.3282407407407407 0.296875 0.487962962962963
0 0.5723958333333333 0.25833333333333336 0.3927083333333333 0.3277777777777778
0 0.8549479166666667 0.5638888888888889 0.29010416666666666 0.8722222222222222
0 0.17213541666666668 0.48564814814814816 0.23177083333333334 0.3527777777777778
0 0.6044270833333333 0.7759259259259259 0.5546875 0.44814814814814813
0 0.390625 0.9430555555555555 0.07708333333333334 0.11388888888888889
0 0.20286458333333332 0.950925925925926 0.15260416666666668 0.09814814814814815
