0 0.6955729166666667 0.05416666666666667 0.03177083333333333 0.10833333333333334
0 0.7755208333333333 0.1037037037037037 0.10104166666666667 0.17592592592592593
0 0.2640625 0.06111111111111111 0.11354166666666667 0.04814814814814815
0 0.27291666666666664 0.5337962962962963 0.5458333333333333 0.9324074074074075
0 0.55234375 0.11342592592592593 0.10885416666666667 0.03425925925925926
0 0.7244791666666667 0.3726851851851852 0.29583333333333334 0.3175925925925926
0 0.51640625 0.34675925925925927 0.15052083333333333 0.11203703703703703
0 0.6893229166666667 0.7129629629629629 0.3296875 0.5740740740740741
0 0.09166666666666666 0.5504629629629629 0.13541666666666666 0.12129629629629629
0 0.5372395833333333 0.5643518518518519 0.2734375 0.10648148148148148
0 0.9330729166666667 0.7597222222222222 0.13385416666666666 0.48055555555555557
0 0.9567708333333333 0.9643518518518519 0.030208333333333334 0.0712962962962963
