0 0.34427083333333336 0.07962962962962963 0.16354166666666667 0.15925925925925927
0 0.5598958333333334 0.04212962962962963 0.2833333333333333 0.08425925925925926
0 0.7578125 0.1763888888888889 0.20104166666666667 0.3527777777777778
0 0.275 0.11203703703703703 0.18333333333333332 0.17592592592592593
0 0.34375 0.3106481481481482 0.5875 0.33796296296296297
0 0.6174479166666667 0.5740740740740741 0.7651041666666667 0.8518518518518519
0 0.91875 0.6388888888888888 0.1625 0.4981481481481482
0 0.038802083333333334 0.7351851851851852 0.07760416666666667 0.08333333333333333
0 0.1265625 0.8925925925925926 0.253125 0.21481481481481482
0 0.4953125 0.8935185185185185 0.4010416666666667 0.21296296296296297
0 0.28072916666666664 0.9587962962962963 0.10833333333333334 0.0824074074074074
