0 0.18854166666666666 0.09166666666666666 0.125 0.18333333333333332
0 0.30911458333333336 0.2074074074074074 0.2234375 0.4148148148148148
0 0.40677083333333336 0.01990740740740741 0.15208333333333332 0.03981481481481482
0 0.7604166666666666 0.03425925925925926 0.078125 0.06851851851851852
0 0.5885416666666666 0.13564814814814816 0.24375 0.2324074074074074
0 0.43854166666666666 0.2263888888888889 0.04583333333333333 0.287962962962963
0 0.17317708333333334 0.20462962962962963 0.0609375 0.10555555555555556
0 0.3651041666666667 0.21805555555555556 0.11354166666666667 0.06574074074074074
0 0.17057291666666666 0.5009259259259259 0.3411458333333333 0.3962962962962963
0 0.45989583333333334 0.6777777777777778 0.8052083333333333 0.6444444444444445
0 0.21822916666666667 0.8916666666666667 0.17604166666666668 0.21666666666666667
