0 0.26953125 0.1638888888888889 0.4119791666666667 0.3277777777777778
0 0.3815104166666667 0.027314814814814816 0.08072916666666667 0.05092592592592592
0 0.7786458333333334 0.09166666666666666 0.11145833333333334 0.17222222222222222
0 0.58203125 0.025 0.2140625 0.024074074074074074
0 0.6505208333333333 0.06296296296296296 0.103125 0.03333333333333333
0 0.49557291666666664 0.08425925925925926 0.08385416666666666 0.06851851851851852
0 0.27682291666666664 0.3638888888888889 0.25364583333333335 0.5666666666666667
0 0.596875 0.26851851851851855 0.2791666666666667 0.3037037037037037
0 0.42161458333333335 0.39166666666666666 0.05572916666666667 0.387037037037037
0 0.06822916666666666 0.2412037037037037 0.03125 0.062037037037037036
0 0.11588541666666667 0.35694444444444445 0.06614583333333333 0.13796296296296295
0 0.04140625 0.3592592592592593 0.03697916666666667 0.06111111111111111
0 0.33880208333333334 0.37407407407407406 0.1296875 0.08703703703703704
0 0.14088541666666668 0.7453703703703703 0.28177083333333336 0.5092592592592593
0 0.60546875 0.7824074074074074 0.5609375 0.4351851851851852
0 0.34296875 0.9347222222222222 0.015104166666666667 0.13055555555555556
0 0.0515625 0.9629629629629629 0.103125 0.07407407407407407
