0 0.44114583333333335 0.10416666666666667 0.20729166666666668 0.20833333333333334
0 0.6903645833333333 0.07731481481481481 0.17135416666666667 0.15462962962962962
0 0.25755208333333335 0.049074074074074076 0.0890625 0.04814814814814815
0 0.5682291666666667 0.060648148148148145 0.24166666666666667 0.03796296296296296
0 0.2799479166666667 0.36203703703703705 0.3046875 0.5166666666666667
0 0.5739583333333333 0.2865740740740741 0.40520833333333334 0.3453703703703704
0 0.8583333333333333 0.5740740740740741 0.2833333333333333 0.8518518518518519
0 0.16067708333333333 0.5287037037037037 0.2359375 0.37592592592592594
0 0.6091145833333333 0.799074074074074 0.5786458333333333 0.40185185185185185
0 0.7484375 0.9148148148148149 0.13229166666666667 0.17037037037037037
0 0.3653645833333333 0.9796296296296296 0.043229166666666666 0.040740740740740744
