0 0.25026041666666665 0.016203703703703703 0.0484375 0.032407407407407406
0 0.3307291666666667 0.0625 0.06145833333333333 0.125
0 0.4044270833333333 0.014351851851851852 0.08072916666666667 0.028703703703703703
0 0.46015625 0.05 0.034895833333333334 0.1
0 0.2598958333333333 0.16898148148148148 0.271875 0.2175925925925926
0 0.471875 0.34675925925925927 0.5697916666666667 0.5138888888888888
0 0.06041666666666667 0.45 0.12083333333333333 0.35185185185185186
0 0.25625 0.6592592592592592 0.37916666666666665 0.6814814814814815
0 0.7182291666666667 0.4736111111111111 0.15208333333333332 0.12685185185185185
0 0.5872395833333334 0.7319444444444444 0.0578125 0.5361111111111111
0 0.715625 0.7851851851851852 0.010416666666666666 0.42962962962962964
0 0.36614583333333334 0.9092592592592592 0.025 0.1814814814814815
