0 0.59609375 0.2074074074074074 0.49114583333333334 0.4148148148148148
0 0.20989583333333334 0.11203703703703703 0.10520833333333333 0.040740740740740744
0 0.27682291666666664 0.17824074074074073 0.3484375 0.08796296296296297
0 0.21927083333333333 0.49398148148148147 0.43854166666666666 0.5027777777777778
0 0.2760416666666667 0.3384259259259259 0.11875 0.08796296296296297
0 0.29921875 0.45416666666666666 0.13177083333333334 0.11944444444444445
0 0.91640625 0.6287037037037037 0.1671875 0.4462962962962963
0 0.61015625 0.44814814814814813 0.3307291666666667 0.05555555555555555
0 0.71875 0.538425925925926 0.1625 0.08055555555555556
0 0.47552083333333334 0.5962962962962963 0.13229166666666667 0.17407407407407408
0 0.04765625 0.7828703703703703 0.0953125 0.3972222222222222
0 0.65546875 0.8388888888888889 0.0234375 0.32222222222222224
0 0.3546875 0.9564814814814815 0.023958333333333335 0.08703703703703704
0 0.6052083333333333 0.9824074074074074 0.041666666666666664 0.03518518518518519
