0 0.2989583333333333 0.05694444444444444 0.23645833333333333 0.11388888888888889
0 0.47890625 0.16666666666666666 0.4796875 0.3333333333333333
0 0.13333333333333333 0.2662037037037037 0.10625 0.30833333333333335
0 0.30625 0.4476851851851852 0.3145833333333333 0.6064814814814815
0 0.6841145833333333 0.2490740740740741 0.12239583333333333 0.08333333333333333
0 0.5744791666666667 0.4587962962962963 0.042708333333333334 0.4305555555555556
0 0.6734375 0.5601851851851852 0.028125 0.4925925925925926
0 0.3859375 0.7347222222222223 0.05625 0.5305555555555556
0 0.04348958333333333 0.6717592592592593 0.08697916666666666 0.06944444444444445
0 0.027604166666666666 0.7837962962962963 0.05520833333333333 0.04537037037037037
