0 0.44114583333333335 0.5 0.69375 1.0
0 0.68671875 0.06435185185185185 0.16614583333333333 0.1287037037037037
0 0.5200520833333333 0.037037037037037035 0.10885416666666667 0.05925925925925926
0 0.22838541666666667 0.13703703703703704 0.09739583333333333 0.05740740740740741
0 0.5346354166666667 0.14351851851851852 0.18697916666666667 0.05
0 0.8231770833333333 0.29074074074074074 0.13697916666666668 0.3351851851851852
0 0.8908854166666667 0.5638888888888889 0.1765625 0.14444444444444443
0 0.8140625 0.6208333333333333 0.3 0.20277777777777778
0 0.9395833333333333 0.8740740740740741 0.08333333333333333 0.2518518518518518
0 0.05807291666666667 0.9037037037037037 0.11614583333333334 0.08888888888888889
