0 0.60078125 0.19768518518518519 0.5328125 0.39537037037037037
0 0.709375 0.020833333333333332 0.11354166666666667 0.041666666666666664
0 0.25859375 0.07824074074074074 0.11614583333333334 0.05092592592592592
0 0.7286458333333333 0.5231481481481481 0.490625 0.7851851851851852
0 0.3770833333333333 0.14814814814814814 0.22708333333333333 0.02962962962962963
0 0.3729166666666667 0.6407407407407407 0.3625 0.7185185185185186
0 0.0765625 0.5962962962962963 0.13854166666666667 0.12962962962962962
0 0.5924479166666666 0.625 0.4046875 0.10740740740740741
0 0.19869791666666667 0.8810185185185185 0.08072916666666667 0.23796296296296296
0 0.6875 0.8925925925925926 0.36875 0.21481481481481482
0 0.05416666666666667 0.9296296296296296 0.10833333333333334 0.14074074074074075
0 0.98828125 0.9486111111111111 0.0234375 0.10277777777777777
