0 0.728125 0.04861111111111111 0.06875 0.09722222222222222
0 0.23411458333333332 0.24537037037037038 0.46822916666666664 0.48703703703703705
0 0.34036458333333336 0.056018518518518516 0.09114583333333333 0.05092592592592592
0 0.36432291666666666 0.1175925925925926 0.0921875 0.06296296296296296
0 0.8109375 0.20046296296296295 0.13020833333333334 0.2175925925925926
0 0.5875 0.11527777777777778 0.23958333333333334 0.030555555555555555
0 0.66484375 0.16157407407407406 0.11510416666666666 0.041666666666666664
0 0.49140625 0.18981481481481483 0.09427083333333333 0.08888888888888889
0 0.23619791666666667 0.5731481481481482 0.2921875 0.7796296296296297
0 0.60703125 0.4324074074074074 0.3223958333333333 0.40555555555555556
0 0.39921875 0.6032407407407407 0.06822916666666666 0.5361111111111111
0 0.042708333333333334 0.5486111111111112 0.07395833333333333 0.18981481481481483
0 0.3059895833333333 0.5712962962962963 0.15052083333333333 0.12037037037037036
0 0.7216145833333333 0.9208333333333333 0.025520833333333333 0.15833333333333333
0 0.013541666666666667 0.9268518518518518 0.027083333333333334 0.14629629629629629
