0 0.74453125 0.018518518518518517 0.06927083333333334 0.037037037037037035
0 0.4354166666666667 0.13564814814814816 0.03125 0.2361111111111111
0 0.71875 0.2037037037037037 0.178125 0.3333333333333333
0 0.24479166666666666 0.06759259259259259 0.10729166666666666 0.037037037037037035
0 0.8520833333333333 0.36712962962962964 0.14583333333333334 0.2972222222222222
0 0.190625 0.29074074074074074 0.14270833333333333 0.07777777777777778
0 0.3338541666666667 0.6509259259259259 0.28958333333333336 0.6981481481481482
0 0.55859375 0.37777777777777777 0.14114583333333333 0.05555555555555555
0 0.70703125 0.6018518518518519 0.22760416666666666 0.09259259259259259
0 0.83515625 0.7893518518518519 0.3296875 0.4212962962962963
0 0.51171875 0.8125 0.21197916666666666 0.22685185185185186
