0 0.56796875 0.5 0.8640625 1.0
0 0.7265625 0.027777777777777776 0.04895833333333333 0.05555555555555555
0 0.25364583333333335 0.062037037037037036 0.08958333333333333 0.05
0 0.5341145833333333 0.06759259259259259 0.17135416666666667 0.04259259259259259
0 0.7950520833333333 0.1865740740740741 0.1203125 0.275
0 0.8484375 0.4060185185185185 0.153125 0.11203703703703703
0 0.7783854166666667 0.449537037037037 0.25885416666666666 0.15462962962962962
0 0.0875 0.6277777777777778 0.175 0.13333333333333333
0 0.5515625 0.8888888888888888 0.08229166666666667 0.2222222222222222
0 0.26119791666666664 0.8287037037037037 0.39427083333333335 0.09074074074074075
