0 0.6041666666666666 0.21574074074074073 0.5479166666666667 0.43148148148148147
0 0.6947916666666667 0.029166666666666667 0.15104166666666666 0.058333333333333334
0 0.74765625 0.016203703703703703 0.08072916666666667 0.032407407407407406
0 0.2526041666666667 0.09722222222222222 0.11979166666666667 0.053703703703703705
0 0.7377604166666667 0.5717592592592593 0.5119791666666667 0.8398148148148148
0 0.3736979166666667 0.16944444444444445 0.2328125 0.03148148148148148
0 0.3658854166666667 0.6555555555555556 0.3776041666666667 0.6888888888888889
0 0.06614583333333333 0.6453703703703704 0.13229166666666667 0.1388888888888889
0 0.5947916666666667 0.6763888888888889 0.41875 0.11388888888888889
0 0.196875 0.9120370370370371 0.06041666666666667 0.17592592592592593
0 0.6393229166666666 0.925 0.2755208333333333 0.15
