0 0.7489583333333333 0.027314814814814816 0.06979166666666667 0.05462962962962963
0 0.43255208333333334 0.15833333333333333 0.03177083333333333 0.24814814814814815
0 0.7234375 0.2300925925925926 0.18333333333333332 0.3509259259259259
0 0.23828125 0.08611111111111111 0.10989583333333333 0.037037037037037035
0 0.8627604166666667 0.4023148148148148 0.1515625 0.3138888888888889
0 0.18046875 0.3212962962962963 0.14739583333333334 0.08148148148148149
0 0.32760416666666664 0.6657407407407407 0.2989583333333333 0.6685185185185185
0 0.5596354166666667 0.41388888888888886 0.1453125 0.05925925925925926
0 0.7140625 0.6541666666666667 0.2375 0.09907407407407408
0 0.83828125 0.8143518518518519 0.3234375 0.3712962962962963
0 0.5111979166666667 0.8796296296296297 0.2203125 0.24074074074074073
