0 0.5895833333333333 0.1587962962962963 0.45625 0.3175925925925926
0 0.2296875 0.05694444444444444 0.09895833333333333 0.03611111111111111
0 0.29375 0.11388888888888889 0.3260416666666667 0.07592592592592592
0 0.22421875 0.3921296296296296 0.4484375 0.44351851851851853
0 0.2955729166666667 0.2523148148148148 0.1109375 0.075
0 0.31927083333333334 0.35 0.11979166666666667 0.1
0 0.8984375 0.49166666666666664 0.18541666666666667 0.3648148148148148
0 0.603125 0.34444444444444444 0.3020833333333333 0.046296296296296294
0 0.7015625 0.4203703703703704 0.146875 0.06666666666666667
0 0.48046875 0.4671296296296296 0.1203125 0.14351851851851852
0 0.09947916666666666 0.7291666666666666 0.19895833333333332 0.5416666666666666
0 0.63671875 0.7675925925925926 0.4515625 0.4648148148148148
0 0.3684895833333333 0.8611111111111112 0.03697916666666667 0.2777777777777778
0 0.24036458333333333 0.9643518518518519 0.05260416666666667 0.0712962962962963
