0 0.403125 0.02824074074074074 0.396875 0.05648148148148148
0 0.6020833333333333 0.24537037037037038 0.51875 0.49074074074074076
0 0.7747395833333334 0.12083333333333333 0.0890625 0.21203703703703702
0 0.19505208333333332 0.15324074074074073 0.10989583333333333 0.04537037037037037
0 0.2638020833333333 0.22592592592592592 0.36614583333333334 0.0962962962962963
0 0.215625 0.5842592592592593 0.43125 0.575925925925926
0 0.2609375 0.4046296296296296 0.125 0.09814814814814815
0 0.036458333333333336 0.4861111111111111 0.07291666666666667 0.21851851851851853
0 0.2838541666666667 0.5351851851851852 0.14270833333333333 0.13703703703703704
0 0.9270833333333334 0.7287037037037037 0.14583333333333334 0.4981481481481482
0 0.6158854166666666 0.5277777777777778 0.3536458333333333 0.06296296296296296
0 0.7315104166666667 0.6314814814814815 0.1734375 0.09259259259259259
0 0.47161458333333334 0.6990740740740741 0.1421875 0.20185185185185187
0 0.03125 0.8203703703703704 0.0625 0.2740740740740741
0 0.6682291666666667 0.8967592592592593 0.021875 0.2064814814814815
