0 0.7674479166666667 0.0787037037037037 0.09635416666666667 0.1574074074074074
0 0.4171875 0.2949074074074074 0.03958333333333333 0.325
0 0.7515625 0.39305555555555555 0.2125 0.47129629629629627
0 0.19947916666666668 0.19814814814814816 0.125 0.04814814814814815
0 0.9161458333333333 0.6305555555555555 0.16770833333333332 0.4444444444444444
0 0.1203125 0.5115740740740741 0.16979166666666667 0.11203703703703703
0 0.2869791666666667 0.7638888888888888 0.3572916666666667 0.4722222222222222
0 0.56484375 0.6416666666666667 0.17239583333333333 0.08333333333333333
0 0.6606770833333333 0.9606481481481481 0.10052083333333334 0.0787037037037037
0 0.9651041666666667 0.9796296296296296 0.036458333333333336 0.040740740740740744
