0 0.33229166666666665 0.12777777777777777 0.24166666666666667 0.25555555555555554
0 0.56328125 0.08287037037037037 0.3098958333333333 0.16574074074074074
0 0.7859375 0.24953703703703703 0.23125 0.49907407407407406
0 0.25026041666666665 0.20046296296296295 0.19635416666666666 0.21203703703703702
0 0.3268229166666667 0.449537037037037 0.6536458333333334 0.4287037037037037
0 0.6080729166666666 0.6212962962962963 0.46510416666666665 0.7574074074074074
0 0.4747395833333333 0.4810185185185185 0.14635416666666667 0.11018518518518519
0 0.9421875 0.7731481481481481 0.115625 0.4537037037037037
0 0.334375 0.9060185185185186 0.296875 0.18796296296296297
0 0.8997395833333334 0.9287037037037037 0.033854166666666664 0.1425925925925926
0 0.5052083333333334 0.9689814814814814 0.058333333333333334 0.062037037037037036
