0 0.3234375 0.15601851851851853 0.2520833333333333 0.31203703703703706
0 0.56484375 0.10648148148148148 0.3255208333333333 0.21296296296296297
0 0.6661458333333333 0.016203703703703703 0.11145833333333334 0.032407407407407406
0 0.8020833333333334 0.29583333333333334 0.25 0.5842592592592593
0 0.23567708333333334 0.2518518518518518 0.20364583333333333 0.2351851851851852
0 0.33125 0.5337962962962963 0.6625 0.487962962962963
0 0.6119791666666666 0.649074074074074 0.490625 0.7018518518518518
0 0.47109375 0.5675925925925925 0.1546875 0.12407407407407407
0 0.9567708333333333 0.8208333333333333 0.08645833333333333 0.35833333333333334
0 0.18541666666666667 0.9763888888888889 0.06145833333333333 0.04722222222222222
