0 0.23619791666666667 0.23425925925925925 0.4671875 0.4685185185185185
0 0.7236979166666667 0.03935185185185185 0.0671875 0.0787037037037037
0 0.34453125 0.038425925925925926 0.0890625 0.04722222222222222
0 0.36796875 0.09722222222222222 0.0890625 0.06111111111111111
0 0.80390625 0.1763888888888889 0.12552083333333333 0.2064814814814815
0 0.5864583333333333 0.09444444444444444 0.23333333333333334 0.02962962962962963
0 0.6611979166666667 0.1398148148148148 0.1140625 0.040740740740740744
0 0.49270833333333336 0.16620370370370371 0.09270833333333334 0.0824074074074074
0 0.24635416666666668 0.524537037037037 0.28229166666666666 0.7287037037037037
0 0.6046875 0.39490740740740743 0.3125 0.38055555555555554
0 0.4046875 0.5541666666666667 0.065625 0.49907407407407406
0 0.0140625 0.3680555555555556 0.028125 0.06759259259259259
0 0.059375 0.5041666666666667 0.07291666666666667 0.17685185185185184
0 0.31354166666666666 0.5259259259259259 0.14583333333333334 0.11296296296296296
0 0.036458333333333336 0.8601851851851852 0.07291666666666667 0.2796296296296296
0 0.7236979166666667 0.887962962962963 0.04739583333333333 0.22407407407407406
0 0.3541666666666667 0.9851851851851852 0.13333333333333333 0.02962962962962963
