0 0.4075520833333333 0.5 0.7286458333333333 1.0
0 0.6346354166666667 0.038425925925925926 0.1328125 0.032407407407407406
0 0.7005208333333334 0.12268518518518519 0.18229166666666666 0.18425925925925926
0 0.5190104166666667 0.10601851851851851 0.11822916666666666 0.06944444444444445
0 0.19921875 0.22453703703703703 0.10572916666666667 0.06944444444444445
0 0.53515625 0.23333333333333334 0.2046875 0.06111111111111111
0 0.8580729166666666 0.41759259259259257 0.1609375 0.4185185185185185
0 0.35104166666666664 0.749537037037037 0.134375 0.5009259259259259
0 0.63203125 0.7763888888888889 0.0453125 0.44722222222222224
0 0.9208333333333333 0.7546296296296297 0.15833333333333333 0.17037037037037037
0 0.8419270833333333 0.8236111111111111 0.31614583333333335 0.23425925925925925
0 0.5182291666666666 0.9282407407407407 0.11354166666666667 0.14351851851851852
0 0.18359375 0.9523148148148148 0.14427083333333332 0.09537037037037037
