0 0.26328125 0.014351851851851852 0.0984375 0.028703703703703703
0 0.44296875 0.08657407407407407 0.028645833333333332 0.17314814814814813
0 0.7049479166666667 0.13564814814814816 0.16510416666666666 0.2712962962962963
0 0.82265625 0.26481481481481484 0.12760416666666666 0.2462962962962963
0 0.21875 0.2037037037037037 0.13229166666666667 0.06666666666666667
0 0.35182291666666665 0.6060185185185185 0.2630208333333333 0.787962962962963
0 0.5565104166666667 0.2763888888888889 0.12864583333333332 0.04722222222222222
0 0.6888020833333334 0.4587962962962963 0.20364583333333333 0.075
0 0.8153645833333333 0.6819444444444445 0.32135416666666666 0.4842592592592593
0 0.5135416666666667 0.6226851851851852 0.1875 0.17685185185185184
0 0.31614583333333335 0.8546296296296296 0.040625 0.29074074074074074
0 0.7200520833333334 0.874537037037037 0.39427083333333335 0.25092592592592594
0 0.478125 0.9444444444444444 0.23333333333333334 0.1111111111111111
0 0.9888020833333333 0.9523148148148148 0.022395833333333334 0.09537037037037037
0 0.640625 0.9731481481481481 0.05416666666666667 0.053703703703703705
0 0.022135416666666668 0.9819444444444444 0.0421875 0.03611111111111111
