0 0.4515625 0.037037037037037035 0.025 0.07407407407407407
0 0.69921875 0.07546296296296297 0.0421875 0.15092592592592594
0 0.72734375 0.027777777777777776 0.06927083333333334 0.05555555555555555
0 0.7880208333333333 0.14537037037037037 0.10729166666666666 0.19444444444444445
0 0.2526041666666667 0.09907407407407408 0.11979166666666667 0.053703703703703705
0 0.3729166666666667 0.5523148148148148 0.23229166666666667 0.8953703703703704
0 0.5536458333333333 0.15648148148148147 0.11458333333333333 0.037037037037037035
0 0.66796875 0.2953703703703704 0.1765625 0.05555555555555555
0 0.7674479166666667 0.4546296296296296 0.2609375 0.34629629629629627
0 0.515625 0.4166666666666667 0.159375 0.12777777777777777
0 0.7018229166666666 0.7537037037037037 0.35572916666666665 0.4925925925925926
0 0.06536458333333334 0.649537037037037 0.13072916666666667 0.1398148148148148
0 0.5380208333333333 0.6657407407407407 0.2947916666666667 0.12407407407407407
0 0.9453125 0.8074074074074075 0.103125 0.3851851851851852
