0 0.4114583333333333 0.5 0.7083333333333334 1.0
0 0.6768229166666667 0.1 0.21927083333333333 0.18518518518518517
0 0.5192708333333333 0.08796296296296297 0.115625 0.06666666666666667
0 0.20677083333333332 0.2023148148148148 0.103125 0.06574074074074074
0 0.5348958333333333 0.20972222222222223 0.2 0.06018518518518518
0 0.8481770833333333 0.38333333333333336 0.15364583333333334 0.3962962962962963
0 0.2752604166666667 0.7305555555555555 0.2942708333333333 0.5388888888888889
0 0.915625 0.7106481481481481 0.16875 0.17685185185185184
0 0.8393229166666667 0.774537037037037 0.32135416666666666 0.23796296296296296
0 0.9572916666666667 0.9703703703703703 0.025 0.05925925925925926
