0 0.33307291666666666 0.09027777777777778 0.19635416666666666 0.18055555555555555
0 0.5606770833333333 0.05185185185185185 0.2890625 0.1037037037037037
0 0.7643229166666666 0.19305555555555556 0.2078125 0.3861111111111111
0 0.26901041666666664 0.13333333333333333 0.18697916666666667 0.18518518518518517
0 0.3380208333333333 0.3421296296296296 0.6072916666666667 0.35833333333333334
0 0.63671875 0.5851851851851851 0.49947916666666664 0.8296296296296296
0 0.47942708333333334 0.3712962962962963 0.1328125 0.09074074074074075
0 0.9239583333333333 0.6833333333333333 0.15208333333333332 0.5185185185185185
0 0.49583333333333335 0.8199074074074074 0.54375 0.36018518518518516
0 0.029947916666666668 0.7930555555555555 0.059895833333333336 0.08425925925925926
0 0.10026041666666667 0.925 0.049479166666666664 0.15
0 0.4432291666666667 0.9259259259259259 0.04583333333333333 0.14814814814814814
0 0.96796875 0.962037037037037 0.059895833333333336 0.07592592592592592
