0 0.6973958333333333 0.06481481481481481 0.036458333333333336 0.12962962962962962
0 0.7231770833333333 0.018518518518518517 0.06822916666666666 0.037037037037037035
0 0.7815104166666667 0.125 0.10364583333333334 0.18333333333333332
0 0.25807291666666665 0.07916666666666666 0.11614583333333334 0.05092592592592592
0 0.3567708333333333 0.5430555555555555 0.26666666666666666 0.9138888888888889
0 0.5526041666666667 0.13425925925925927 0.11145833333333334 0.03518518518518519
0 0.6640625 0.2671296296296296 0.171875 0.05462962962962963
0 0.759375 0.41574074074074074 0.25104166666666666 0.32407407407407407
0 0.5158854166666667 0.38101851851851853 0.1546875 0.11944444444444445
0 0.6955729166666667 0.7328703703703704 0.3421875 0.5342592592592592
0 0.07630208333333334 0.5986111111111111 0.1390625 0.13055555555555556
0 0.5375 0.6138888888888889 0.2833333333333333 0.11481481481481481
0 0.9333333333333333 0.7833333333333333 0.10833333333333334 0.43333333333333335
0 0.11458333333333333 0.9791666666666666 0.22916666666666666 0.041666666666666664
