0 0.3484375 0.022222222222222223 0.0875 0.044444444444444446
0 0.2453125 0.21481481481481482 0.45208333333333334 0.42962962962962964
0 0.71953125 0.03009259259259259 0.06614583333333333 0.06018518518518518
0 0.371875 0.07916666666666666 0.0875 0.058333333333333334
0 0.7971354166666667 0.1527777777777778 0.12135416666666667 0.19814814814814816
0 0.58515625 0.07592592592592592 0.22864583333333333 0.027777777777777776
0 0.6588541666666666 0.11898148148148148 0.11041666666666666 0.03981481481481482
0 0.49322916666666666 0.14444444444444443 0.08958333333333333 0.07962962962962963
0 0.2546875 0.47962962962962963 0.27395833333333336 0.6814814814814815
0 0.6020833333333333 0.3597222222222222 0.30416666666666664 0.36018518518518516
0 0.40911458333333334 0.5087962962962963 0.06302083333333333 0.4675925925925926
0 0.023958333333333335 0.33564814814814814 0.03958333333333333 0.06944444444444445
0 0.075 0.4634259259259259 0.07083333333333333 0.16574074074074074
0 0.32057291666666665 0.4842592592592593 0.14114583333333333 0.10555555555555556
0 0.0625 0.8134259259259259 0.12395833333333334 0.3731481481481482
0 0.58984375 0.8583333333333333 0.5828125 0.2833333333333333
0 0.14192708333333334 0.9560185185185185 0.08802083333333334 0.08796296296296297
0 0.054947916666666666 0.9851851851851852 0.10989583333333333 0.02962962962962963
