0 0.44453125 0.07592592592592592 0.027604166666666666 0.15185185185185185
0 0.7018229166666666 0.12222222222222222 0.1609375 0.24444444444444444
0 0.815625 0.23981481481481481 0.12291666666666666 0.23333333333333334
0 0.22552083333333334 0.18055555555555555 0.12916666666666668 0.06296296296296296
0 0.35651041666666666 0.5949074074074074 0.25677083333333334 0.8101851851851852
0 0.5557291666666667 0.25092592592592594 0.12604166666666666 0.044444444444444446
0 0.684375 0.42268518518518516 0.19791666666666666 0.06944444444444445
0 0.8041666666666667 0.6300925925925925 0.30833333333333335 0.45092592592592595
0 0.5138020833333333 0.5777777777777777 0.18072916666666666 0.16296296296296298
0 0.32005208333333335 0.8287037037037037 0.04635416666666667 0.3425925925925926
0 0.73203125 0.8476851851851852 0.4192708333333333 0.30462962962962964
0 0.5403645833333334 0.9092592592592592 0.34427083333333336 0.1685185185185185
0 0.98046875 0.9199074074074074 0.0390625 0.16018518518518518
0 0.03177083333333333 0.9337962962962963 0.06354166666666666 0.0787037037037037
