0 0.4390625 0.11666666666666667 0.2125 0.23333333333333334
0 0.6942708333333333 0.08842592592592592 0.175 0.17685185185185184
0 0.2518229166666667 0.06712962962962964 0.09010416666666667 0.049074074074074076
0 0.5692708333333333 0.07824074074074074 0.246875 0.03981481481481482
0 0.27317708333333335 0.39814814814814814 0.31302083333333336 0.5481481481481482
0 0.57578125 0.31712962962962965 0.41822916666666665 0.36574074074074076
0 0.8614583333333333 0.5064814814814815 0.27708333333333335 0.6722222222222223
0 0.14895833333333333 0.5745370370370371 0.24166666666666667 0.4046296296296296
0 0.5958333333333333 0.8240740740740741 0.5666666666666667 0.35185185185185186
0 0.9583333333333334 0.913425925925926 0.08333333333333333 0.17314814814814813
0 0.7234375 0.9486111111111111 0.06979166666666667 0.10277777777777777
