0 0.6044270833333333 0.1037037037037037 0.3703125 0.2074074074074074
0 0.7401041666666667 0.021296296296296296 0.05416666666666667 0.04259259259259259
0 0.3138020833333333 0.040740740740740744 0.2994791666666667 0.06481481481481481
0 0.22916666666666666 0.3189814814814815 0.4583333333333333 0.462037037037037
0 0.31744791666666666 0.1550925925925926 0.1015625 0.062037037037037036
0 0.3416666666666667 0.2337962962962963 0.10520833333333333 0.08055555555555556
0 0.7984375 0.2708333333333333 0.04479166666666667 0.1398148148148148
0 0.5953125 0.2300925925925926 0.2708333333333333 0.03796296296296296
0 0.6830729166666667 0.29074074074074074 0.13072916666666667 0.053703703703703705
0 0.4859375 0.32685185185185184 0.10729166666666666 0.11296296296296296
0 0.8674479166666667 0.40185185185185185 0.1296875 0.17037037037037037
0 0.18177083333333333 0.6597222222222222 0.33958333333333335 0.6805555555555556
0 0.62109375 0.6657407407407407 0.3828125 0.5740740740740741
0 0.37864583333333335 0.7606481481481482 0.05625 0.4787037037037037
0 0.25859375 0.8592592592592593 0.1796875 0.17592592592592593
0 0.13932291666666666 0.962037037037037 0.049479166666666664 0.07592592592592592
