0 0.19427083333333334 0.06388888888888888 0.08854166666666667 0.12777777777777777
0 0.32135416666666666 0.16527777777777777 0.21145833333333333 0.33055555555555555
0 0.58515625 0.09444444444444444 0.2296875 0.18888888888888888
0 0.7544270833333333 0.013425925925925926 0.06302083333333333 0.026851851851851852
0 0.44479166666666664 0.16574074074074074 0.042708333333333334 0.2537037037037037
0 0.19427083333333334 0.14629629629629629 0.058333333333333334 0.09259259259259259
0 0.37473958333333335 0.15833333333333333 0.10677083333333333 0.05925925925925926
0 0.19010416666666666 0.4023148148148148 0.33541666666666664 0.3398148148148148
0 0.4625 0.6393518518518518 0.7333333333333333 0.7212962962962963
0 0.24140625 0.8203703703703704 0.17135416666666667 0.3592592592592593
0 0.78515625 0.899537037037037 0.21197916666666666 0.20092592592592592
0 0.5770833333333333 0.9472222222222222 0.017708333333333333 0.10555555555555556
