0 0.44817708333333334 0.056018518518518516 0.025520833333333333 0.11203703703703703
0 0.7028645833333333 0.09814814814814815 0.0515625 0.1962962962962963
0 0.7359375 0.04537037037037037 0.07291666666666667 0.09074074074074075
0 0.8010416666666667 0.19212962962962962 0.11458333333333333 0.21203703703703702
0 0.2390625 0.13842592592592592 0.12395833333333334 0.05648148148148148
0 0.3651041666666667 0.5731481481481482 0.24479166666666666 0.8537037037037037
0 0.5544270833333333 0.2023148148148148 0.11927083333333334 0.03981481481481482
0 0.67578125 0.35694444444444445 0.18697916666666667 0.062037037037037036
0 0.7848958333333333 0.537962962962963 0.2833333333333333 0.39444444444444443
0 0.5145833333333333 0.49444444444444446 0.16979166666666667 0.14444444444444443
0 0.3255208333333333 0.7819444444444444 0.0625 0.4361111111111111
0 0.71640625 0.7981481481481482 0.3859375 0.40370370370370373
0 0.5393229166666667 0.7800925925925926 0.3182291666666667 0.14351851851851852
0 0.9622395833333334 0.8597222222222223 0.07552083333333333 0.28055555555555556
0 0.04973958333333333 0.8050925925925926 0.09947916666666666 0.075
