0 0.40130208333333334 0.5 0.8026041666666667 1.0
0 0.7489583333333333 0.040740740740740744 0.08541666666666667 0.08148148148148149
0 0.5502604166666667 0.01898148148148148 0.09739583333333333 0.028703703703703703
0 0.6453125 0.11712962962962963 0.146875 0.03981481481481482
0 0.71953125 0.22083333333333333 0.20364583333333333 0.22870370370370371
0 0.51796875 0.19907407407407407 0.13072916666666667 0.08518518518518518
0 0.15833333333333333 0.34814814814814815 0.11666666666666667 0.08703703703703704
0 0.5359375 0.3578703703703704 0.23020833333333332 0.07685185185185185
0 0.90546875 0.6050925925925926 0.1890625 0.5564814814814815
0 0.31875 0.8532407407407407 0.15520833333333334 0.2935185185185185
0 0.6658854166666667 0.8902777777777777 0.022395833333333334 0.21944444444444444
0 0.9286458333333333 0.9722222222222222 0.05416666666666667 0.05555555555555555
