0 0.3338541666666667 0.01990740740740741 0.21354166666666666 0.03981481481481482
0 0.5346354166666667 0.016203703703703703 0.13072916666666667 0.032407407407407406
0 0.59921875 0.22546296296296298 0.5057291666666667 0.45092592592592595
0 0.20234375 0.13240740740740742 0.1078125 0.044444444444444446
0 0.2708333333333333 0.20092592592592592 0.3572916666666667 0.09074074074074075
0 0.21744791666666666 0.5370370370370371 0.4348958333333333 0.5370370370370371
0 0.26848958333333334 0.3699074074074074 0.12239583333333333 0.09351851851851851
0 0.29192708333333334 0.4935185185185185 0.13802083333333334 0.12777777777777777
0 0.9216145833333333 0.6819444444444445 0.15677083333333333 0.48055555555555557
0 0.6127604166666667 0.48657407407407405 0.3411458333333333 0.06018518518518518
0 0.7247395833333333 0.5833333333333334 0.1671875 0.08518518518518518
0 0.47369791666666666 0.6453703703703704 0.13697916666666668 0.18703703703703703
0 0.03984375 0.8157407407407408 0.0796875 0.3685185185185185
0 0.6625 0.8666666666666667 0.021875 0.26666666666666666
