0 0.2796875 0.09490740740740741 0.11875 0.18981481481481483
0 0.7625 0.04351851851851852 0.03125 0.08703703703703704
0 0.42578125 0.2388888888888889 0.5151041666666667 0.46296296296296297
0 0.5846354166666666 0.09861111111111111 0.3807291666666667 0.08425925925925926
0 0.69921875 0.3425925925925926 0.3234375 0.05555555555555555
0 0.3841145833333333 0.6925925925925925 0.5119791666666667 0.6148148148148148
0 0.69765625 0.6986111111111111 0.5078125 0.13425925925925927
0 0.8979166666666667 0.7032407407407407 0.09270833333333334 0.062037037037037036
0 0.07421875 0.8430555555555556 0.1484375 0.3138888888888889
0 0.278125 0.9467592592592593 0.027083333333333334 0.10648148148148148
