0 0.46953125 0.0837962962962963 0.3703125 0.1675925925925926
0 0.6677083333333333 0.08518518518518518 0.26145833333333335 0.037037037037037035
0 0.4119791666666667 0.30092592592592593 0.40729166666666666 0.37777777777777777
0 0.12265625 0.6129629629629629 0.2453125 0.774074074074074
0 0.6567708333333333 0.3074074074074074 0.384375 0.07962962962962963
0 0.81640625 0.31157407407407406 0.07239583333333334 0.03981481481481482
0 0.40989583333333335 0.6310185185185185 0.590625 0.4212962962962963
0 0.7395833333333334 0.6518518518518519 0.39895833333333336 0.1
0 0.89375 0.6578703703703703 0.08229166666666667 0.05277777777777778
0 0.8307291666666666 0.8773148148148148 0.23645833333333333 0.24537037037037038
0 0.51015625 0.9305555555555556 0.10052083333333334 0.1388888888888889
