0 0.47890625 0.18333333333333332 0.5713541666666667 0.36666666666666664
0 0.32109375 0.06805555555555555 0.09114583333333333 0.09907407407407408
0 0.1546875 0.3800925925925926 0.309375 0.6564814814814814
0 0.6005208333333333 0.48148148148148145 0.515625 0.11851851851851852
0 0.05625 0.6259259259259259 0.1125 0.24259259259259258
0 0.33932291666666664 0.788425925925926 0.04635416666666667 0.42314814814814816
0 0.6934895833333333 0.6282407407407408 0.37552083333333336 0.10092592592592593
0 0.22369791666666666 0.9194444444444444 0.07447916666666667 0.16111111111111112
0 0.6572916666666667 0.9282407407407407 0.5270833333333333 0.14351851851851852
0 0.054947916666666666 0.9861111111111112 0.10989583333333333 0.027777777777777776
