0 0.5145833333333333 0.014351851851851852 0.20416666666666666 0.028703703703703703
0 0.32317708333333334 0.02962962962962963 0.1609375 0.03888888888888889
0 0.5684895833333333 0.08657407407407407 0.12239583333333333 0.08796296296296297
0 0.34348958333333335 0.11898148148148148 0.1265625 0.08055555555555556
0 0.20234375 0.12546296296296297 0.09427083333333333 0.03981481481481482
0 0.16171875 0.16064814814814815 0.20989583333333334 0.05648148148148148
0 0.2908854166666667 0.23287037037037037 0.4015625 0.11203703703703703
0 0.6427083333333333 0.26342592592592595 0.321875 0.05277777777777778
0 0.49583333333333335 0.6430555555555556 0.8270833333333333 0.7138888888888889
0 0.5205729166666667 0.8601851851851852 0.18072916666666666 0.2796296296296296
0 0.8026041666666667 0.7972222222222223 0.22708333333333333 0.1425925925925926
