0 0.5671875 0.03935185185185185 0.11770833333333333 0.0787037037037037
0 0.35260416666666666 0.06620370370370371 0.11979166666666667 0.07314814814814814
0 0.21848958333333332 0.07175925925925926 0.08802083333333334 0.03611111111111111
0 0.17942708333333332 0.10462962962962963 0.19947916666666668 0.05185185185185185
0 0.303125 0.16944444444444445 0.38125 0.1
0 0.6372395833333333 0.19675925925925927 0.3046875 0.049074074074074076
0 0.4979166666666667 0.5305555555555556 0.771875 0.6277777777777778
0 0.5216145833333333 0.7231481481481481 0.1671875 0.24814814814814815
0 0.78359375 0.6657407407407407 0.2109375 0.12407407407407407
0 0.022395833333333334 0.7527777777777778 0.04479166666666667 0.16666666666666666
