0 0.25729166666666664 0.02546296296296296 0.10208333333333333 0.05092592592592592
0 0.4942708333333333 0.03657407407407407 0.21145833333333333 0.07314814814814814
0 0.6380208333333334 0.011111111111111112 0.22395833333333334 0.022222222222222223
0 0.6471354166666666 0.05138888888888889 0.0984375 0.05092592592592592
0 0.4588541666666667 0.22824074074074074 0.75625 0.4009259259259259
0 0.2708333333333333 0.32916666666666666 0.18333333333333332 0.11203703703703703
0 0.6796875 0.39444444444444443 0.234375 0.09259259259259259
0 0.4666666666666667 0.5055555555555555 0.3770833333333333 0.07592592592592592
0 0.6065104166666667 0.7699074074074074 0.4817708333333333 0.39537037037037037
0 0.91796875 0.8148148148148148 0.08802083333333334 0.37037037037037035
0 0.09895833333333333 0.9259259259259259 0.034375 0.14814814814814814
