0 0.57265625 0.025925925925925925 0.1015625 0.05185185185185185
0 0.35703125 0.041666666666666664 0.1171875 0.07037037037037037
0 0.23151041666666666 0.04722222222222222 0.07447916666666667 0.03518518518518519
0 0.18828125 0.07777777777777778 0.1953125 0.05
0 0.30859375 0.14027777777777778 0.3723958333333333 0.09537037037037037
0 0.634375 0.16574074074074074 0.29791666666666666 0.046296296296296294
0 0.4986979166666667 0.47962962962962963 0.7473958333333334 0.587037037037037
0 0.521875 0.6606481481481481 0.16145833333333334 0.23055555555555557
0 0.7755208333333333 0.6074074074074074 0.20416666666666666 0.11481481481481481
0 0.03125 0.7486111111111111 0.0625 0.27685185185185185
