0 0.365625 0.025925925925925925 0.10520833333333333 0.05185185185185185
0 0.5809895833333333 0.014351851851851852 0.08177083333333333 0.028703703703703703
0 0.23958333333333334 0.024074074074074074 0.06979166666666667 0.03333333333333333
0 0.19583333333333333 0.05277777777777778 0.190625 0.046296296296296294
0 0.31354166666666666 0.1125 0.3645833333333333 0.09166666666666666
0 0.63203125 0.13657407407407407 0.2890625 0.04351851851851852
0 0.49947916666666664 0.43194444444444446 0.7239583333333334 0.5509259259259259
0 0.5223958333333333 0.6018518518518519 0.15729166666666666 0.21481481481481482
0 0.7671875 0.5537037037037037 0.196875 0.10740740740740741
0 0.03958333333333333 0.7527777777777778 0.07916666666666666 0.39444444444444443
0 0.29921875 0.9550925925925926 0.40677083333333336 0.08981481481481482
0 0.53984375 0.9555555555555556 0.13802083333333334 0.08888888888888889
