0 0.3333333333333333 0.02962962962962963 0.1375 0.05925925925925926
0 0.4236979166666667 0.04259259259259259 0.018229166666666668 0.08518518518518518
0 0.6783854166666666 0.03194444444444444 0.18177083333333333 0.06388888888888888
0 0.6466145833333333 0.06388888888888888 0.1796875 0.053703703703703705
0 0.48385416666666664 0.12777777777777777 0.2833333333333333 0.04259259259259259
0 0.5856770833333333 0.2671296296296296 0.3515625 0.20462962962962963
0 0.8432291666666667 0.4564814814814815 0.11666666666666667 0.5222222222222223
0 0.18776041666666668 0.6393518518518518 0.3494791666666667 0.6546296296296297
0 0.30130208333333336 0.7592592592592593 0.06822916666666666 0.48148148148148145
0 0.6138020833333333 0.7347222222222223 0.6057291666666667 0.2064814814814815
