0 0.42578125 0.09259259259259259 0.3619791666666667 0.18518518518518517
0 0.22473958333333333 0.12037037037037036 0.12135416666666667 0.08148148148148149
0 0.6302083333333334 0.10555555555555556 0.28229166666666666 0.040740740740740744
0 0.6583333333333333 0.16157407407407406 0.10833333333333334 0.062037037037037036
0 0.44296875 0.3851851851851852 0.8661458333333333 0.5055555555555555
0 0.2359375 0.5092592592592593 0.20520833333333333 0.14444444444444443
0 0.6994791666666667 0.5935185185185186 0.26875 0.11851851851851852
0 0.45651041666666664 0.7412037037037037 0.4348958333333333 0.09907407407407408
0 0.39765625 0.9148148148148149 0.11927083333333334 0.17037037037037037
0 0.9489583333333333 0.9527777777777777 0.036458333333333336 0.09444444444444444
