0 0.47994791666666664 0.03009259259259259 0.2765625 0.04537037037037037
0 0.315625 0.05138888888888889 0.17083333333333334 0.04537037037037037
0 0.5692708333333333 0.11388888888888889 0.12604166666666666 0.09259259259259259
0 0.33932291666666664 0.1476851851851852 0.12864583333333332 0.08611111111111111
0 0.19583333333333333 0.15416666666666667 0.09375 0.041666666666666664
0 0.15182291666666667 0.1912037037037037 0.21510416666666668 0.058333333333333334
0 0.28411458333333334 0.2671296296296296 0.4119791666666667 0.1175925925925926
0 0.6455729166666667 0.29953703703703705 0.33177083333333335 0.05648148148148148
0 0.4947916666666667 0.6625 0.8583333333333333 0.675
0 0.47161458333333334 0.8930555555555556 0.09114583333333333 0.21388888888888888
0 0.81328125 0.8717592592592592 0.23697916666666666 0.15462962962962962
