0 0.428125 0.07777777777777778 0.3541666666666667 0.15555555555555556
0 0.23203125 0.09398148148148149 0.11822916666666666 0.0787037037037037
0 0.6278645833333333 0.0787037037037037 0.2755208333333333 0.03888888888888889
0 0.65546875 0.13240740740740742 0.10572916666666667 0.05925925925925926
0 0.44557291666666665 0.34305555555555556 0.8390625 0.47685185185185186
0 0.2453125 0.4601851851851852 0.19895833333333332 0.13518518518518519
0 0.6942708333333333 0.5398148148148149 0.259375 0.11296296296296296
0 0.4591145833333333 0.6763888888888889 0.4203125 0.09166666666666666
0 0.440625 0.8791666666666667 0.18958333333333333 0.24166666666666667
0 0.9388020833333334 0.9148148148148149 0.04635416666666667 0.17037037037037037
0 0.83984375 0.9810185185185185 0.09947916666666666 0.03796296296296296
