0 0.3421875 0.017592592592592594 0.12604166666666666 0.03518518518518519
0 0.6934895833333333 0.01990740740740741 0.14010416666666667 0.03981481481481482
0 0.64375 0.04027777777777778 0.175 0.05277777777777778
0 0.48541666666666666 0.10092592592592593 0.27708333333333335 0.040740740740740744
0 0.5846354166666666 0.23333333333333334 0.3421875 0.19444444444444445
0 0.8338541666666667 0.41064814814814815 0.11041666666666666 0.49166666666666664
0 0.1984375 0.5805555555555556 0.33958333333333335 0.6111111111111112
0 0.30546875 0.7351851851851852 0.0734375 0.5296296296296297
0 0.6106770833333334 0.6717592592592593 0.5828125 0.1935185185185185
0 0.05546875 0.9305555555555556 0.1109375 0.1388888888888889
