0 0.4265625 0.1398148148148148 0.35625 0.2796296296296296
0 0.5020833333333333 0.01712962962962963 0.175 0.03425925925925926
0 0.23307291666666666 0.43333333333333335 0.4661458333333333 0.6851851851851852
0 0.6244791666666667 0.14074074074074075 0.3020833333333333 0.05740740740740741
0 0.7786458333333334 0.1439814814814815 0.057291666666666664 0.028703703703703703
0 0.42890625 0.37916666666666665 0.4973958333333333 0.30277777777777776
0 0.7080729166666667 0.3972222222222222 0.3359375 0.07222222222222222
0 0.8388020833333333 0.40185185185185185 0.06927083333333334 0.03888888888888889
0 0.7802083333333333 0.5587962962962963 0.19270833333333334 0.1787037037037037
0 0.5700520833333333 0.6282407407407408 0.19427083333333334 0.1675925925925926
0 0.4356770833333333 0.899537037037037 0.5046875 0.14907407407407408
0 0.24296875 0.9560185185185185 0.08385416666666666 0.08796296296296297
0 0.06953125 0.9587962962962963 0.1390625 0.0824074074074074
