0 0.11302083333333333 0.07916666666666666 0.057291666666666664 0.15833333333333333
0 0.43046875 0.04398148148148148 0.022395833333333334 0.08796296296296297
0 0.52734375 0.044444444444444446 0.1015625 0.08888888888888889
0 0.6901041666666666 0.022685185185185187 0.13020833333333334 0.04537037037037037
0 0.45416666666666666 0.3912037037037037 0.7166666666666667 0.7361111111111112
0 0.2752604166666667 0.2962962962962963 0.10885416666666667 0.1425925925925926
0 0.03125 0.3976851851851852 0.0625 0.25277777777777777
0 0.05520833333333333 0.8226851851851852 0.11041666666666666 0.35462962962962963
0 0.546875 0.9273148148148148 0.5270833333333333 0.14537037037037037
0 0.8263020833333333 0.9523148148148148 0.1640625 0.09537037037037037
