0 0.32864583333333336 0.03796296296296296 0.340625 0.07592592592592592
0 0.6234375 0.05740740740740741 0.265625 0.037037037037037035
0 0.5020833333333333 0.3060185185185185 0.6625 0.462037037037037
0 0.029166666666666667 0.26944444444444443 0.058333333333333334 0.18333333333333332
0 0.5234375 0.45046296296296295 0.14166666666666666 0.17685185185185184
0 0.746875 0.4101851851851852 0.17916666666666667 0.08888888888888889
0 0.06041666666666667 0.6310185185185185 0.12083333333333333 0.4361111111111111
0 0.3828125 0.8481481481481481 0.47604166666666664 0.3037037037037037
0 0.08177083333333333 0.913425925925926 0.05 0.17314814814814813
0 0.8330729166666667 0.9523148148148148 0.2515625 0.09537037037037037
