0 0.48723958333333334 0.06898148148148148 0.3296875 0.13796296296296295
0 0.66484375 0.059722222222222225 0.2546875 0.03425925925925926
0 0.41458333333333336 0.2638888888888889 0.3958333333333333 0.3574074074074074
0 0.12708333333333333 0.6032407407407407 0.25416666666666665 0.7935185185185185
0 0.6552083333333333 0.2712962962962963 0.3770833333333333 0.07592592592592592
0 0.8078125 0.27314814814814814 0.06875 0.03888888888888889
0 0.4140625 0.5736111111111111 0.5697916666666667 0.39166666666666666
0 0.7299479166666667 0.5944444444444444 0.37864583333333335 0.09259259259259259
0 0.8809895833333333 0.5995370370370371 0.07864583333333333 0.049074074074074076
0 0.8190104166666666 0.8083333333333333 0.22552083333333334 0.2388888888888889
0 0.5765625 0.8939814814814815 0.22604166666666667 0.21203703703703702
0 0.42630208333333336 0.9800925925925926 0.05572916666666667 0.03981481481481482
