0 0.45677083333333335 0.08981481481481482 0.2864583333333333 0.17962962962962964
0 0.23671875 0.2986111111111111 0.4734375 0.5805555555555556
0 0.6138020833333333 0.059722222222222225 0.27239583333333334 0.05092592592592592
0 0.43802083333333336 0.2625 0.45416666666666666 0.25462962962962965
0 0.6934895833333333 0.27824074074074073 0.3067708333333333 0.062037037037037036
0 0.8135416666666667 0.2824074074074074 0.0625 0.03333333333333333
0 0.7580729166666667 0.4125 0.17239583333333333 0.14907407407407408
0 0.5666666666666667 0.46944444444444444 0.175 0.13703703703703704
0 0.44583333333333336 0.6875 0.45 0.1175925925925926
0 0.15755208333333334 0.7435185185185185 0.3109375 0.12222222222222222
0 0.5484375 0.8949074074074074 0.125 0.2101851851851852
0 0.11927083333333334 0.9481481481481482 0.0625 0.1037037037037037
