0 0.4934895833333333 0.049074074074074076 0.21614583333333334 0.09814814814814815
0 0.53046875 0.009722222222222222 0.14322916666666666 0.019444444444444445
0 0.24609375 0.0412037037037037 0.11302083333333333 0.0712962962962963
0 0.6236979166666666 0.028703703703703703 0.2630208333333333 0.037037037037037035
0 0.6494791666666667 0.07731481481481481 0.10104166666666667 0.05277777777777778
0 0.45416666666666666 0.26481481481481484 0.7822916666666667 0.42407407407407405
0 0.2625 0.3699074074074074 0.18854166666666666 0.11944444444444445
0 0.6841145833333333 0.44027777777777777 0.2421875 0.09722222222222222
0 0.46484375 0.5597222222222222 0.39114583333333336 0.08055555555555556
0 0.6098958333333333 0.8148148148148148 0.5010416666666667 0.37037037037037035
0 0.9247395833333333 0.8449074074074074 0.07552083333333333 0.3101851851851852
