0 0.4473958333333333 0.10555555555555556 0.309375 0.2111111111111111
0 0.23567708333333334 0.34074074074074073 0.4713541666666667 0.6129629629629629
0 0.6171875 0.08564814814814815 0.28125 0.05277777777777778
0 0.76953125 0.08981481481481482 0.058854166666666666 0.02962962962962963
0 0.4348958333333333 0.29953703703703705 0.46875 0.2712962962962963
0 0.6979166666666666 0.3162037037037037 0.315625 0.06388888888888888
0 0.82109375 0.3194444444444444 0.06510416666666667 0.03333333333333333
0 0.7645833333333333 0.45787037037037037 0.17916666666666667 0.15648148148148147
0 0.56796875 0.5189814814814815 0.18072916666666666 0.14537037037037037
0 0.44244791666666666 0.7523148148148148 0.4671875 0.12685185185185185
0 0.15208333333333332 0.8138888888888889 0.30416666666666664 0.13333333333333333
0 0.5169270833333334 0.9319444444444445 0.06614583333333333 0.1361111111111111
