0 0.42161458333333335 0.05555555555555555 0.018229166666666668 0.1111111111111111
0 0.6565104166666667 0.044444444444444446 0.2359375 0.08888888888888889
0 0.32578125 0.04861111111111111 0.14739583333333334 0.0712962962962963
0 0.6486979166666667 0.08935185185185185 0.18385416666666668 0.058333333333333334
0 0.4825520833333333 0.15601851851851853 0.29010416666666666 0.04537037037037037
0 0.5872395833333334 0.3037037037037037 0.3609375 0.21851851851851853
0 0.853125 0.5055555555555555 0.12291666666666666 0.5592592592592592
0 0.17838541666666666 0.675 0.3567708333333333 0.65
0 0.29739583333333336 0.7851851851851852 0.0625 0.42962962962962964
0 0.61640625 0.8027777777777778 0.6296875 0.2222222222222222
