0 0.37942708333333336 0.014351851851851852 0.0828125 0.028703703703703703
0 0.20338541666666668 0.029166666666666667 0.1859375 0.04351851851851852
0 0.3190104166666667 0.08564814814814815 0.3567708333333333 0.08611111111111111
0 0.6296875 0.10925925925925926 0.28229166666666666 0.040740740740740744
0 0.5005208333333333 0.38657407407407407 0.7020833333333333 0.5194444444444445
0 0.016145833333333335 0.2967592592592593 0.03229166666666667 0.11018518518518519
0 0.5229166666666667 0.5476851851851852 0.15104166666666666 0.20092592592592592
0 0.759375 0.5023148148148148 0.19166666666666668 0.10092592592592593
0 0.046875 0.7032407407407407 0.09375 0.3972222222222222
0 0.36692708333333335 0.9166666666666666 0.5067708333333333 0.16666666666666666
