0 0.45 0.09953703703703703 0.415625 0.19907407407407407
0 0.6708333333333333 0.11157407407407408 0.2677083333333333 0.03796296296296296
0 0.40859375 0.3402777777777778 0.4171875 0.3990740740740741
0 0.11796875 0.6337962962962963 0.2359375 0.7324074074074074
0 0.6606770833333333 0.34675925925925927 0.3963541666666667 0.08425925925925926
0 0.8221354166666667 0.3486111111111111 0.06927083333333334 0.03796296296296296
0 0.40546875 0.6925925925925925 0.6140625 0.45185185185185184
0 0.74765625 0.7143518518518519 0.41302083333333334 0.10833333333333334
0 0.9059895833333333 0.7194444444444444 0.08385416666666666 0.05555555555555555
0 0.7825520833333334 0.9111111111111111 0.12552083333333333 0.17777777777777778
0 0.48489583333333336 0.9703703703703703 0.05520833333333333 0.05925925925925926
